127	4	0.045727	3.532296	5.824493	5.047772	4.165804	3.824116	-4.666124	-0.059840	6.434011	3.824116	6.546708	5.047772	-2.664127	0.215152	-9.991640	-0.059952
145	4	6.918661	4.292947	5.519690	3.520453	-5.220293	-0.318737	-8.166304	-2.285615	2.802365	3.967696	-5.555774	-2.285608	6.910882	4.292947	0.241800	3.505061
236	4	6.080660	4.904575	6.648552	4.182813	-0.893252	0.995743	3.229084	4.113671	4.410487	4.890909	-1.231894	1.455913	-8.761201	0.992852	-4.642234	1.404429
258	4	-1.948207	3.618653	-7.931042	0.436151	4.613288	5.334267	-6.304635	0.437659	6.876690	5.335543	5.034185	4.624594	0.438920	4.995402	4.992677	4.624402
267	4	3.980786	2.738477	-5.637937	1.474613	-4.486979	1.194826	-6.565150	1.474613	-4.472032	1.194826	4.056535	4.366122	3.994229	2.738479	4.997238	4.366253
324	4	5.815893	4.122378	7.154973	4.460266	0.721141	3.147062	6.649794	4.460264	-3.706811	0.280483	4.680595	4.459630	-4.759295	0.279511	-1.030706	0.734746
384	4	4.344400	1.598265	7.582044	5.755159	-2.552060	-4.754344	-5.265174	1.191509	0.191762	-4.739213	4.454892	5.754972	4.073660	1.597524	-2.139959	1.191510
385	4	2.770525	3.542471	-3.085615	-3.746003	-2.880598	1.668571	2.932837	1.796450	-3.726847	1.668531	-3.680189	-3.750065	3.740808	3.584527	3.635490	1.796466
414	4	5.970004	2.891095	-1.477182	0.762331	-0.153035	2.510341	-1.477634	0.761951	6.041372	2.891582	4.374238	3.961919	-0.067806	2.524344	4.373811	3.961918
432	4	5.118135	4.222459	-1.152198	0.569353	0.082452	2.469295	5.461135	4.463844	5.854731	4.222781	6.059469	4.466821	-1.605305	1.494948	-2.130381	0.141286
443	4	-5.522037	2.168174	-2.880043	1.886430	3.132554	3.658875	5.875788	3.555679	-4.550954	2.168185	3.196638	3.555675	2.920182	3.643016	0.088464	3.399087
448	4	3.441657	4.190167	-5.103907	-0.332290	-9.370719	0.762012	-5.106787	-0.332290	7.483765	4.220785	4.643201	4.265468	-4.955286	1.707625	4.643092	4.265467
463	4	6.983392	4.958891	-3.964195	1.016061	0.107694	3.624316	-5.063885	0.976112	0.114461	3.626420	6.096846	3.945993	6.987673	4.959013	7.135856	3.946231
481	4	6.121887	4.882048	7.092715	5.187393	5.983940	4.882044	0.198579	3.563649	-2.966818	0.879678	-1.326594	3.462147	-2.740820	0.879679	5.830437	5.186964
493	4	-5.765792	-0.704915	-2.585710	4.065935	7.263541	4.285254	5.815329	4.527031	-4.864362	-0.704885	3.446423	4.509009	6.538313	4.285147	-0.143260	4.138547
663	4	-1.161122	3.556396	4.399390	3.354094	-1.300198	3.556373	-4.173332	-1.325016	5.593619	4.533377	-2.973378	-1.324985	5.733207	4.533429	5.604495	3.355657
735	4	-7.683668	-0.176227	-12.075790	1.360995	6.572980	4.166015	-1.223826	4.346363	6.693318	4.166015	4.371920	4.994776	3.475622	4.160889	-6.422623	1.385384
742	4	3.899455	4.170859	-6.133993	1.289016	-3.063114	-0.150955	-6.510451	1.289016	5.607394	4.183183	4.833650	3.802650	-1.309840	-0.069707	4.467654	3.802601
826	4	-6.790062	-0.509740	-4.267818	3.190918	-6.790062	-0.509740	3.258155	6.116142	4.427820	4.565290	5.903530	6.259649	4.427820	4.565290	-1.630388	3.190942
843	4	-2.177725	2.936271	-2.167305	0.912477	-0.954308	3.552983	4.585994	4.219046	4.705088	5.162252	-1.060478	0.945583	5.676749	5.209504	5.324640	4.219054
964	4	-2.235422	3.790398	5.489852	3.703807	2.097279	4.477006	-3.425815	2.319547	4.139183	4.477168	5.803049	3.705197	-4.324744	3.789390	-3.742116	2.318650
1016	4	6.440223	4.689796	5.943803	1.902458	5.703190	4.689328	-1.552753	0.845090	-4.531888	1.304658	3.392594	1.878841	-5.348463	1.304639	-4.127907	0.709720
1062	4	-5.045288	0.641654	3.057527	4.478486	-5.745177	0.641654	-5.220105	1.533841	6.750830	4.509176	-3.411563	1.534138	7.450115	4.509178	4.858014	4.479344
1098	4	-0.255653	4.747673	-1.570315	4.146548	-0.255549	4.747681	4.058804	4.229281	5.464058	4.774232	4.064547	4.229339	-6.300080	1.622317	-2.949581	4.146537
1121	4	-8.553040	1.364888	-8.320563	1.172472	-6.732172	1.417690	4.077559	3.736064	-2.603713	3.753344	4.831596	3.736064	3.548829	4.017837	4.873198	3.736064
1131	4	3.963194	3.818901	-5.114998	0.008919	6.726995	3.861954	6.362893	4.209369	-1.284233	1.448550	6.261239	4.205961	-3.988212	1.438511	-5.222382	-0.016948
1159	4	-2.271687	0.067042	-2.107529	4.600059	5.814511	3.079366	-1.719830	4.645443	5.855012	3.079367	4.778415	4.908214	-2.219158	0.067042	4.415697	4.906668
1214	4	-6.104263	0.214628	-1.369184	3.172197	4.275192	3.492543	6.146879	5.584116	-5.360973	0.214628	5.202646	5.584105	3.477347	3.465592	-0.427294	3.172304
1292	4	2.380860	3.910370	-3.737008	2.266078	7.187712	4.214640	6.591777	4.017699	-9.326115	-0.862848	-4.041789	2.266077	-4.579193	-0.862774	6.274232	4.017696
1307	4	-0.981523	4.680526	6.127329	4.395123	4.316094	4.951696	6.196992	4.395162	4.315683	4.951696	0.223351	4.349815	-0.981954	4.680409	0.151156	4.347617
1325	4	6.151873	6.392327	4.975207	5.048136	5.374684	6.391995	-1.440598	3.923214	-4.515667	1.979523	-1.859133	3.908874	-3.704837	1.980520	4.563596	5.040606
1407	4	6.094831	4.717778	7.667644	4.494868	-7.881528	-0.359677	-3.989723	2.767281	-4.875698	-0.359677	5.978347	4.494866	-4.984964	-0.359677	0.491972	4.349880
1409	4	-3.823881	3.052773	-3.527500	0.014319	2.296629	4.502342	2.222264	0.717592	-3.310224	3.334120	2.171770	0.663456	1.671574	4.469168	-3.431644	0.014319
1441	4	5.768461	4.563884	-7.079174	-0.054185	-5.540090	1.887736	-8.307531	-0.056932	-3.339203	1.887768	4.457796	4.417454	7.869483	4.563884	5.678289	4.418783
1443	4	-4.457796	1.559598	3.322091	4.653477	6.082521	4.630687	-2.541321	1.837376	-4.932661	1.559598	-6.282915	1.837376	6.558720	4.630687	7.083298	4.673955
1464	4	3.531038	3.494180	-4.048370	1.641957	-6.311239	1.421063	-4.695512	1.641957	5.518839	3.502978	4.247788	4.650327	-4.374762	1.429785	3.618902	4.650197
1481	4	5.089204	4.018963	5.798169	3.966283	-2.390035	2.454804	5.722399	3.966283	-3.810949	2.453914	-3.340483	1.012965	3.717812	4.017879	-3.232432	1.033477
1514	4	4.669104	3.957930	6.876151	4.619598	-4.732003	-0.220849	6.114422	4.618995	-5.813113	-0.297711	-2.694631	1.369415	4.486096	3.957579	-1.587231	1.975184
1585	4	0.218058	3.346728	3.399517	3.934947	-4.820264	3.294727	-5.132069	-0.097719	-1.998024	3.294843	-1.532648	1.815034	6.654242	5.824622	5.561456	4.086457
1599	4	-6.214500	0.722895	-7.994395	1.863842	6.027602	4.226744	5.468080	4.212624	-3.285416	1.523124	4.768794	4.212617	3.140014	4.018312	-6.895785	1.863866
1606	4	6.596151	6.017216	5.969265	5.309436	-2.508816	3.324642	5.870906	5.308653	5.369923	6.017169	-2.833471	1.082077	-3.737935	3.324288	-2.935959	1.076440
1623	4	4.533022	4.649052	7.120165	2.828886	-7.860431	2.859228	-4.435253	1.359107	-6.147164	2.859228	4.947032	2.828877	2.225499	4.645920	-2.197106	1.359811
1681	4	-4.642515	3.354123	-7.914759	1.166382	-2.018977	5.336671	-2.454294	3.294474	-1.224294	5.351992	3.353426	4.871567	3.973981	5.352585	3.353521	4.871567
1695	4	-5.290669	-0.554486	5.203304	4.190725	6.475173	4.269979	6.039458	4.190725	3.616921	4.179502	-5.640538	-0.359767	-8.077776	-0.558036	-6.474291	-0.359767
1716	4	-1.365918	4.348130	4.987876	3.468485	2.617879	4.637063	-4.535081	1.321029	4.980687	4.660040	5.138482	3.468691	-4.442803	3.686934	-5.349420	1.321002
1756	4	2.223824	4.336885	-3.832987	0.418999	-4.763995	0.193348	3.936382	4.478488	6.646615	4.337373	6.500881	4.478529	-9.188556	0.193345	-6.391235	0.418997
1791	4	3.922793	2.575396	5.739789	4.920517	-3.102105	-0.423362	-2.637069	4.343372	-2.904896	-0.423330	4.076400	4.906537	3.717179	2.572246	-0.939413	4.344282
1844	4	-6.116415	1.981513	4.052847	4.250504	-6.140231	1.981513	-7.113090	0.224855	4.788545	4.949446	7.609046	4.250764	4.764597	4.949243	-3.599237	0.224907
1853	4	-4.551095	2.851193	-2.606318	-0.346451	4.551209	4.903294	4.898902	1.623544	3.425242	4.902979	-1.967088	-0.220530	-3.344493	2.851540	4.299287	1.623541
1862	4	4.371928	3.981587	6.396121	3.997267	-7.890378	0.060864	-6.389111	1.816834	3.470657	3.975522	-3.785049	1.821385	-6.986864	0.062835	3.511365	3.996276
1865	4	4.171560	3.361420	6.960450	5.681580	-6.847012	1.030996	2.471063	5.585271	-8.940521	1.030996	-6.167070	1.387315	-0.392055	1.109971	2.666642	5.637512
1905	4	6.293815	4.908568	4.823844	3.730477	0.917625	4.400010	-7.704091	-0.437875	-7.581201	3.259846	-8.336990	-0.440016	-2.239664	3.267680	4.072976	3.729741
1918	4	-12.914210	0.185309	-5.638120	1.391109	-8.294116	0.351459	3.682906	4.138933	-1.753385	3.302918	5.782116	4.138953	4.518260	4.124544	6.194885	4.138953
1977	4	-8.961178	0.269169	4.122131	4.378950	-9.699598	0.252749	-7.052811	0.311932	3.065831	4.609616	6.429364	4.388419	2.315247	4.395074	-4.793118	0.324641
1982	4	-1.752377	0.307376	-6.379839	-1.026271	-1.402267	0.374607	3.911638	3.999711	4.572420	2.774292	5.760870	3.999711	4.240414	2.774045	-4.494645	-1.026269
2009	4	-1.696771	3.082102	5.007836	3.927672	2.337799	3.443593	5.008436	3.927673	-1.746269	3.081312	0.883093	3.498788	2.282019	3.443592	0.884150	3.498855
2051	4	-4.386205	2.235286	5.598623	4.709238	6.900590	4.161471	5.915364	4.709612	6.896741	4.161471	-3.121463	1.972786	-4.391796	2.235286	-3.444620	1.972647
2053	4	5.843972	6.411239	7.029992	3.944971	-4.943064	2.748022	6.592176	3.944971	5.291664	6.399424	-0.707174	-0.003647	-5.500702	2.745521	-1.151890	-0.003708
2055	4	-2.992797	1.940148	6.782505	3.345331	4.792413	3.960616	7.424676	3.345331	-5.229997	0.634210	-1.989812	-0.142458	-1.044614	2.988936	7.383370	3.345331
2063	4	-3.386276	-1.749959	0.366166	3.519219	-5.957442	-1.768131	-9.190795	1.594248	3.079672	3.048344	-7.257614	1.625520	6.582835	3.252074	3.796620	4.110659
2071	4	6.950249	6.481548	5.671258	5.579227	4.361606	6.476996	-1.771011	1.759732	-4.362507	2.191235	-3.742474	1.759731	-1.761927	2.192051	3.739513	5.573150
2079	4	4.511435	4.235650	4.525039	2.445606	-4.681160	1.215805	-6.091808	-0.169539	-4.071715	1.215808	3.289326	2.419706	3.679104	4.228443	-4.550124	-0.169502
2099	4	4.493436	4.597842	-4.573472	2.054076	-2.734928	2.534706	-4.880437	2.047146	5.354889	4.597845	4.159687	4.918250	-1.531038	2.658150	3.918581	4.918235
2100	4	5.572965	4.227128	7.166044	3.968343	3.406555	4.227128	-3.997467	0.408273	-1.386752	4.087642	-4.043518	0.408273	-6.489756	-0.696685	-9.249065	0.408273
2147	4	5.845027	2.473032	-5.627377	1.955137	-5.299046	-2.980143	2.923194	4.801293	6.326794	2.473032	3.280508	4.893156	-5.775253	-2.980151	-5.943423	1.955137
2160	4	-2.073147	2.891523	5.653517	3.433381	3.698455	5.795797	0.013586	0.181955	5.747177	5.797475	5.803808	3.433401	-4.131207	2.888494	-0.186007	0.180801
2164	4	-3.258165	3.368709	-4.333164	0.877284	6.811420	5.285473	6.384377	2.677997	5.840177	5.285473	-2.858335	0.882249	-2.286844	3.368709	4.930376	2.677816
2173	4	-2.562403	-0.896734	3.247867	5.120809	-3.722204	-0.896883	-5.960434	3.045277	6.120184	2.847849	5.509613	5.151316	4.958863	2.847552	-3.702238	3.045279
2176	4	7.389085	5.372435	6.765883	4.377941	-1.262787	1.598233	5.001549	4.377941	-7.982800	1.363885	-2.646360	1.213618	-1.269886	1.596195	0.336658	4.373379
2201	4	0.540633	4.887073	-3.955745	2.464168	6.796809	7.544825	-3.533657	2.464263	6.849622	7.545181	4.609298	4.676843	0.658728	4.940921	4.207240	4.676808
2204	4	1.364178	3.649181	-3.565157	1.457677	-8.756403	0.770995	-4.154934	1.406232	3.828691	4.792091	5.265896	2.813824	-5.403933	0.772466	4.691476	2.813676
2207	4	5.784448	4.225316	8.460130	4.713581	3.271691	4.141149	-1.741629	0.683590	-8.315139	-0.848072	-4.816198	0.672146	-5.680267	-0.846031	5.371667	4.711633
2279	4	7.430099	3.991444	6.372036	4.079548	-7.713979	0.527323	-6.196615	1.134353	-5.205733	0.536759	4.620609	4.079546	5.392024	3.991443	-4.383920	1.344239
2284	4	-2.647346	3.158612	-5.848136	0.658692	4.365806	4.443416	-5.254211	0.658692	-2.644127	3.158612	3.432168	4.386452	4.369037	4.443450	4.043994	4.429640
2285	4	-3.754938	1.228051	-4.425770	1.247069	5.070097	5.539523	5.792357	4.821542	-2.345753	1.228051	3.416555	4.730125	3.679731	5.527335	-2.216382	1.249577
2387	4	-5.444577	1.772062	-8.461332	2.294158	-3.367853	1.772112	3.238793	4.766690	4.493897	5.444435	4.396371	4.766774	2.386171	5.339254	-7.315725	2.294158
2392	4	2.942888	4.395190	-2.694531	2.049198	-7.745380	0.292313	-4.435945	2.049125	5.189052	4.415568	6.456954	3.732164	-5.513425	0.312296	4.737685	3.721375
2424	4	-2.450530	2.371341	5.365750	4.330932	-3.713215	2.371278	-4.375395	2.904563	5.535991	3.278794	6.264923	4.333759	4.258915	3.263703	-3.309745	2.916608
2428	4	4.545755	4.461370	6.019527	4.354251	-6.379268	1.283250	-3.880685	-0.268908	3.264454	4.461270	-1.877848	0.034284	-4.994598	1.283280	4.032029	4.333119
2443	4	-8.228454	2.178270	-6.758320	0.276234	4.835360	3.266109	5.839303	3.403509	4.596977	3.266109	-0.475758	2.784530	-2.419336	2.181588	4.553925	3.370641
2446	4	3.339568	4.745085	8.099025	4.467828	-2.352409	3.736710	5.792188	4.467823	-2.478854	3.709756	0.286943	4.171064	-4.614034	3.359814	-2.976117	1.106910
2457	4	-1.621013	-0.586490	-8.393248	0.442031	4.063280	0.726863	4.463786	4.364932	0.503915	0.170132	4.050639	4.364932	3.970397	0.725283	-1.999808	3.901271
2461	4	-3.319228	0.220393	-9.026187	0.018710	4.188626	3.646587	-5.597622	0.018710	-0.652355	0.285664	1.084511	4.533910	6.866859	3.647403	4.413303	4.538912
2471	4	2.630007	3.170566	-6.543135	-1.260543	5.913463	3.174102	3.763072	3.711178	-4.382810	1.771430	-7.140908	-1.260543	-1.102481	1.777925	3.053629	3.699305
2483	4	-6.640268	2.466943	-5.688553	-1.713181	5.301041	4.229595	6.812470	3.729005	-2.206129	2.466943	5.839007	3.723340	-6.056369	2.466943	0.930095	0.773242
2527	4	8.258882	2.976477	-4.068488	2.802296	8.258882	2.976477	2.957778	4.495437	-1.724444	-0.289160	-4.672137	2.802241	-1.724444	-0.289160	2.353224	4.493122
2546	4	-8.622725	1.825004	2.958551	3.197774	-10.240998	1.810684	-3.767434	0.043926	3.523410	3.509351	4.270125	3.399783	0.372749	3.177061	-2.759863	0.549572
2597	4	-1.377391	1.984301	-0.832202	3.337525	5.372736	3.913290	5.062552	3.592894	5.372722	3.913290	-0.828222	3.338030	-1.377371	1.984313	5.059860	3.592881
2628	4	-5.773546	0.531147	-6.868459	-1.168976	-3.046489	0.560384	2.499040	3.111796	1.461508	4.252748	5.517596	3.154349	4.168459	4.257291	5.524663	3.154350
2639	4	4.054449	4.209004	4.891195	5.134862	4.054428	4.209003	-0.270252	5.134813	-7.208046	2.959979	-1.612743	5.122259	-7.203084	2.959979	3.544602	5.134862
2660	4	-0.017681	-0.906115	-7.528718	1.306115	6.785000	2.572681	5.987961	5.791093	6.200313	2.572649	-6.881193	1.306115	0.581688	0.295764	5.701901	5.791091
2694	4	-7.355762	1.061388	-7.198631	2.839592	-4.842481	1.061388	3.585299	4.480748	6.019232	4.492658	5.804592	4.481578	3.505024	4.439813	-5.126068	2.839592
2700	4	-10.683549	1.572065	-2.032661	-0.377590	-6.241670	1.572067	6.939564	4.105391	5.416159	5.448270	6.940928	4.105391	-0.810595	5.242872	6.940928	4.105391
2706	4	3.853084	3.495652	-3.320819	1.842700	-1.083211	2.497424	3.477632	4.245273	-3.177054	2.472850	-4.559015	1.842666	5.947252	3.497869	4.896061	4.248051
2722	4	-0.565563	2.054459	-3.044636	3.818646	5.009427	4.425135	-1.597495	3.818647	-0.306821	2.054657	4.012180	4.878272	5.265838	4.425141	5.465108	4.882224
2747	4	-0.886207	4.066229	-2.669464	0.663485	-0.707329	4.093888	5.585454	3.956767	6.227980	4.459145	-2.668988	0.663485	6.362905	4.459644	5.585882	3.956767
2772	4	8.258896	5.265292	-2.806723	0.100289	-2.489564	0.912239	2.358130	4.160634	8.807958	5.265293	6.651943	4.179809	-3.106766	0.907415	-7.098009	0.100275
2776	4	-3.296444	1.801519	-4.232585	2.349089	-2.625762	1.801533	3.880811	5.860912	3.449477	4.344205	-3.350740	2.349089	4.121000	4.399029	4.772308	5.861506
2787	4	6.724699	3.031488	6.242155	3.826425	-3.988716	0.235658	3.298660	3.809683	4.651100	3.020779	-1.504566	1.021114	-6.010492	0.235645	-4.077053	1.019885
2793	4	-7.352255	3.416209	-3.663074	0.770033	1.000109	3.930777	-3.042809	1.089002	4.781570	4.040800	7.345934	3.496106	-3.515695	3.425265	6.634866	3.487348
2825	4	0.021658	4.454721	-5.858354	1.270715	4.866091	4.454834	-5.858302	1.270715	0.746884	4.454819	4.002723	4.324139	5.542811	4.454834	4.002730	4.324140
2875	4	-0.165114	4.237080	1.740595	3.121784	-0.842821	4.227247	-4.180552	1.878474	4.535960	4.240319	-4.180424	1.878476	5.211184	4.240319	1.740643	3.121791
2894	4	-7.163848	1.602157	-4.433867	-0.871546	-4.355697	1.604795	4.895914	2.832828	1.620899	4.982523	-4.232371	-0.848585	4.584678	4.983338	5.096064	2.832955
2911	4	-2.426328	4.353137	-0.194517	3.358722	-2.063700	4.353137	4.640113	4.037649	3.869805	4.537262	-0.093315	3.401700	4.226867	4.537359	4.740760	4.037685
2942	4	5.716967	5.136826	5.055292	3.906321	5.701437	5.136820	-1.458287	3.842705	-3.630571	1.714332	-1.872132	3.842705	-3.615041	1.714332	4.685021	3.906321
2947	4	0.570084	4.259210	-3.701313	0.626252	7.142371	4.321532	-3.700804	0.626268	0.594419	4.260135	5.000152	4.691695	7.163277	4.321543	5.000648	4.691703
2996	4	-4.879857	-0.723581	3.908766	6.397002	6.481659	3.362636	5.320788	6.410013	-6.894418	-0.723588	-5.714541	3.151859	4.460184	3.349088	-4.335543	3.151859
3006	4	0.542741	2.427811	3.901439	4.184617	0.219223	2.426731	-5.671245	2.730137	6.915047	2.428942	3.906278	4.184712	6.634913	2.428942	-5.662041	2.730137
3035	4	-4.511433	-0.067192	-6.514740	1.672923	7.901349	3.931795	5.829859	4.974841	7.798357	3.931792	0.666277	4.619291	6.430289	3.931545	-3.153002	1.969347
3078	4	-3.079447	0.719903	-5.630144	1.670253	4.810515	3.774597	-2.603149	1.670907	6.698136	3.774618	8.210475	4.812654	-0.961151	0.725828	5.210312	4.809869
3092	4	-6.359675	-0.016367	2.454655	4.655023	4.825978	3.831343	5.251502	4.859171	-6.464623	-0.016368	-6.541234	2.788632	4.715501	3.829411	-3.940562	2.792757
3132	4	5.674534	3.595426	-4.163142	0.949147	7.635876	3.595475	3.545246	4.242776	-7.069560	0.462944	-8.513173	0.949147	5.788716	3.595439	1.367979	1.095639
3149	4	-2.260953	2.285189	3.364035	4.924977	-2.873322	2.285046	-5.887662	0.455265	5.742819	3.728742	-3.490144	0.456689	6.350236	3.728747	5.761931	4.925284
3155	4	-3.608528	3.665347	-8.185972	1.456739	-2.658092	3.796188	2.254749	4.092642	3.204378	4.073333	-8.161601	1.456745	3.996857	4.077085	2.270903	4.094214
3164	4	-7.100491	0.863524	2.696155	3.649968	-8.311830	0.863518	-7.377307	0.073636	4.346105	4.765143	-4.871388	0.073856	5.558493	4.765585	5.271419	3.673070
3176	4	5.642575	4.579395	-3.110732	0.130707	6.830453	4.672265	6.918950	4.670145	-5.694408	1.656036	-6.632839	0.121497	-4.411750	1.750159	3.368896	4.660714
3186	4	3.852939	5.651391	8.903128	2.380481	-5.697617	1.314576	8.366929	2.380481	-0.610492	3.646586	8.902924	2.380481	-8.014245	1.083816	-1.621040	0.811024
3202	4	7.180433	4.805296	-4.949832	2.372925	7.473180	4.805296	4.108419	3.332427	-1.266102	2.743467	-5.166996	2.369186	-0.924081	2.744671	3.847322	3.312544
3213	4	3.830812	5.820061	-2.335293	-0.062379	6.522465	5.880269	5.670027	4.075370	-0.379604	3.804423	5.282380	4.075123	-3.163991	3.390702	-2.937002	-0.071356
3246	4	7.146679	3.553443	6.187454	5.606292	-9.577445	-2.789816	-5.855098	1.029959	-5.305830	-2.789816	1.144466	5.560567	3.027287	3.543940	-1.221405	1.132000
3268	4	1.582614	3.955046	-4.324794	-0.652812	5.368659	4.371561	6.523231	3.641902	-2.674541	1.191546	5.775224	3.641902	-8.872949	1.173998	-5.038926	-0.652812
3277	4	7.473978	4.123601	-3.331489	1.705099	8.158626	4.123602	7.364961	4.283568	-3.231065	-0.515124	-6.113434	1.704864	-2.542908	-0.460709	4.620889	4.278318
3289	4	-2.988867	2.377346	-6.864049	1.310819	7.717289	4.686742	6.982852	5.272151	-2.212822	2.658360	3.318140	5.038503	7.027686	4.686705	-2.308090	1.310820
3307	4	-7.148394	2.163310	-4.276906	1.786156	3.860564	4.288650	-4.275385	1.786165	-6.167838	2.219425	3.091622	3.376398	4.803377	4.314921	3.095806	3.376404
3312	4	-3.840105	1.505800	-4.698475	0.896521	3.264441	4.215854	-3.036136	0.898580	6.536909	4.219677	6.519027	4.316455	-0.857472	1.535374	4.887510	4.316452
3328	4	-9.387021	-0.677896	-6.700802	0.577757	6.242353	3.449048	6.551802	4.677895	-4.041237	-0.677896	2.998840	4.585684	1.688544	0.423495	6.446118	4.677895
3334	4	5.759930	4.521215	-4.112077	0.494728	-5.716828	0.378719	-5.601313	0.494728	6.363420	4.521218	7.731052	5.232951	-5.112114	0.380266	6.241822	5.232950
3339	4	5.148832	4.813678	5.711134	4.922346	-7.785511	0.648427	4.113873	4.921396	-8.365220	0.648427	-3.380522	2.884438	4.565677	4.813661	-1.529337	2.884439
3354	4	4.447727	3.780874	-0.650996	2.702090	-1.236731	0.921561	5.670443	4.366708	-1.692096	0.921484	-0.689529	2.685813	4.874718	3.781329	5.702784	4.368514
3356	4	-4.073239	0.994964	5.787055	4.119855	3.543658	3.179388	6.420827	4.131973	3.536305	3.179387	-2.324318	2.997879	-4.087909	0.993566	-3.190713	2.821716
3359	4	1.003720	3.365474	-3.284799	-0.734555	-9.665139	-0.021914	-5.775864	-0.734561	-5.182311	0.242612	4.633999	4.144388	5.315996	3.970435	8.397598	4.144388
3369	4	-4.873734	2.971251	-3.751798	-1.922382	-2.220454	2.971257	5.661887	3.813051	2.458483	4.516823	-3.304333	-1.908749	5.175654	4.698945	6.146933	3.816615
3374	4	-1.596852	0.633277	-5.491012	1.212271	8.377874	3.926072	5.300909	4.499096	8.236212	3.926072	-4.836350	1.212271	-1.521741	0.633277	0.739614	1.741388
3390	4	-9.536571	0.332928	-4.102409	0.027269	-3.233032	0.332928	3.884991	4.075034	-9.466146	0.332928	0.284243	0.409826	5.109994	2.347895	4.710298	4.075051
3391	4	-2.547605	1.960535	4.013400	4.937671	-2.557297	1.959839	-1.746562	4.488189	2.370853	2.635129	-0.090421	4.525360	2.389594	2.637666	5.623129	4.937728
3407	4	4.091292	2.460014	5.797448	3.835238	2.837450	2.458177	-5.104778	1.032575	-3.173119	1.645721	-6.768208	1.032575	2.872667	2.458353	1.021094	1.084269
3424	4	-4.427923	2.924379	-3.260485	2.973110	3.582221	4.199622	-2.664191	2.973316	4.428666	4.224898	4.921210	5.150604	-2.944040	3.293260	4.509934	5.150602
3457	4	5.541546	5.423294	4.715621	4.030329	-7.196454	2.183760	-7.760770	-0.116862	3.111840	5.422409	-5.130953	-0.116862	3.665631	5.423018	1.411349	0.522156
3466	4	4.101503	4.257663	6.580778	4.688146	-2.923454	3.482672	6.271827	4.688146	-3.752781	3.482671	0.026566	2.182362	3.237470	4.223939	0.402958	2.201627
3476	4	2.967624	2.952501	7.338073	2.127669	-4.434700	0.302475	6.821933	2.127669	2.862426	2.948343	-0.926611	-2.396456	-4.540066	0.302475	-1.438827	-2.396489
3491	4	-6.853858	1.457063	-0.830924	2.424173	2.336190	4.300438	-0.814250	2.432370	-1.041707	4.072326	6.980991	4.538540	5.369786	4.300725	6.980992	4.538540
3505	4	6.502432	3.418939	4.735904	4.542295	-5.093961	0.885600	-9.284762	2.295884	4.317015	3.418939	-5.527062	2.295884	4.317163	3.418939	0.756035	2.310572
3543	4	-4.955384	3.829175	5.563440	3.877180	-5.169679	3.829175	-5.415262	1.156055	1.594784	3.957946	5.656542	3.877242	1.341508	3.896981	-5.364799	1.156056
3547	4	7.192386	4.213292	6.554576	4.086642	0.947162	0.075000	-4.197324	2.674209	-4.878365	0.035084	1.628830	3.561633	-5.291025	0.035084	-4.197330	2.674209
3553	4	5.809691	4.561219	-0.545661	2.440783	6.187538	4.561219	7.119291	3.032652	1.158749	4.543243	-0.557277	2.438791	-6.190912	-0.785007	-6.066003	1.113699
3561	4	5.813559	4.412227	-0.362167	3.959996	-4.618923	-0.215182	-1.202988	3.607294	6.318285	4.412240	6.431809	6.199882	-3.145837	-0.202587	5.799116	6.166045
3565	4	7.706174	4.046107	6.974156	4.834385	-1.155399	0.349252	4.060364	4.682248	-4.313652	0.287201	-7.848028	1.054377	5.407978	4.046097	-4.855701	1.629369
3666	4	4.969032	4.724602	0.155696	3.622363	-7.466376	0.133901	-5.629066	0.966674	-6.601501	0.133901	3.881496	4.702450	5.064534	4.724602	6.100202	4.847532
3671	4	4.700298	4.342793	5.958238	2.899372	-5.064596	2.571210	5.786479	2.894291	-5.754557	2.559028	-0.269011	2.292916	3.931841	4.247574	-0.090856	2.313265
3681	4	-2.633695	3.271945	3.387361	4.495800	-2.912836	3.265209	-4.090427	2.815231	5.411933	4.667868	4.958901	4.516685	5.346378	4.667565	-1.631137	3.912893
3721	4	7.376377	3.616323	-4.495986	1.215886	-2.583200	0.128523	-5.008710	1.214987	8.264603	3.616323	4.666127	4.319211	-1.662248	0.618603	4.502622	4.319180
3733	4	6.920220	4.646691	7.706926	4.968115	5.630423	4.616181	-2.966811	1.896649	-0.336502	3.920076	7.501944	4.967909	-2.553453	3.483325	-3.437366	1.879847
3768	4	8.990244	4.104350	5.168602	4.950349	-1.153927	-1.624610	-3.193718	3.289724	-0.793665	-1.587175	3.872450	4.885646	8.825643	4.104349	-1.262398	3.766403
3774	4	5.618635	4.696506	6.619440	4.186199	-7.474891	0.618304	-6.255647	0.275388	-4.265892	0.628528	-3.338091	3.821713	-4.141427	0.633999	2.951851	4.186127
3849	4	0.311443	4.047681	9.421022	4.666720	-0.609367	3.822019	-2.724940	0.410762	4.845131	4.537649	-2.649843	0.426592	5.592424	4.555966	9.450616	4.666720
3892	4	5.804842	4.384869	-0.161909	1.970309	6.407388	4.388841	6.851360	4.773563	0.286460	3.966077	-0.162528	1.970300	-6.139441	0.673791	-2.263842	1.965936
3909	4	-5.722144	0.450156	-9.556689	1.594637	6.588772	4.254296	6.102024	5.620239	4.858807	4.254199	-5.212009	1.601698	-4.109702	0.450156	1.766463	5.177688
3931	4	-4.984151	-0.959063	3.423029	4.971028	6.244743	3.843711	-0.793361	4.291607	-5.068051	-0.959152	-3.112662	3.862786	6.258859	3.843711	5.734620	5.108558
3938	4	1.914505	3.848388	-6.250435	0.637318	-9.585438	0.465776	-8.208598	0.637312	4.357996	4.041346	5.213912	4.273287	-7.158054	0.465778	3.035739	4.256619
3956	4	8.998128	4.992752	5.139480	3.238194	3.480996	4.986860	-1.843114	-0.178161	-5.423607	0.362193	-6.474523	-0.181156	0.575323	4.708898	-1.877492	-0.178433
3957	4	5.539596	4.280253	4.468501	4.105496	-4.901960	3.058249	-4.498055	0.939120	-2.058372	3.058250	4.449018	4.105495	2.634419	4.210525	-4.479371	0.939120
3962	4	1.919030	-0.377505	-2.267179	1.774929	3.419540	-0.181233	2.175800	3.994610	-2.839306	-2.113293	2.155321	3.992420	-4.301341	-2.148978	-2.282315	1.774927
3996	4	-6.306943	1.340961	-8.927887	1.984890	4.792980	4.478827	-3.659137	1.991707	6.848541	4.478827	-0.410323	4.903869	6.850543	4.478827	4.792155	4.992249
4023	4	7.626626	4.062656	6.978864	3.971829	-6.600242	-0.262067	-7.819413	-1.064406	4.255059	4.060771	-4.745049	-0.790268	-3.180177	-0.260077	3.917989	3.735336
4044	4	5.115007	4.322730	5.603759	4.743581	-3.682553	0.709858	-2.395104	3.409416	4.776594	4.313960	-1.206321	3.409423	-3.334145	0.719598	4.610320	4.743541
4075	4	-7.833062	1.660080	-0.775903	-0.275720	5.648965	4.755396	7.607494	2.762537	-5.980516	1.660080	7.253626	2.762536	3.811756	4.755382	-0.418136	-0.270229
4116	4	4.279031	3.826124	-4.448370	0.558077	-4.200942	0.789102	-7.543553	0.558057	7.760614	3.846122	5.820854	4.308956	7.760599	3.846122	0.323944	4.305673
4117	4	-5.168331	1.337381	-8.455188	1.051095	6.378883	4.723146	5.157514	5.177772	-0.243405	3.524189	-6.185498	1.051095	6.364089	4.723139	-3.615858	1.051095
4195	4	2.583956	3.496469	-3.765719	-2.628965	-6.938410	0.711774	-4.866604	-2.629196	4.989135	3.523209	5.137330	3.132295	-4.611107	0.712171	4.026829	3.113633
4217	4	5.063427	1.747815	-0.366292	3.910672	5.283839	1.747816	4.518522	4.065565	-0.188467	-0.444593	3.256124	4.055223	-0.690046	-0.643996	-1.677137	3.773824
4237	4	0.099822	2.439948	-7.316787	-3.773634	-6.360440	2.185036	-8.484314	-4.146150	2.265116	5.135356	5.565843	1.964229	-5.334113	2.185036	1.990516	1.725585
4258	4	6.289640	4.543720	5.125033	4.871634	-2.905281	1.841626	3.858979	4.871631	5.066037	4.543707	-2.475917	2.110672	-4.182148	1.710237	-4.361526	2.038938
4293	4	8.568793	1.274579	6.685940	4.638899	4.646823	1.274538	-2.485985	2.227902	-7.346235	-1.629308	-4.835048	2.227901	-3.421743	-1.629308	4.336423	4.635804
4304	4	5.780067	4.516691	3.171922	4.496668	-2.273355	2.474419	-7.925597	2.322669	4.546739	4.516691	-7.108984	2.322669	-0.214551	4.427867	3.137845	4.491105
4321	4	5.583804	2.527511	-4.409782	2.762288	-3.000020	-2.910435	3.100410	4.202882	-3.244568	-2.917576	-4.779387	2.761751	5.830596	2.534340	3.496174	4.230754
4383	4	0.657682	0.830458	1.956577	4.200028	6.851839	4.216366	7.260753	4.240391	-2.151973	0.817486	-0.076117	2.801946	-3.460180	0.817486	-6.177407	2.214339
4384	4	6.216744	4.449676	-1.625169	-0.524412	-1.480518	1.778224	-2.417087	-0.538256	6.229885	4.449681	4.866368	3.966204	-1.466293	1.778583	4.080690	3.965885
4426	4	4.525299	2.586548	4.654459	2.846734	-1.836312	0.735167	-7.416344	1.434512	-0.827555	1.853250	3.276528	2.846734	3.726545	2.585381	-5.211905	1.434512
4492	4	-3.228403	2.588151	7.415143	1.682542	-5.215166	2.588147	-3.932891	-2.218710	4.479664	6.663847	-3.924605	-2.216580	6.482203	6.668625	7.423570	1.682699
4505	4	6.896286	4.406762	5.678132	3.984861	4.684968	4.406751	-3.595056	-0.581942	-6.277112	1.290459	-5.790443	-0.612744	-4.001116	1.305515	3.832619	3.984400
4514	4	4.574083	4.576845	-4.784879	2.952015	-6.524162	1.888005	-4.820748	2.952015	6.386932	4.576904	2.729114	4.519910	-4.713836	1.888005	2.671815	4.519909
4551	4	5.241928	3.443064	5.776401	3.985191	-5.153813	-1.957946	4.923449	3.985134	-5.970518	-1.975583	-6.018748	2.332622	4.408606	3.437836	-5.172200	2.332622
4569	4	-1.204000	3.333006	-5.961845	2.433863	3.512819	4.989495	-4.754593	2.436141	-0.504931	3.345503	2.463452	4.641834	4.307942	5.051755	3.697199	4.894609
4613	4	-3.474553	1.158106	3.777701	3.303008	-9.073444	1.157077	-4.241160	-0.036913	1.987171	2.555635	5.744470	3.303008	-3.492109	1.158069	-1.401215	3.277750
4639	4	5.681642	5.209899	3.525400	3.159179	-5.344075	1.270088	-2.037586	1.948762	-4.617169	1.270149	3.524277	3.159036	4.950478	5.209899	-2.036138	1.949198
4670	4	4.931354	3.592970	5.545917	3.675995	-1.469207	3.321859	5.160117	3.675957	-2.682431	3.092722	-4.420257	2.642695	3.939379	3.592964	-3.559992	2.642696
4675	4	5.611572	2.731174	4.268648	4.255668	1.249446	2.271056	-4.561418	0.876913	-6.818708	0.419329	-5.105943	0.761940	-2.105399	1.438433	3.550631	4.194272
4702	4	-0.880687	3.540382	3.767166	2.762513	3.547037	4.589629	4.713126	2.763401	-2.294708	3.225762	-4.157072	0.748850	2.096051	4.332828	-2.879334	0.748896
4730	4	-6.790456	-0.284655	-7.438060	1.266328	-5.961226	-0.284655	4.897608	4.601538	2.490808	4.564080	-6.653282	1.266328	3.323745	4.597257	5.688020	4.601546
4771	4	9.112541	3.840241	5.358991	3.762731	-0.487133	0.741757	3.743035	3.688202	-2.956995	0.677485	-6.297772	1.747515	8.231723	3.840241	-3.952234	2.229059
4780	4	-9.118651	1.944635	-3.515389	-1.500324	2.111180	4.740257	-3.498955	-1.500323	5.679635	5.026778	6.979538	4.072464	-5.722964	1.946223	6.963135	4.072464
4788	4	-3.225987	1.924785	3.791080	4.200347	4.444603	3.519478	6.020686	4.224683	-4.636480	1.918159	-0.785524	3.746737	-8.289326	1.917782	-6.123141	0.954679
4823	4	3.564394	4.312490	-4.910648	-0.722206	-3.876917	1.285484	-10.357777	-0.722206	3.736993	4.312496	0.943146	-0.543165	4.308554	4.312504	3.227989	3.622452
4827	4	-6.962162	-0.460468	-1.729733	4.025919	-0.135231	4.159666	4.808946	4.725307	-1.232426	2.509626	0.518265	4.026127	4.178555	4.301327	4.956267	4.725347
4836	4	-4.695674	0.909222	-7.960440	0.537816	6.971723	4.255630	7.572844	4.062501	4.785713	4.253492	-3.948173	0.537816	-2.512571	0.927267	3.602170	4.062434
4848	4	-6.759835	-0.230885	4.862461	5.468269	5.995608	4.266862	6.385412	5.473615	-11.902630	-0.231289	-1.907890	2.203010	-8.375141	-0.231247	0.195896	3.905389
4860	4	0.612812	3.405636	1.900517	1.654988	0.121688	3.384668	-5.945395	-1.972321	-3.337574	0.539959	-9.867871	-1.972321	6.500706	3.413042	-5.889465	-1.972321
4871	4	-1.127666	2.424901	3.448617	4.388240	-3.199877	2.261493	-5.567575	2.238911	3.931502	3.410394	-2.728285	2.239575	5.618577	3.428972	6.293138	4.388646
4874	4	4.133131	4.733999	-3.365024	0.992255	-1.404002	1.590783	5.915011	4.222104	-3.302016	1.590057	-3.864256	0.992254	6.030137	4.739523	6.413436	4.222105
4927	4	4.461162	3.892446	-4.484748	1.916103	-4.507611	-1.862727	3.664666	4.527275	-5.663383	-1.862729	-7.761071	1.916103	5.615128	3.893395	6.951968	4.541461
5027	4	-5.885363	2.674485	-3.392439	2.841245	-4.900898	2.674485	6.734478	4.031841	6.352446	4.215693	7.083617	4.031841	5.340064	4.215682	-3.043300	2.841245
5052	4	-8.122988	0.225890	-1.964059	2.864267	1.731857	3.562597	-0.959086	2.864537	6.080584	3.860483	6.813249	4.028006	-4.953982	0.582027	5.965891	4.028006
5070	4	-5.708722	0.172834	-4.053551	2.545061	4.504534	5.027936	6.669598	4.929965	-5.387636	0.175364	3.705571	4.921747	4.181272	5.018720	-1.081179	2.545069
5109	4	5.641813	4.746388	-1.704014	3.470030	-2.480736	1.556710	-6.052094	3.469962	0.107264	3.773967	4.048400	3.474439	5.650699	4.746388	4.066927	3.474439
5135	4	-5.474868	0.291562	5.168671	4.364065	-0.678778	2.656916	6.783087	4.368503	-9.702176	-0.014168	-6.181938	0.097510	3.266970	4.136005	7.460637	4.368827
5156	4	-2.074885	2.596022	-5.786958	0.515472	5.382960	3.354407	-4.966932	0.515505	5.390289	3.354592	6.556271	4.405912	-2.066550	2.597272	5.737601	4.405729
5176	4	-8.311266	2.256692	-5.332085	1.105016	6.006800	4.994135	5.404662	4.319517	-0.476543	4.739329	5.384826	4.319283	-2.945379	2.261836	4.143479	4.296307
5178	4	-0.526506	0.076547	-2.686828	2.223219	6.310763	3.882184	6.624202	4.431893	6.309109	3.882184	-0.441229	2.233845	-0.523734	0.080036	4.381437	4.430788
5193	4	2.368609	3.946434	-5.580079	-0.005058	-6.311755	0.762760	-5.710407	-0.007520	4.855740	3.972659	3.742500	3.409662	-3.999578	0.762760	3.617026	3.408481
5244	4	-3.568861	1.358021	-6.572424	2.498108	4.832011	2.827088	6.289531	5.189843	3.383517	2.758311	-2.844450	2.498579	-2.164945	1.730904	4.167810	5.189544
5251	4	-1.792037	3.812360	-2.337824	0.176718	5.535639	5.699482	-0.965332	0.200820	-0.634519	3.812397	5.602055	3.168751	6.679449	5.699553	6.251437	3.169519
5287	4	2.411793	4.328988	-5.681248	2.080966	-7.674681	1.513452	-8.069511	1.896074	4.435386	4.353909	5.022764	4.001043	-5.787919	1.523412	2.930403	3.946953
5297	4	5.935518	3.563190	7.053579	7.511316	3.893398	3.553938	-0.363449	1.969979	-4.031001	1.017713	3.026439	7.352953	-5.895946	0.999900	-4.277774	1.965182
5318	4	-6.747277	-1.883907	4.014141	3.872737	-7.265251	-1.883907	-3.367159	1.904332	3.599458	3.654240	-1.350137	1.906161	4.159293	3.675947	6.101592	3.872767
5384	4	3.629850	5.108256	-4.056235	2.403659	-2.654214	0.415993	4.761153	4.500974	7.598473	5.180391	5.639344	4.501002	-6.627455	0.205869	-4.933889	2.403659
5388	4	6.297253	4.272761	7.443009	4.242232	-4.969752	0.571436	2.711600	4.242232	-5.084416	0.562445	-3.211402	4.138883	-10.697770	0.444012	-4.385809	1.877754
5425	4	-4.444806	-0.328584	-9.739836	1.500563	3.208395	3.836504	-4.777804	1.500563	5.589092	3.925162	4.344701	4.169041	0.823305	-0.226539	-9.653796	1.500563
5443	4	-1.858339	4.262779	-3.188922	0.989634	-1.039034	4.264724	4.668639	3.482633	4.354795	4.971047	4.822325	3.485033	3.375423	4.969525	-3.050967	0.989732
5451	4	-2.289848	1.910977	-7.874714	-2.093307	4.925620	3.083436	5.493839	2.479659	4.309765	3.083436	-6.512184	-2.093307	-1.673825	1.911120	4.080700	2.479122
5478	4	-8.676273	0.561424	-7.469145	0.491060	6.135081	4.852192	6.847300	4.388773	-4.899180	0.566254	-3.664629	3.963225	-4.898086	0.566261	2.541657	4.388773
5493	4	3.351067	4.685973	0.146919	2.451385	-6.479777	1.083376	-2.630106	2.405148	7.824493	4.689404	6.670447	6.725634	-1.947514	1.083467	3.894145	6.722502
5563	4	-4.084671	2.223837	4.864370	3.945531	5.963758	3.965904	5.934659	3.945544	-4.084671	2.223837	-3.189403	3.107605	5.963758	3.965904	-1.712114	3.109209
5598	4	6.852644	3.652047	6.433313	3.145382	0.949675	3.643725	6.431065	3.145374	5.357474	3.652047	-2.242336	0.450354	-0.856927	3.146226	-2.788730	0.397417
5617	4	-5.698469	0.576348	-13.850056	0.911156	4.430136	3.912560	-9.239658	0.911156	-0.467280	3.654590	-10.061257	0.911156	7.696788	3.912560	2.173858	4.240527
5625	4	3.446099	4.823807	-5.682263	0.581695	-6.960080	1.777781	-8.617508	0.578142	5.745216	4.840480	5.976165	4.472163	-4.680430	1.777781	3.037902	4.401714
5628	4	-3.765322	-1.839213	0.351280	2.505411	4.475899	3.332782	-5.481608	0.153951	8.355409	3.333881	5.379489	3.865525	-3.918312	-1.839551	-8.775143	-0.072987
5637	4	2.923088	3.660565	7.090349	1.533538	-9.030397	-2.133817	-3.842257	0.241963	-6.248722	-2.129498	1.792267	1.156591	-1.630116	3.595905	6.962832	1.533433
5644	4	1.224433	2.226163	5.589259	2.040026	-0.143486	2.023852	-2.598280	0.532662	-4.094627	1.124692	4.719362	2.037010	-5.620349	0.694792	-3.929234	0.532125
5676	4	4.325447	4.018631	-0.362240	2.588732	-2.765082	0.189623	4.914715	2.757448	-4.040856	0.189618	-0.738209	2.588280	4.952821	4.018786	5.287604	2.757773
5696	4	-4.959321	2.527580	-2.991186	3.356106	4.284657	4.178747	-2.351450	3.358508	-4.959241	2.527580	3.579764	6.992783	4.284737	4.178750	4.227742	6.993390
5707	4	-5.537698	0.950089	-1.360668	3.952944	-5.286404	0.950089	5.171960	4.676850	3.845284	2.848787	5.535314	4.676851	3.683656	2.848282	-0.980256	4.194297
5723	4	-2.615666	1.167892	-2.393222	5.799164	7.197083	3.968380	-0.526200	6.148309	7.197387	3.968380	5.940579	6.311950	-2.613384	1.167892	4.100346	6.306781
5727	4	2.949392	4.124834	-5.517559	1.155136	3.745364	4.226564	6.329347	3.805663	-8.536050	1.256868	-9.432684	1.058694	-7.903664	1.282145	2.204412	3.356213
5743	4	8.708388	4.476352	-0.023307	3.594514	-2.203606	1.604083	-2.571617	3.518841	8.741863	4.476352	5.552477	3.620448	-2.059019	1.604320	3.009773	3.620385
5790	4	3.165663	4.224475	-0.866403	2.565498	-7.686564	2.682059	-2.940821	2.143639	-4.589550	2.682059	3.673943	3.028600	4.540484	4.225770	5.718147	3.031118
5823	4	4.733432	5.246763	-6.132961	1.804724	-6.979802	0.629878	-7.916731	1.804693	5.014416	5.247719	3.823934	3.923646	-6.709900	0.629879	2.319883	3.901585
5845	4	5.402391	5.197953	-2.951465	-1.745873	-2.491817	3.342242	6.622210	2.752708	5.592433	5.205877	6.680561	2.752709	-2.846034	3.227229	-3.037567	-1.745884
5855	4	-6.878534	1.651332	6.279055	4.694529	5.869649	5.599009	-3.962498	0.999056	6.317528	5.599151	8.144890	4.694529	-0.264951	4.731026	8.139074	4.694529
5937	4	4.788498	4.595370	-2.542226	1.294560	-0.262242	3.797671	-2.793825	1.294558	-0.243349	3.803584	5.122691	4.343822	4.805274	4.595456	5.374820	4.343822
5963	4	5.734867	4.589598	6.241677	4.428403	0.533563	0.544633	3.708568	4.337538	-2.363544	0.499566	-7.708921	1.315738	4.434622	4.589527	0.937918	1.796416
5966	4	3.257367	2.650681	-3.647039	2.121817	3.846362	2.653342	5.068770	4.282610	-3.946290	-0.856108	-6.168045	2.121483	-3.591112	-0.856107	2.352031	4.200082
6002	4	-2.300660	1.375016	2.703087	5.676723	-7.528234	0.281089	-5.673514	2.651334	4.343749	4.433151	-0.025036	5.646676	4.345114	4.433362	6.560000	5.677437
6010	4	5.278447	3.754180	-1.016589	3.060322	-4.305537	1.465310	-1.038743	3.060189	-4.109593	1.465573	6.490342	4.559472	5.474264	3.754180	6.510873	4.559472
6011	4	-1.749988	2.325349	4.776857	4.153705	-4.472065	2.169036	-5.500036	1.332039	5.152933	5.338032	6.629529	4.153718	2.225688	4.610444	-3.562805	1.332039
6019	4	-2.709906	2.466477	-9.853978	-0.868943	3.556585	4.214487	-4.907190	-0.868943	5.443509	4.303667	6.660156	3.593277	-0.804779	3.451114	4.991548	3.593275
6020	4	-4.887173	0.503491	4.440388	5.547854	6.234772	4.223151	5.376898	5.548623	-8.066381	-0.647107	-3.721260	2.588716	3.046095	4.149584	-2.117040	2.588723
6025	4	-4.392317	0.664893	3.217684	4.069397	-5.600948	0.647835	-3.445344	1.103447	2.169876	3.164177	-2.658576	1.104938	3.513894	3.167671	4.012600	4.121858
6030	4	5.104065	4.220887	-2.992068	0.062592	-2.613981	1.793701	-3.749720	0.062581	6.558493	4.221702	6.476378	4.440955	-1.055537	1.857659	5.749617	4.440861
6039	4	7.459239	5.187959	5.835602	4.833686	6.014608	5.187944	-3.769060	0.974811	-4.097162	1.653790	-5.192736	0.909581	-2.521865	1.698915	4.510101	4.826399
6086	4	3.112990	1.096278	-1.607527	4.299283	-1.145336	0.665791	4.778595	4.584218	-1.347294	0.635126	-1.988407	4.059629	3.216611	1.101072	4.969845	4.584219
6089	4	-0.492775	2.781102	-7.573557	1.709679	3.982037	4.004651	3.790933	4.610036	3.669423	3.998853	-7.050731	1.709740	-0.198718	2.785682	3.063189	4.526499
6099	4	5.538434	4.588476	7.641780	4.701151	-10.527456	-0.591496	-4.974658	2.065420	-6.661102	-0.591496	5.846767	4.701151	-6.661142	-0.591496	-0.328311	4.688586
6125	4	-0.848233	3.399312	-0.005204	4.629614	5.591955	4.290375	0.580097	4.661537	-0.848010	3.399375	5.687250	4.729983	5.592096	4.290379	6.238524	4.730679
6138	4	3.574304	4.627537	-3.927247	-0.104759	5.739298	4.636584	4.616533	4.338247	-3.051766	3.645682	-4.782680	-0.105369	-0.803423	3.647165	3.583654	4.338173
6161	4	6.843831	2.751844	5.679615	4.421758	-5.932499	0.645753	-3.483407	3.484338	4.531760	2.728147	-0.395913	3.484359	-1.572019	2.113101	-1.386018	3.484338
6202	4	6.969341	3.594779	5.837768	4.221367	-1.132478	1.452048	5.837596	4.221367	4.343807	3.594138	-1.820597	0.693925	-3.759153	1.452046	-1.820772	0.693925
6205	4	3.032206	2.024322	2.525343	5.045433	-5.140817	-1.711174	2.429296	5.045358	-5.152228	-1.711216	-3.660034	2.732082	3.021334	2.022822	-3.434841	2.769329
6228	4	5.368699	3.452227	0.271445	3.571727	-3.688614	2.000032	-0.176463	3.490530	5.923375	3.452284	3.785447	4.170672	-2.898550	2.001501	3.368248	4.123155
6233	4	3.985923	3.234544	5.620005	4.232450	-3.708313	2.841756	-0.703978	3.551560	3.976452	3.234544	-0.446554	3.623813	-3.697112	2.841758	5.379607	4.229092
6286	4	-6.107491	0.550052	-2.769278	4.994040	5.117718	4.215059	-1.885262	5.014986	5.212359	4.215059	4.602891	7.851541	-6.010108	0.550052	3.686911	7.848026
6295	4	5.433569	4.317642	4.895999	3.275305	4.144286	4.316966	-1.215487	2.690667	-1.430650	2.934081	-1.487863	2.674492	-0.094374	2.937870	4.626145	3.263187
6328	4	-0.408538	3.253742	-4.521463	1.500397	-0.220406	3.253984	4.260218	5.261345	5.590248	5.501340	4.665565	5.262765	5.402577	5.501309	-4.111070	1.500741
6349	4	-1.201154	4.348306	-0.281244	1.173660	5.568435	4.356261	5.800717	4.295601	-7.495319	0.818477	-4.058877	1.167109	4.468223	4.356261	-0.270430	1.173960
6373	4	-2.946836	3.433438	5.325816	4.390874	-4.805510	3.433434	-5.368358	0.769993	3.929510	3.928826	6.361497	4.419863	2.318814	3.898564	-4.331018	0.972269
6381	4	4.508885	4.621416	-5.218519	2.036461	5.878999	4.626722	4.909692	4.525470	-3.863226	1.305882	4.757096	4.521112	-5.237658	1.268847	-5.392226	2.036337
6385	4	-0.347865	4.971300	3.758047	4.020156	6.298921	5.025742	3.762082	4.020362	-1.087206	4.970750	-7.235892	-0.380667	5.559925	5.025727	-7.231949	-0.380023
6392	4	5.646435	4.095659	-2.797619	0.695496	-0.584370	-1.140151	-3.053108	0.695495	-5.796617	-1.151613	4.826450	3.180181	0.296868	-1.025359	4.899838	3.180198
6397	4	-0.613726	3.268275	4.628739	3.913315	5.203985	4.276129	6.050103	3.913319	-2.302175	3.219337	-1.824999	3.084062	3.490665	4.165362	-0.385576	3.084364
6402	4	5.776215	3.792549	-0.092150	3.638783	-7.425338	2.203707	-5.998779	0.627856	-0.368384	3.753620	6.393335	4.109536	-0.416540	3.746937	-0.092157	3.638779
6487	4	7.981843	5.612616	7.070090	4.191334	-2.981970	1.709966	-2.049285	0.258526	-2.312451	1.781331	6.150686	4.190050	7.469406	5.612144	-0.985899	0.755042
6489	4	-2.825416	2.466317	-2.636737	0.177486	-1.049250	2.938019	5.533720	3.066665	3.571197	3.684131	-2.548277	0.177486	5.245820	3.773143	5.538017	3.066665
6510	4	-4.815784	0.920834	6.625376	5.389999	6.368338	4.431200	8.608060	5.389999	-7.188426	0.869067	-5.891741	1.098969	4.065407	4.429059	-3.869464	1.098969
6520	4	3.604254	4.058509	-0.618963	1.484945	-7.644696	-1.191464	-4.552739	1.012588	7.080140	4.058938	6.520349	4.354075	-3.945604	-1.191352	2.901088	4.320084
6524	4	-1.727934	-0.199417	2.144097	5.185819	-5.421829	-0.199421	-2.623634	3.163968	5.431186	4.076056	7.319954	5.187801	-2.079555	-0.199420	-0.338003	4.610367
6527	4	0.875741	0.669949	-7.943276	1.733382	3.199613	2.764326	3.085223	4.221384	3.199611	2.764326	-2.201329	3.594266	3.199385	2.764320	-6.443619	2.147445
6547	4	4.853710	3.787205	-5.699432	-0.169969	5.337134	3.787205	5.381291	4.023129	-5.640946	2.020073	-6.114409	-0.169969	-5.157555	2.020073	4.966290	4.023097
6572	4	-0.885352	4.096858	-4.475471	3.823762	-6.042449	0.986759	-7.785383	3.781153	-0.885351	4.096858	3.335426	4.710091	4.765233	4.467284	3.406644	4.714584
6586	4	4.181900	4.020893	-1.795305	2.675741	-2.469257	3.953400	-1.873835	2.661509	-2.145180	3.992338	4.199014	3.966024	4.460752	4.020893	4.234366	3.969368
6610	4	3.223397	4.859921	-4.008294	1.212876	-4.489359	1.708554	-4.445098	1.212874	-1.654100	1.892172	4.610344	4.606596	5.870442	4.983951	5.029308	4.606844
6612	4	-2.841723	3.364774	-5.000620	-1.172027	5.291813	4.532955	3.792764	3.290992	3.572161	4.532954	-4.671233	-1.158365	-1.333487	3.367337	3.432224	3.284759
6632	4	3.145222	3.810336	-5.984348	0.515905	6.261547	3.892325	6.400342	4.151704	-7.342748	-0.582612	-8.522172	0.515588	-4.289238	-0.566673	3.747960	4.051019
6637	4	5.000850	4.602277	5.053499	3.552251	2.939919	4.600264	-4.336388	0.676348	-8.440049	2.631019	-4.725786	0.569697	-6.304166	2.649711	4.605707	3.524024
6665	4	6.595477	5.324644	-2.131374	3.316776	-3.417493	2.572670	-2.739025	3.316771	6.901333	5.324677	5.236617	3.919689	-2.840372	2.689049	4.703717	3.919221
6708	4	-2.986679	1.156208	-2.811554	1.142062	2.372885	2.077023	7.056073	4.188022	2.352066	2.068079	-2.241201	1.154685	-2.943146	1.156337	6.484419	4.188022
6728	4	3.191113	4.487829	-3.606435	1.868200	6.051312	4.642257	6.109637	3.914891	0.418811	0.130381	-8.399340	1.867533	-5.775326	-0.044910	-8.544569	1.867533
6730	4	-2.879770	-0.482329	-2.414702	0.859683	-2.795580	-0.482328	3.239942	2.621523	6.856348	3.622487	5.040752	2.621607	6.852485	3.622487	0.181256	2.344908
6731	4	5.795723	4.086477	7.657219	4.243710	2.912565	4.084073	1.405107	0.658256	-4.016789	0.192870	5.044802	4.243578	-7.054970	0.192869	-1.454611	-0.279717
6784	4	6.612994	5.349877	0.258252	3.637310	-1.526361	3.887380	-6.638799	0.754664	-0.819219	3.949347	-1.384420	3.464715	6.624899	5.349905	4.739735	3.749367
6788	4	5.646079	4.734776	6.029512	5.729790	-12.060806	0.118119	-5.372042	1.999174	-5.703103	0.387480	-0.071961	5.729013	-5.703099	0.387482	3.196303	5.729790
6796	4	5.939905	4.210806	-1.000090	1.893173	8.576400	4.210807	6.220348	4.545079	-5.535815	-1.390691	-3.843757	1.869994	-2.771064	-1.390679	3.338604	4.476108
6809	4	-2.437585	-1.531803	-2.140977	4.051882	5.966839	3.065040	-0.963503	4.498816	-1.932998	-1.439923	3.880630	4.886030	6.156727	3.065945	4.956614	4.886735
6818	4	5.611539	3.918894	8.017013	3.891663	3.639126	3.918810	-2.220288	0.921775	-8.132253	-0.416506	-6.505286	-0.362609	-4.582268	-0.416506	3.932561	3.781801
6843	4	2.826878	5.346574	6.658232	3.946537	-8.470348	0.447928	4.944305	3.946536	-11.514053	0.447874	-5.443594	-0.106401	-11.514052	0.447874	0.085410	-0.040914
6870	4	-4.540672	1.516176	0.002251	4.515139	5.900584	4.244174	5.832696	4.582450	-4.540670	1.516176	4.407685	4.582449	-5.340748	1.515610	-4.529760	1.179026
6898	4	-0.023183	4.601952	-4.097194	0.321646	1.025806	4.656915	5.758809	3.966757	5.853454	4.675429	5.759500	3.966757	4.866898	4.675360	-4.094173	0.321647
6916	4	-2.030237	-0.683732	-8.595294	2.518606	4.699116	3.941323	-2.759777	2.522719	7.110229	3.941323	4.596192	4.832669	0.272169	3.558160	-2.877298	2.521829
6945	4	8.137195	4.583781	9.212378	3.794843	-1.097583	1.449151	5.397714	3.794748	6.306290	4.583781	-2.833320	-0.128005	-2.943803	1.449136	-6.648007	-0.128067
6960	4	-9.086412	0.248596	-9.157767	-1.658675	-1.330200	3.409137	4.428254	2.986567	5.285509	4.274220	5.057768	2.988105	3.600608	4.238167	-4.108278	-1.658674
6966	4	6.553480	4.721228	-2.318400	4.253983	5.791046	4.711422	-8.016540	1.423085	-3.035639	1.133654	-13.537004	0.413881	6.593809	4.721513	3.920868	4.646766
6984	4	-7.023945	2.012026	-6.745431	1.209444	-6.470520	2.012026	3.225453	4.318548	5.477435	3.988553	-3.658006	1.209450	6.030857	3.988555	6.132228	4.318549
6986	4	-2.469519	3.246920	-5.856817	1.983864	3.202467	3.561733	-5.853121	1.983866	4.293012	3.584862	-0.130524	4.205923	-1.535661	3.246929	5.184878	4.458701
7032	4	0.054238	5.925971	-3.787640	3.888924	6.381098	6.001415	-3.787640	3.888924	6.769885	6.001415	3.216916	4.316953	0.469199	5.976747	3.216916	4.316953
7044	4	7.187799	4.191715	7.511587	3.755394	-6.111880	1.353210	-3.885024	-1.679768	-2.860643	1.367677	7.488284	3.755393	3.868192	4.191076	-3.860533	-1.679763
7060	4	-3.171762	1.189085	5.266154	3.396063	5.648533	4.697774	5.269812	3.396063	2.984951	4.685553	-1.478018	2.030605	-8.441872	1.189083	-1.482345	2.030605
7065	4	-8.020324	0.218298	-3.506542	0.263147	6.264028	4.028774	6.002500	4.535927	-5.701495	0.218298	4.064982	4.533485	0.379797	0.861275	4.543837	4.535052
7079	4	-7.036401	0.040529	-10.959278	0.028404	-4.966791	0.277542	1.329103	3.921509	5.108343	2.873359	4.440833	4.276965	2.986773	2.873352	-7.850540	0.028636
7089	4	7.037511	5.106872	-2.425277	-0.090703	7.097730	5.106873	7.083173	4.438704	-3.055829	2.014327	2.823470	4.305144	-3.116050	2.014327	-9.465725	-0.090706
7123	4	-6.438375	0.683240	-0.501199	1.374509	8.036033	4.585535	7.612734	5.005866	-0.367680	0.797623	6.897813	5.005865	5.511795	4.585508	0.293898	1.402541
7145	4	3.443570	4.035386	0.757314	1.126446	-1.616854	3.372238	7.088857	2.147840	-2.010799	3.368046	0.757198	1.126367	3.879898	4.070629	7.088937	2.147841
7159	4	4.203311	4.547079	4.812861	3.165827	-5.953876	1.444064	-2.951947	0.593424	-4.130720	1.501988	2.714319	3.055191	0.900225	4.537794	4.809367	3.165824
7174	4	-6.541462	0.495802	-5.098781	-0.927145	4.017553	3.623724	-3.358525	-0.927130	6.788304	3.623728	4.099237	4.226088	-3.769229	0.495802	2.088437	4.225743
7238	4	7.677565	2.529171	4.952451	3.398013	5.439432	2.528894	-0.863033	0.652543	5.064321	2.528696	-6.273357	0.042073	-4.698997	1.284907	-7.209066	0.041763
7240	4	-2.088530	0.586179	-8.274094	-0.458952	6.378706	4.850596	0.182249	3.915817	6.389250	4.850624	4.422536	3.962208	3.966270	4.798702	-4.300600	-0.453416
7243	4	-4.165804	0.588204	4.036955	4.328546	5.212473	4.320981	-2.713421	2.843690	-4.847633	0.585097	-2.862156	2.843654	5.917651	4.334272	4.189619	4.328608
7245	4	6.340290	3.607121	6.938365	4.152332	-1.086793	-0.235372	5.952710	4.152331	-1.152560	-0.238229	-3.016746	-0.647788	6.281920	3.607121	-2.027189	-0.627249
7252	4	-7.908827	0.011867	-5.799217	1.061544	-4.596615	0.011907	5.769806	4.482688	6.341508	3.429780	6.251287	4.482690	2.627194	3.112772	-5.368090	1.061544
7276	4	5.270043	3.966433	5.553804	3.596634	-3.837617	1.743939	3.938100	3.596634	-5.202735	1.743939	-3.510039	1.263491	3.835363	3.965509	-1.903298	1.402521
7303	4	5.908007	4.597481	0.284218	4.635352	-5.300965	3.610900	-1.882733	2.287533	6.162972	4.597490	6.482496	5.154933	0.614610	3.646126	-1.869134	2.288312
7306	4	-10.481707	2.302048	-6.793386	0.072884	5.119760	4.969300	7.010752	3.388157	-6.945341	2.307806	3.794763	3.388157	-0.940282	4.470068	6.681849	3.388157
7324	4	-3.409043	2.798157	-8.665248	1.097827	3.252605	3.352596	-8.428611	1.147676	-0.773616	2.798174	3.663720	4.764310	5.836282	3.353881	3.908778	4.769344
7339	4	3.144338	3.608024	-3.486396	0.698394	-6.783617	1.494575	-4.888385	0.698394	3.776527	3.608048	6.984232	4.012383	-6.150979	1.494575	5.582116	4.012361
7342	4	5.637932	5.141704	-6.212307	1.538952	-3.876112	1.419433	-8.375244	1.538730	-1.347430	1.419439	3.644575	5.315172	8.151933	5.141706	6.012556	5.530304
7442	4	0.414402	3.638476	-2.989272	0.984082	-3.270669	2.430558	-3.166203	0.955034	6.721763	3.639561	5.366930	3.615104	4.722661	3.639561	-2.989158	0.984105
7578	4	5.286784	4.100862	6.642576	3.633375	3.313318	4.100509	-2.305987	-0.156457	-0.789472	3.425105	6.554672	3.633375	-2.766722	3.425020	-2.605139	-0.160345
7590	4	4.621924	1.067066	3.718752	4.720340	-2.755854	-0.810889	-3.419122	3.690395	4.559719	1.064690	-2.226311	3.733172	-2.691413	-0.772239	2.510492	4.641344
7592	4	-2.695450	-1.473270	7.422459	3.701130	-3.366614	-1.529914	-1.316127	-1.382056	4.065241	2.762286	-0.683563	-1.353201	4.763730	2.807165	7.963795	3.701130
7648	4	-4.968956	-1.045847	-5.774384	4.008638	3.032798	2.114938	-3.317092	4.032629	0.409369	-0.883995	-5.649862	4.009145	3.936101	2.212383	3.152303	4.470684
7679	4	5.124785	4.194870	-2.150644	2.575745	-1.701961	2.624705	-2.162971	2.575745	6.173648	4.194870	6.633312	4.046646	-0.281693	3.367962	6.632768	4.046646
7720	4	-6.484801	-0.110696	-4.589991	2.325881	5.587668	4.692752	5.632316	3.927618	-5.918715	-0.103465	3.702767	3.751137	5.087568	4.692042	-3.146817	2.551976
7724	4	-6.434525	-0.389961	4.692362	4.087732	5.653985	3.761261	-2.013670	1.085471	6.224929	3.764101	6.317107	4.092254	-7.004754	-0.390383	-3.638678	1.082801
7740	4	-6.993605	1.543933	-5.141711	1.126639	-6.695621	1.543933	3.815311	4.257633	5.954625	4.141689	-4.455429	1.126639	6.253605	4.141693	4.498158	4.289235
7787	4	1.201476	0.758669	5.022480	5.108355	-4.557298	0.192243	-3.224681	3.702161	-4.395759	0.192320	4.625722	5.108227	1.025705	0.674974	-2.886544	3.702169
7801	4	9.087376	5.150569	5.360817	4.347866	-0.737820	2.702479	0.324216	4.288948	-0.705063	2.716221	4.347798	4.347853	-5.957024	2.541713	-3.759346	1.271035
7881	4	-3.894030	0.806491	7.830860	3.930154	-6.029038	0.806491	-0.878361	-0.801694	6.082628	4.351764	9.042115	3.930154	3.959050	4.343587	0.339459	-0.771137
7908	4	-4.106380	-0.241217	-5.684743	0.431610	6.891596	4.382067	8.403509	4.744282	3.773303	4.380211	-3.182472	0.431610	-0.793153	-0.241041	5.900611	4.744281
7921	4	4.565238	5.154293	-2.591011	3.342438	5.712711	5.155585	5.355522	3.857523	-0.671790	3.050264	5.353476	3.857523	-1.819084	3.047955	-2.593069	3.342438
7929	4	-0.447355	4.219508	5.724913	4.910516	-0.534971	4.207823	-2.783880	2.737124	6.088629	4.549313	5.869118	4.925537	6.009450	4.548892	-2.596642	2.754642
7937	4	-4.464711	-0.261596	4.396939	4.859583	-4.468895	-0.261597	-1.344257	4.077178	1.827414	2.070969	5.307750	4.884508	-4.807624	-0.261618	-4.914511	2.790085
8013	4	5.557732	5.172392	0.131526	4.915512	-0.796789	5.172374	6.672310	5.204317	-0.796792	5.172374	0.131526	4.915512	5.557735	5.172392	6.672310	5.204317
8014	4	-4.431353	0.174157	3.568372	3.216235	-6.915186	0.173129	-2.853631	-0.348793	4.354031	4.467509	5.645133	3.221664	1.818753	4.467482	-0.770800	0.111711
8068	4	7.743016	4.169556	5.631935	5.000170	7.634148	4.169556	-0.873917	4.415247	-0.593516	4.165084	-6.930316	0.947453	2.965274	4.169556	-6.930310	0.947453
8109	4	-9.958987	-2.079772	-7.075705	-1.089493	5.097241	1.938055	5.117224	3.416075	-1.876323	0.873044	5.101486	3.416075	-4.166013	-0.494119	5.101084	3.416075
8138	4	-4.661139	1.712039	-3.998205	0.473858	3.884489	5.297708	-2.636619	0.474572	-3.888584	1.712039	3.794065	2.096426	4.667181	5.298145	5.187901	2.127655
8204	4	-4.004056	1.592684	3.473194	4.666626	-5.193484	1.592684	-4.578410	3.430582	6.911052	5.400666	4.966335	4.701288	5.769160	5.400424	-2.942578	3.463068
8234	4	4.003519	3.399345	6.922660	3.841827	-9.970104	-2.308265	-6.218169	-1.648112	-4.813700	-1.569199	5.088049	3.841827	4.002396	3.399183	0.477417	3.828986
8242	4	4.640200	4.516034	4.973089	2.812905	0.759378	4.250299	-3.690499	1.751739	-6.099840	1.549409	-8.294631	1.751739	0.824512	4.266813	1.129806	1.764103
8251	4	4.533957	3.010189	4.940257	4.305271	-2.766831	2.635819	-0.074804	2.154805	3.890177	3.006537	-0.065520	2.155935	-2.107029	2.635819	4.932202	4.305198
8257	4	5.733881	3.564588	6.978912	4.348376	-4.584570	0.860758	-3.729351	1.239827	3.760149	3.563839	-2.278817	1.240244	-2.410029	0.860772	5.528695	4.348363
8303	4	5.811223	3.651097	4.943217	1.938851	-4.352973	1.400493	2.254793	1.751652	-5.473276	1.400493	-4.764976	0.147518	4.573997	3.650879	-2.255926	0.147926
8317	4	4.196738	4.272160	-5.595930	1.632122	-6.286046	2.159396	-5.614365	1.628354	-5.861193	2.159396	4.220782	4.288694	4.619752	4.274655	4.240814	4.289657
8320	4	4.808964	3.972761	-4.279338	-0.941444	-4.597330	0.535104	-8.506847	-0.946033	-3.079901	0.536035	3.795908	3.627298	6.584115	3.974042	8.055255	3.752101
8344	4	7.409364	4.537570	6.233509	4.536945	-3.884738	1.684493	-5.104708	0.745753	0.472222	1.698432	4.925263	4.536944	2.916124	4.457724	-3.807729	0.745753
8443	4	6.933409	4.685152	0.584871	5.691302	-4.745828	2.255909	-9.441293	1.403127	4.576372	4.683513	-6.132476	1.403164	6.933829	4.685152	6.141268	5.711170
8497	4	7.300108	3.775580	6.348341	4.300288	-10.237978	-0.591777	-7.601286	0.638258	-4.617741	-0.566031	3.178556	4.294380	7.240977	3.775580	0.009628	3.920175
8500	4	5.347511	4.573874	0.803398	5.043004	5.351870	4.573874	6.535263	5.059512	-0.634660	4.573566	0.803392	5.043003	-4.617976	0.806723	-5.483964	1.364427
8529	4	-7.467955	2.589192	-4.724422	3.487785	-9.617801	2.589192	-9.304711	1.016764	3.461608	4.495070	-3.392577	3.994021	-7.441283	2.589192	1.283195	4.593118
8576	4	4.214493	4.426014	5.604685	2.935859	-0.215219	4.223137	-1.904757	1.418540	0.741299	4.313108	5.590434	2.935299	3.243946	4.413705	-1.859001	1.431914
8580	4	-0.988169	3.605066	8.547860	4.378984	-8.747747	0.321022	-4.021444	1.079718	5.730107	4.505163	8.719440	4.378984	-4.535439	0.551135	7.103911	4.378984
8616	4	-1.316606	2.558923	-5.246950	1.697590	6.436349	3.840341	5.690239	4.348744	4.959778	3.839779	-4.596460	1.697590	0.162562	2.573035	5.047994	4.348705
8626	4	4.660877	4.781502	-4.140913	-1.403525	6.052907	4.827280	4.112548	3.664532	-2.008135	2.760189	-5.555477	-1.403525	-0.010756	3.801096	4.036417	3.661437
8628	4	-0.306249	2.992794	3.523729	4.212790	-2.704553	2.917085	-4.581332	0.455915	5.684366	3.929430	5.688873	4.310046	4.117609	3.884005	-2.217918	1.752814
8635	4	-9.407688	-1.260868	-9.374040	-0.008733	7.223620	4.239303	8.908865	3.596409	-3.352040	-1.168655	2.253587	3.596404	0.521633	4.237393	-3.045759	-0.004691
8652	4	-7.695399	2.127468	-6.434897	-1.813045	2.545101	4.429703	-0.696518	3.608713	-3.292808	2.133376	5.029514	3.771234	-3.872027	2.129242	-0.696674	3.608678
8665	4	-11.813716	1.487704	-7.155795	-0.028896	-5.962195	1.489882	4.854334	5.644879	4.861673	4.401030	6.756316	5.644879	4.861464	4.401028	0.640546	5.527955
8666	4	-5.497939	0.688157	-0.447086	4.022590	4.322816	4.474020	6.755420	4.023355	-5.497065	0.688157	3.372925	4.023355	-9.252239	0.688155	-5.358815	0.701979
8690	4	-6.706711	1.270670	3.154457	3.681952	-6.731339	1.267197	-5.255934	0.815536	6.336018	4.818826	6.485097	3.722238	6.311812	4.818273	-1.955162	0.815536
8699	4	4.965382	4.288643	-1.984477	0.302691	7.948424	4.325098	4.466521	3.941625	-5.973563	-0.169428	-7.600710	0.302121	0.207687	3.530234	-1.988734	0.302683
8702	4	-5.821139	1.234850	-5.965470	2.476484	4.528652	5.045498	7.213601	5.516070	-5.753424	1.234851	2.664462	5.226817	4.492699	5.045387	-1.541932	2.477160
8751	4	-3.601888	0.036312	-2.907089	1.043575	6.011079	4.251472	5.813380	4.041325	-1.973176	0.036433	5.279008	4.041323	4.372649	4.251321	-2.372826	1.043575
8811	4	2.880739	4.786645	-2.636244	1.019057	-4.969434	-0.051727	1.779864	3.496706	-8.381398	-0.051727	-8.088817	1.016387	7.132113	4.804378	7.436437	3.989845
8815	4	-0.568142	6.194950	-4.284054	-0.971313	-8.935448	2.979434	1.927800	0.110130	-8.935520	2.979434	-4.636959	-0.971313	-0.567811	6.194958	2.281664	0.506519
8826	4	-5.054334	-0.073930	1.535800	4.167825	4.819191	3.986639	-2.091966	0.805201	6.526696	4.113626	6.474400	4.542070	-6.755444	-0.281661	-6.811992	0.778174
8853	4	-4.172317	1.006861	4.657568	4.733401	-5.065707	0.989796	-3.334824	1.444563	4.495868	5.184484	6.162686	4.734081	3.620732	5.152960	-1.795254	1.503168
8892	4	3.112377	4.984167	-4.093381	0.184376	-7.225107	1.110050	-7.095998	0.184353	5.248101	4.984167	5.219475	3.517741	-5.218452	1.110089	2.120043	3.476095
8902	4	5.437806	4.063182	7.185856	4.623369	-1.791273	-0.129903	4.294924	4.623358	-3.797688	-0.245015	-5.970934	1.203704	3.384644	4.063178	-2.604602	1.203705
8903	4	-4.144019	1.306388	-4.122504	2.130353	5.014372	4.654353	2.932553	4.060396	3.774929	4.643180	-3.928809	2.130359	-2.944601	1.309514	2.737689	4.056909
8909	4	2.043581	4.476966	-5.034733	-0.419078	-4.559367	3.548376	-6.441956	-0.419088	4.533652	4.538511	5.942117	3.460632	-1.825264	3.548406	4.463029	3.453227
8921	4	-5.171621	-0.920822	3.114764	3.450237	5.893245	3.867630	6.392425	3.454338	5.893212	3.867629	0.086233	2.084867	-5.171670	-0.920830	-3.275824	1.962913
8935	4	-1.634804	2.866892	3.652987	4.960929	-4.123959	1.306292	-7.358027	2.366369	3.330861	3.600750	-3.893305	2.366372	4.845409	3.642104	5.919420	4.972172
8947	4	3.433946	4.188366	-5.100417	2.299727	-7.962923	-0.323078	-8.963944	1.387384	-2.848645	3.292651	-5.119398	2.296183	4.716799	4.188366	3.057273	3.139075
8979	4	-3.828807	0.686218	-7.135315	1.277456	6.036176	4.871065	4.031398	4.269255	-3.113434	0.686231	2.621600	4.267652	5.546444	4.871065	-5.726533	1.277456
9023	4	3.135992	4.379934	-0.871276	0.074226	4.878605	4.422252	7.111332	3.651054	-4.736374	0.631994	2.902716	3.602826	-6.802590	0.631994	-5.130785	-0.051438
9027	4	-5.708845	-1.507860	3.020010	3.732562	5.256378	3.293926	5.979519	3.761548	-8.356167	-1.507877	-6.563346	1.633059	2.092947	3.293926	-3.564331	1.633759
9059	4	0.963995	0.887185	-5.635362	1.716978	3.932910	4.096067	-1.205056	1.794508	-4.296155	-0.042527	-5.739175	1.716976	6.823519	4.108183	3.698655	4.815320
9075	4	-8.567620	0.698414	-2.667222	0.158095	-5.834902	0.698425	5.222662	3.995651	2.876766	4.445990	-1.087847	0.496665	5.603929	4.489529	6.445113	4.001265
9142	4	-0.161251	3.931903	6.730891	5.251835	-4.163417	1.179900	-5.399239	2.439414	6.300400	5.170445	6.901713	5.251835	-3.864444	1.183808	4.004644	5.251723
9161	4	-2.089115	1.387586	4.694250	3.727803	4.681792	4.561500	-2.504950	2.649245	-2.418098	1.306321	-2.506723	2.648757	4.960236	4.561534	4.695400	3.727865
9163	4	3.629905	2.662131	-3.844696	-0.541865	6.208658	2.715335	5.614757	3.871390	-4.874483	0.421076	-7.961204	-0.543227	-2.136626	0.461490	1.561147	3.871062
9182	4	-5.349858	1.295236	-5.945251	0.419655	-5.156415	1.295897	3.414668	4.325231	5.416975	3.272691	-5.287957	0.419655	5.609754	3.273119	4.129276	4.325245
9186	4	-4.914395	2.303323	-8.726714	0.520193	-2.588726	2.303979	3.711182	4.372584	2.641497	4.341253	-3.539507	0.520195	4.976340	4.610495	8.830769	4.397190
9187	4	-1.769163	-0.070962	4.189114	5.211130	2.331761	3.140574	-3.960340	1.890197	-4.964803	-0.071132	-4.364130	1.793185	5.634519	3.239466	4.683864	5.283007
9214	4	-2.440811	4.207597	-2.516873	1.675026	4.093028	4.391363	-2.379261	1.702355	1.012732	4.391349	5.657440	4.273219	7.399253	4.391363	5.657448	4.273219
9241	4	4.885381	4.589212	5.755290	5.904940	-0.658460	3.984609	-2.213547	2.128136	4.825147	4.587073	-0.359158	3.083951	4.506035	4.574490	-1.444214	2.143274
9267	4	-2.935874	3.957446	5.958394	3.970199	3.505529	4.244113	5.959639	3.970199	1.627647	4.232895	-1.181838	1.255133	-4.691310	3.956915	-1.183418	1.255131
9315	4	2.441375	3.312131	-1.626630	1.999121	5.330800	3.315831	6.363780	4.335833	-1.665027	-1.314910	4.752014	4.335568	-4.614210	-1.439836	-3.450120	1.999112
9326	4	-4.637784	1.144251	-5.699768	-0.283567	3.968172	2.380159	5.558987	3.864614	2.480037	2.379486	-4.693836	-0.283567	-3.153893	1.144259	4.539922	3.864519
9401	4	-4.432023	2.489292	3.558538	4.596911	-5.302982	2.489292	-6.833377	0.003911	2.934225	6.057636	-5.143669	0.003911	3.814643	6.177454	5.308101	4.620696
9414	4	-3.981365	1.139834	-5.311786	0.043550	9.389555	6.591931	6.967383	4.270318	5.862347	6.591648	-3.598441	0.045264	-0.420045	1.158131	5.297941	4.270116
9424	4	-2.569529	-0.430903	0.108099	5.020099	5.837997	2.276358	3.490129	5.025895	5.415576	2.276313	-5.696751	2.383649	-2.992177	-0.430903	-7.132215	2.383392
9436	4	-2.106352	0.940022	1.209652	3.839413	-8.110571	0.940008	-0.424213	0.771211	3.110364	3.603178	6.133716	4.092571	-2.003243	0.940028	4.479116	4.092571
9441	4	-7.541473	0.427811	-4.186728	1.020546	3.440240	4.290421	-2.926920	1.029896	3.674226	4.305715	4.650002	3.062448	-7.320963	0.427811	3.374921	3.056758
9500	4	6.173071	3.470390	6.084609	4.860111	5.344600	3.470378	-2.556059	2.153125	-3.855646	2.190985	-3.032184	2.153100	-3.027170	2.190985	5.611142	4.860111
9519	4	-3.011956	0.063576	-2.847621	1.743740	5.428811	3.278276	6.067104	5.421597	5.428393	3.278276	-0.305641	1.753755	-3.011519	0.063586	3.566007	5.420179
9544	4	4.567552	3.757746	-5.089101	1.517998	-1.806819	-0.127542	2.449941	4.672220	-3.762961	-0.127661	-8.945161	1.517998	5.369847	3.757747	6.347659	4.672539
9571	4	-10.428460	-0.091341	-11.642451	-1.386988	2.195097	4.669542	-4.941031	-1.381367	2.195486	4.669594	0.066322	0.596814	5.092543	4.702558	4.580985	3.178940
9576	4	5.585492	2.143051	-7.696570	2.500815	-1.315527	-0.632433	-9.856589	2.433264	1.216285	2.021393	1.762810	5.316718	7.239820	2.143052	2.593068	5.436752
9597	4	2.774965	4.396801	-0.905217	3.152782	3.843813	4.447953	5.064009	4.115878	-5.690666	0.531591	-2.176064	2.323761	-4.067518	0.531856	4.337281	4.098590
9612	4	3.884958	4.078074	-5.810679	1.852599	-7.171761	1.795064	-7.188031	1.852580	-5.572619	1.795064	2.623969	5.067980	5.504538	4.080602	4.003096	5.116536
9658	4	7.408251	5.941277	5.559649	4.397862	3.788207	5.856801	-3.298191	-0.678381	-7.942431	1.458231	-5.538536	-0.678395	-3.721083	1.458393	3.276300	4.359278
9686	4	-3.388876	2.170132	-1.345526	2.711740	-2.749937	2.180627	5.005180	3.666984	7.553621	4.642094	5.200298	3.669827	6.966566	4.642094	-1.101583	2.718173
9748	4	-1.992068	-0.153536	0.614372	3.806316	4.416842	4.015839	0.745611	3.991641	-1.581403	-0.153491	6.298010	4.776944	4.642959	4.016438	6.412153	4.776944
9781	4	-6.086439	0.655089	-0.479580	4.372185	-10.647943	0.655089	-5.892262	0.230351	-6.064608	0.655089	4.079931	4.476535	5.369826	3.719654	7.344324	4.476535
9801	4	-7.157359	-0.422244	-4.579512	0.918106	7.418375	4.393427	6.192187	4.458489	-4.268896	-0.422244	3.855608	4.455640	4.528752	4.393427	-2.230399	0.918115
9872	4	-7.132318	-0.010343	-4.904138	0.355576	7.162529	4.100533	8.053061	4.487235	2.058489	4.095338	-0.390421	0.355738	-1.628675	0.032364	3.608722	4.465742
9890	4	-4.703357	1.025325	-3.394931	3.530037	-4.679270	1.034521	3.175585	4.109413	6.674367	4.479611	5.193478	4.125949	6.668081	4.479551	-1.362810	3.822049
9949	4	-2.229029	0.829419	-4.608757	-0.073208	4.532054	4.023539	-2.402392	-0.073203	6.595662	4.023561	5.741819	4.203334	-0.126483	2.104975	4.564472	4.203089
9995	4	-0.165494	2.531325	3.199689	4.940047	-0.767542	2.188220	-7.142845	1.375023	4.959773	4.302791	5.439876	5.013170	4.462335	4.239715	-4.106077	1.375198
