4.0	1.0	7.2152330000000005	61.202676000000004	5.332304	2.05991	0.483814	0.8133729999999999	0.622038	0.21911	14.987665	4.0	15.347469	7.70944	4.0	0.11810799999999999	17.252792000000003	6.0	53.507388	16.121433	1.0	43.722878	14.555933999999999	1.0	61.425276000000004	7.977013	3.0	0.012145	5.028269	2.0	18.888562	2.13213	5.0	13.595032999999999	5.997866999999999	3.0	57.631425
305.0	1.0	9.811766	60.333329000000006	14.969264	1.9633029999999998	0.8802190000000001	0.9514959999999999	0.831282	0.8612049999999999	21.699308	4.0	47.473988	1.8975349999999997	2.0	0.010401	10.392782	5.0	15.563082000000001	8.188809	1.0	75.686367	18.209218	1.0	17.058884	13.519231	6.0	0.014412000000000001	4.028773	6.0	89.750372	5.560961	4.0	93.684434	11.86459	3.0	75.060285
336.0	1.0	90.117272	2.044539	40.882049	3.6617129999999998	0.544621	0.507437	0.43550500000000003	0.583472	14.784541	6.0	83.850649	11.211822999999999	3.0	0.044002	9.461227000000001	4.0	28.415124	16.216334	6.0	98.796637	18.272901	4.0	96.286089	4.492817	1.0	0.021018000000000002	5.716692	5.0	33.914413	5.573279	3.0	38.608067999999996	5.615480000000001	2.0	84.506121
367.0	1.0	58.124582	2.5238970000000003	13.294351999999998	18.207481	0.663177	0.926318	0.7598010000000001	0.697477	13.783860999999998	1.0	28.2584	10.598719000000001	3.0	0.010911	12.645842	1.0	64.374438	0.589707	1.0	38.783638	15.336888	2.0	10.909607000000001	2.175338	3.0	0.039398	2.160963	3.0	58.03875	4.840903	6.0	71.080621	20.514094	3.0	62.820431000000006
565.0	1.0	49.270951000000004	14.672989000000001	91.77918199999999	12.847091	0.714284	0.930668	0.775812	0.502783	21.479727	5.0	62.082007	21.526505	3.0	0.026855	2.700548	1.0	81.762178	15.015142	3.0	53.849456999999994	15.251703	2.0	64.391769	15.947783	2.0	0.022981	1.767884	5.0	5.656256	4.804790000000001	5.0	56.209683999999996	24.665394	6.0	35.152972999999996
631.0	1.0	8.838746	7.526664	14.815682	5.413659	0.8438979999999999	0.751497	0.836996	0.173663	8.088994999999999	4.0	91.77428	23.626168	1.0	0.010465	13.133178	1.0	58.26303299999999	13.035844	1.0	92.350373	7.355722999999999	1.0	93.859606	23.380428	5.0	0.016533000000000003	2.151157	2.0	95.33369300000001	4.164582	4.0	98.91640799999999	17.710563	4.0	72.05939000000001
707.0	1.0	22.062276999999998	16.323271	15.267026999999999	3.648085	0.885985	0.7031270000000001	0.674098	0.59087	2.339107	3.0	9.251724000000001	11.053026	2.0	0.012901	9.353525999999999	1.0	12.908189	18.163395	1.0	35.179386	5.362621	1.0	19.261246	3.787528	3.0	0.013326	1.3067469999999999	5.0	45.568042	3.4337440000000004	5.0	46.46772	21.910742000000003	2.0	18.399357000000002
804.0	1.0	5.100248000000001	26.544154	16.247633	4.5243269999999995	0.850252	0.886359	0.12270999999999999	0.610727	7.150643	2.0	68.83900200000001	9.971661	3.0	0.017261000000000002	2.0003490000000004	5.0	67.891976	18.453048000000003	6.0	71.058314	11.96519	5.0	81.479924	12.581037	5.0	0.067605	5.8635980000000005	6.0	2.2873040000000002	0.959986	6.0	90.342156	15.278473000000002	5.0	50.053069
938.0	1.0	85.407572	12.880542	2.8729139999999997	46.003378999999995	0.978316	0.876616	0.961517	0.406949	20.033603	2.0	82.634339	12.160060000000001	1.0	0.011728	6.320787999999999	5.0	5.3175099999999995	19.083031	1.0	33.577187	23.044144	3.0	43.367248	11.044387	3.0	0.026550999999999998	2.648167	3.0	96.103817	3.028466	1.0	39.656838	6.880692	2.0	16.903751
951.0	1.0	18.605091	22.393587	1.527701	10.526097	0.643698	0.573607	0.454927	0.775775	15.911384	5.0	97.326737	18.266878	6.0	0.010737	4.323161	1.0	93.266387	19.204484	3.0	31.139536	16.524084	2.0	42.299574	7.309697	4.0	0.032376999999999996	2.173311	3.0	64.233583	4.726838	4.0	41.213502000000005	14.248376	2.0	54.551058
1009.0	1.0	98.430575	5.961384	54.788742000000006	16.535535999999997	0.807775	0.478758	0.458848	0.58535	16.035194	5.0	50.723739	17.477872	4.0	0.087269	17.720243	6.0	28.630744	20.373397	3.0	39.499915	23.275177	6.0	96.91261	16.236112	5.0	0.012661	4.568909	4.0	86.323614	4.978569	3.0	12.789254	20.973110000000002	2.0	16.957972
1013.0	1.0	22.200881	15.381924	64.679052	9.27247	0.9249209999999999	0.7478560000000001	0.196049	0.654283	19.163759	6.0	26.585328999999998	23.507126	3.0	0.023582	7.379694000000001	6.0	73.575313	3.9070650000000002	2.0	39.485486	23.327030999999998	4.0	40.258171999999995	20.185673	5.0	0.018571999999999998	5.893545	4.0	50.693988	5.389635	2.0	5.22539	23.195642000000003	2.0	27.934479999999997
1026.0	1.0	23.22144	1.140994	48.342064	17.102224	0.9549049999999999	0.100536	0.488425	0.927909	11.970349	4.0	63.577148	20.298153	2.0	0.046258999999999995	12.922383	5.0	53.000648	10.388763	2.0	75.721671	0.732608	6.0	81.738104	0.528185	3.0	0.023025999999999998	5.197014	1.0	98.817341	3.643386	1.0	23.712169	17.186451	2.0	34.574432
1079.0	1.0	66.26768299999999	4.82101	12.621016000000001	30.780884000000004	0.42139499999999996	0.268972	0.48271000000000003	0.9051290000000001	14.075674	2.0	18.589807	17.848159	5.0	0.032249	12.554523	4.0	13.9606	21.36634	2.0	57.49899	23.552032999999998	4.0	68.096924	22.376053	1.0	0.014155000000000001	5.71785	2.0	85.896721	1.270119	4.0	68.63123	23.686613	1.0	18.883929000000002
1111.0	1.0	63.946453000000005	8.041313	15.361505	3.010999	0.954965	0.37400300000000003	0.966757	0.49886	12.662001	4.0	33.227325	24.249111	3.0	0.012745999999999999	10.147903	3.0	95.401591	22.315376999999998	5.0	38.759134	18.677081	5.0	27.135067	22.232605	6.0	0.01384	2.872947	4.0	36.222485999999996	1.70547	6.0	48.561972999999995	22.036387	6.0	65.85089
1166.0	1.0	88.236791	2.878397	99.94266400000001	13.473651	0.43016400000000005	0.510488	0.8109649999999999	0.673879	19.877487	1.0	60.31881800000001	8.812646	2.0	0.013597	12.183556	5.0	57.309991000000004	6.231283	3.0	88.120463	21.773951999999998	3.0	48.6497	7.469208	3.0	0.01853	3.438615	2.0	83.19581	1.197365	3.0	95.51867299999999	24.15567	4.0	71.372789
1243.0	1.0	1.7029830000000001	31.575194	13.707982000000001	3.37638	0.587914	0.289031	0.956009	0.876826	1.591579	3.0	24.071614999999998	18.226197	4.0	0.035532999999999995	8.324580000000001	5.0	58.175968000000005	18.137096	6.0	26.865331	20.602782	5.0	39.084871	22.676548999999998	2.0	0.011742	3.635186	6.0	86.40733	0.23786	2.0	37.11691	17.669379	1.0	27.793337
1302.0	1.0	24.898877	10.453619	1.759939	59.708066	0.88136	0.408049	0.499414	0.550417	13.908779999999998	5.0	59.098874	24.47981	1.0	0.031085	2.460379	1.0	8.377341	17.380323999999998	1.0	17.540612	7.039607000000001	6.0	73.959659	23.849628	4.0	0.011819	2.847164	4.0	95.661197	0.203296	3.0	94.445695	13.4521	1.0	50.835876
1332.0	1.0	45.453407	70.47725799999999	52.000989000000004	65.69874399999999	0.7754270000000001	0.6042109999999999	0.9877540000000001	0.165433	10.911571	6.0	49.603203	18.723997	4.0	0.020529	18.018031	4.0	50.866602	0.498213	4.0	6.927246	10.998579	3.0	97.077896	0.857417	5.0	0.087809	2.870244	3.0	86.589534	2.092891	1.0	1.2207379999999999	12.124344	5.0	70.261535
1424.0	1.0	21.32274	7.269753999999999	55.132338	6.276623000000001	0.748003	0.425915	0.168062	0.94578	8.890419	6.0	50.925669	5.563667	1.0	0.010773	17.668722	5.0	49.275784	19.928585	4.0	89.662873	11.999247	5.0	98.677936	20.40099	1.0	0.012102	5.615143	5.0	47.02518	4.908208	3.0	24.152119	23.888597	1.0	85.274835
1447.0	1.0	77.604333	2.1575919999999997	15.146889999999999	4.881598	0.245625	0.720645	0.9940829999999999	0.554496	20.088957999999998	5.0	71.057344	5.028226	6.0	0.023393	8.374381	2.0	87.11964300000001	15.621016000000001	2.0	52.144855	17.053775	5.0	27.689313000000002	1.9960369999999998	2.0	0.020329	2.745458	2.0	35.607471999999994	3.228424	1.0	26.574786	9.726511	5.0	79.358356
1495.0	1.0	92.457204	1.7361630000000001	24.842520999999998	17.668625	0.151615	0.191748	0.99425	0.571757	12.514412	6.0	57.330808999999995	13.495985000000001	4.0	0.023011	6.918080000000001	6.0	63.404602000000004	22.375979	2.0	17.310101	0.543209	3.0	50.932764	22.541651	6.0	0.012804	2.659968	2.0	85.144797	2.565041	1.0	45.854369	23.885581	6.0	61.985416
1504.0	1.0	19.395207	8.06039	20.813503	24.358302	0.457707	0.59714	0.291506	0.756799	10.043324	6.0	12.821639	20.196393	4.0	0.023558000000000003	12.08024	5.0	61.376293000000004	5.674593	1.0	62.981460999999996	23.004464000000002	6.0	62.892678000000004	17.740159	4.0	0.059976999999999996	2.401975	1.0	87.732998	3.7046449999999997	4.0	54.756344999999996	19.721934	5.0	89.772963
1577.0	1.0	66.22287299999999	14.211726	71.374387	20.125303	0.29996300000000004	0.51455	0.820593	0.721229	21.330046	5.0	57.471757999999994	15.202419	3.0	0.041753	18.139745	1.0	93.831106	16.919515	3.0	58.817001	18.234904	2.0	66.54648900000001	14.174954000000001	6.0	0.050454	2.9643610000000002	6.0	92.21497600000001	0.648158	3.0	20.915796	15.515715	3.0	47.922763
1880.0	1.0	9.230361	14.836341000000001	26.368969	12.691442	0.449978	0.9969379999999999	0.762582	0.601396	22.713335	2.0	84.57415300000001	5.3961809999999995	3.0	0.017669999999999998	13.361966	2.0	48.299561	4.836409	6.0	86.08215799999999	24.053411999999998	2.0	28.187597999999998	19.506928	4.0	0.016931	3.8135209999999997	3.0	65.90553	4.295251	2.0	82.56768100000001	11.542147	5.0	66.878668
1881.0	1.0	8.877521	96.951104	67.873189	36.118921	0.621739	0.637005	0.5214840000000001	0.8849530000000001	13.866853	5.0	88.62141899999999	22.504137	1.0	0.014381999999999999	17.900664000000003	5.0	56.587478000000004	18.596726	3.0	47.300267	25.005808	1.0	82.37023	8.723771000000001	2.0	0.024338	4.648005	3.0	36.861502	4.152926	1.0	49.100289000000004	24.76675	2.0	51.583477
1899.0	1.0	72.795525	2.089436	93.6471	6.174647	0.568561	0.518179	0.31750100000000003	0.440669	14.227067000000002	1.0	33.459137	24.111367	2.0	0.321601	17.930263	3.0	4.9751959999999995	5.868244	2.0	1.362514	18.728579	4.0	66.578452	7.779064	2.0	0.048705	3.0642259999999997	2.0	26.731745	5.236244	6.0	53.341064	10.993133	6.0	24.955420999999998
1994.0	1.0	83.81671999999999	5.533487	12.088054	15.371056	0.518887	0.791157	0.27473800000000004	0.953801	23.3644	1.0	8.771447	5.183361	3.0	0.025998	14.074382	3.0	73.280478	15.435485	3.0	34.979727000000004	7.2881100000000005	2.0	30.483943	20.766023999999998	4.0	0.014802000000000001	2.710409	3.0	8.789143	3.015047	2.0	6.001531	10.301098	2.0	17.385503
2227.0	1.0	63.195485999999995	10.542385000000001	4.8111239999999995	14.927546	0.911935	0.41781599999999997	0.8371780000000001	0.212714	23.283667	1.0	98.278603	13.938889000000001	2.0	0.022914	7.283053999999999	6.0	53.369009999999996	23.945369	5.0	38.139716	9.406236	2.0	10.763196	15.915172	3.0	0.014794	5.129825	1.0	7.884836999999999	5.608811	6.0	13.660773999999998	10.441367	4.0	30.285621999999996
2230.0	1.0	1.018229	16.521801	98.969802	10.753389	0.489634	0.474588	0.8345090000000001	0.8039850000000001	7.9282960000000005	4.0	26.494386	12.896806	1.0	0.027502999999999996	17.133808	6.0	46.005112	18.914686	3.0	11.474666000000001	7.853232000000001	3.0	63.70689300000001	9.573360000000001	4.0	0.013197	4.666892	2.0	38.534201	4.523605	3.0	72.121099	20.161873999999997	1.0	53.254039
2242.0	1.0	96.08001999999999	14.710404999999998	9.216242	2.314053	0.958147	0.8397899999999999	0.5124029999999999	0.693735	18.259141	5.0	16.451627	7.812775	4.0	0.011689	11.316275	4.0	52.376445000000004	23.289673999999998	6.0	94.809187	1.7393169999999998	3.0	90.125553	5.193703	4.0	0.034119	0.683762	3.0	11.021446000000001	3.533401	6.0	79.736021	17.267201	3.0	85.635164
2564.0	1.0	69.76804200000001	3.884054	99.41471700000001	19.185979	0.768115	0.6615949999999999	0.335985	0.581986	3.147373	4.0	61.041466	5.831497	3.0	0.016169	15.465894	5.0	57.170882999999996	21.572468	5.0	77.491694	17.614762	6.0	84.483633	6.2321089999999995	4.0	0.021253	4.970937	4.0	59.920570999999995	4.086279	2.0	15.759835	22.400682	5.0	23.585182
2671.0	1.0	40.160852	22.461387	40.382682	25.912546	0.8847809999999999	0.927148	0.8932979999999999	0.852941	15.871035999999998	3.0	27.465032	6.9800320000000005	4.0	0.518645	6.601089	3.0	91.11896	14.365649	1.0	55.332246999999995	18.677415	1.0	66.214674	9.604822	5.0	0.017036000000000003	3.705627	5.0	34.776427000000005	0.6037520000000001	2.0	64.23265699999999	24.166039	4.0	12.835782
2685.0	1.0	79.968896	5.7756870000000005	44.350402	5.508030000000001	0.7595270000000001	0.715527	0.896101	0.907004	7.92643	5.0	36.606538	10.424425	5.0	0.010153	7.120665	5.0	34.435709	20.756923999999998	2.0	8.83868	10.37102	3.0	7.146947	4.554379	1.0	0.085388	4.791304	6.0	51.889626	2.685706	4.0	15.357258999999999	10.007908	5.0	8.921956
2817.0	1.0	8.942535000000001	27.934086999999998	50.300527	7.885242	0.749703	0.652004	0.5847479999999999	0.445312	16.181534	1.0	39.243513	12.113515	1.0	0.014869	17.512506	4.0	54.243353000000006	2.5590029999999997	3.0	17.690549	16.735424	1.0	47.399307	18.995321	5.0	0.018726	5.078794	3.0	20.07969	3.1410810000000002	2.0	81.658326	16.780082999999998	4.0	34.563456
2891.0	1.0	12.979661	2.188564	6.782152000000001	14.961378	0.917062	0.666736	0.906235	0.823644	12.052451	5.0	10.316078	12.659319	1.0	0.017172999999999997	1.94025	6.0	56.514720999999994	22.592959	3.0	50.496272	20.188453	1.0	19.996914999999998	17.604216	1.0	0.047089	3.681517	3.0	3.575407	0.228771	2.0	2.625659	0.678992	1.0	3.697446
3012.0	1.0	1.9329759999999998	14.155607999999999	82.651028	9.488031	0.6257739999999999	0.5807439999999999	0.589741	0.560185	4.401732	2.0	12.341186	7.8944160000000005	5.0	0.012155	15.661357	3.0	2.662991	14.309593	6.0	39.369565	6.440030999999999	4.0	59.979618	10.026097	2.0	0.010329999999999999	2.201284	3.0	45.142723	1.376665	4.0	95.035966	13.439542999999999	2.0	23.976122
3033.0	1.0	88.30075699999999	17.18496	69.381962	19.644702	0.363708	0.885959	0.452413	0.755024	9.987525	5.0	8.517316000000001	21.786986	1.0	0.043355	18.416557	1.0	56.69009499999999	16.446754000000002	1.0	33.101713000000004	23.139266	3.0	51.318407	5.5807459999999995	6.0	0.043692	5.278361	4.0	22.018698999999998	0.8375809999999999	5.0	16.048922	20.539251999999998	3.0	29.791121
3124.0	1.0	2.084356	57.598104000000006	57.59516899999999	1.703687	0.256238	0.197445	0.5209229999999999	0.39858899999999997	13.543706	2.0	87.235479	15.016947	5.0	0.018604	12.925548	5.0	91.887027	9.215347999999999	6.0	15.935772	10.548237	1.0	23.168809	5.3597209999999995	2.0	0.013567	4.955997	4.0	34.98441	1.339604	3.0	37.882143	19.12425	2.0	13.200623
3220.0	1.0	83.496725	3.9999239999999996	5.080765	3.657772	0.603128	0.346037	0.655021	0.7483529999999999	8.663962	1.0	44.149156	15.829634	5.0	0.011243000000000001	5.245851999999999	4.0	57.757305	12.232258999999999	1.0	35.262815	13.985589000000001	5.0	18.919717000000002	20.93679	3.0	0.115271	1.794403	4.0	23.682968	5.119779	6.0	90.66521800000001	7.3215330000000005	3.0	40.459803
3252.0	1.0	96.718377	5.105357	31.263868	7.286167	0.17372200000000002	0.293597	0.22405300000000003	0.61556	11.827161	4.0	57.872688000000004	12.34971	3.0	0.01175	15.883151999999999	6.0	55.316345	11.181983	6.0	32.040445	15.003687	3.0	30.852794	16.909810999999998	6.0	0.015313	5.011645	3.0	31.271762	1.633361	4.0	58.336631000000004	23.894538	5.0	48.094538
3396.0	1.0	43.14754	7.352521	3.475254	23.542068	0.689617	0.406684	0.8240569999999999	0.9425600000000001	3.479061	6.0	60.177387	8.5788	2.0	0.016156	9.227212	3.0	22.894973	18.370338	2.0	84.753811	2.5417799999999997	1.0	50.700178	11.704933	6.0	0.024403	2.8508880000000003	3.0	37.531915999999995	3.875086	4.0	93.03573399999999	6.101898	2.0	63.47405500000001
3400.0	1.0	12.175702000000001	5.024572	28.735028999999997	7.578653	0.516019	0.297102	0.979527	0.490432	11.829124	1.0	60.641741	7.047973	1.0	0.016353	11.284171	5.0	56.68068	17.563191	2.0	17.045983	22.809822	2.0	75.066677	6.378008	6.0	0.027402999999999997	3.867475	4.0	20.223746	3.622314	1.0	50.682012	4.760153	6.0	30.80493
3423.0	1.0	5.838649	23.966268	75.646556	15.976477	0.8427969999999999	0.43156000000000005	0.820025	0.5767369999999999	14.875332	1.0	84.625431	23.854481	6.0	0.020537	16.046664	6.0	27.125905	6.921148	1.0	54.478168000000004	14.553176	6.0	43.174492	13.03159	5.0	0.015571000000000002	4.685535	2.0	51.868942	2.8376509999999997	6.0	30.857881	21.790454999999998	6.0	79.311006
3429.0	1.0	25.288232999999998	2.670807	70.117083	2.397247	0.517217	0.555413	0.852576	0.403857	12.226316	1.0	47.510745	13.961563	1.0	0.031318	10.393248	5.0	43.853319	1.190941	2.0	51.489348	21.755311	1.0	56.152013000000004	21.158336	6.0	0.020191999999999998	4.417051	1.0	79.11638	0.6619079999999999	2.0	33.293906	9.342865	6.0	32.090976
3509.0	1.0	33.512570000000004	7.094738	12.392355	12.116605999999999	0.717787	0.721051	0.8013319999999999	0.643725	18.126775	6.0	59.429478	9.800944	3.0	0.045368	15.157207999999999	4.0	67.644737	6.9861699999999995	6.0	75.275695	24.479178	3.0	77.283652	2.120853	2.0	0.062828	0.244802	5.0	22.181931	4.936553	1.0	63.759466	4.200771	5.0	6.4345349999999994
3681.0	1.0	37.099198	2.362938	27.86435	8.393701	0.111384	0.21007399999999998	0.49957399999999996	0.663276	16.558369	5.0	88.586908	22.913299	6.0	0.019375	17.406122	4.0	67.82157600000001	2.249906	2.0	30.747457	1.870269	3.0	80.32618000000001	16.648309	6.0	0.078875	3.9718489999999997	4.0	59.603562	5.8564	2.0	73.721423	21.456070999999998	5.0	73.29887099999999
3731.0	1.0	37.372954	10.993291000000001	91.34415	6.810600999999999	0.7136399999999999	0.49390100000000003	0.654946	0.358244	15.447602	5.0	13.293217000000002	5.6640559999999995	4.0	0.11741199999999999	7.556074000000001	4.0	19.119870000000002	24.03341	2.0	84.210032	20.47661	3.0	69.978219	12.252327000000001	2.0	0.015219	1.710794	4.0	82.795234	5.057426	6.0	92.966954	24.456692	2.0	98.96799
3761.0	1.0	19.732104999999997	24.381963	29.242490000000004	5.314304	0.693372	0.8782049999999999	0.8760879999999999	0.393827	5.484069	4.0	55.706320999999996	2.5429	4.0	0.046812	9.475127	1.0	56.163008	13.498566	3.0	84.21872900000001	10.499214	2.0	11.981541	14.309707000000001	6.0	0.010421	1.96249	6.0	28.384686	4.383856	2.0	84.236626	20.169667	2.0	88.575613
3763.0	1.0	95.36869	9.365661	58.173044	21.347803	0.733521	0.9311290000000001	0.767005	0.593591	12.260594000000001	3.0	44.294748	4.162372	4.0	0.011127	13.81599	4.0	37.274276	14.056595000000002	2.0	84.63078900000001	12.747394	1.0	35.179590999999995	13.79202	4.0	0.042004	4.5674779999999995	5.0	61.280226	2.424397	2.0	77.846079	22.778979999999997	5.0	71.437053
3771.0	1.0	78.962271	13.194695999999999	1.351987	16.147226999999997	0.423725	0.8661559999999999	0.107795	0.736445	9.636144	5.0	19.072470000000003	13.299114000000001	1.0	0.028479	0.917366	4.0	77.883471	16.451143	5.0	18.70607	10.396624000000001	2.0	20.855513000000002	8.286946	3.0	0.161207	5.365837	1.0	7.976128999999999	3.5772730000000004	6.0	94.530716	14.282294	2.0	16.362382
3789.0	1.0	4.246772	46.189211	72.986645	11.521816000000001	0.90055	0.6275470000000001	0.9742129999999999	0.613433	6.989897	4.0	61.225113	5.094938	1.0	0.015746	12.390516	5.0	38.112296	19.190170000000002	6.0	90.70599200000001	6.941286999999999	1.0	68.252442	17.54814	5.0	0.018345	0.69591	4.0	92.643254	5.490716	4.0	58.914258	23.658669	4.0	70.327483
3883.0	1.0	90.940811	5.5881680000000005	97.79767	7.009189	0.698962	0.6073770000000001	0.9111379999999999	0.6782239999999999	12.947002000000001	2.0	97.55276500000001	20.259148	1.0	0.014731000000000001	13.978470000000002	6.0	9.733854	8.19695	1.0	23.061377	19.932954000000002	3.0	43.671625	18.21811	6.0	0.010375	1.57369	4.0	50.469377	0.821901	5.0	40.639485	7.986813000000001	3.0	27.898225
3928.0	1.0	14.15644	7.571892999999999	2.656475	29.641515000000002	0.186024	0.9887	0.342273	0.790458	23.74091	6.0	83.324123	13.564105	1.0	0.010639000000000001	3.215983	4.0	42.075913	6.916389	1.0	87.906847	5.432205000000001	6.0	92.417709	22.106673	6.0	0.010342	5.9164699999999995	5.0	9.761324	4.121029	6.0	44.230226	1.7296200000000002	4.0	28.093843
4033.0	1.0	23.461192999999998	17.477883	88.689554	7.809622	0.685975	0.7034229999999999	0.361199	0.317945	8.526069	4.0	96.62249200000001	3.948839	4.0	0.01323	17.034354999999998	4.0	70.78128199999999	13.888285	2.0	47.745442	14.509571	5.0	22.106614999999998	11.465017	3.0	0.023939	5.936215	2.0	60.097770999999995	0.395492	6.0	43.795128999999996	25.353031	1.0	69.6503
4045.0	1.0	31.702675	6.863938	3.258712	41.834321	0.677938	0.904819	0.768709	0.5070319999999999	4.736624	4.0	91.815804	3.58629	3.0	0.032463	5.584022	1.0	77.04705200000001	15.965354999999999	2.0	45.731958	4.146029	6.0	74.301266	3.9265769999999995	1.0	0.021374	5.268706	5.0	68.575886	1.580389	1.0	8.568029	14.052753	4.0	22.475579999999997
4049.0	1.0	3.4557089999999997	13.331407999999998	87.472899	11.81529	0.8590530000000001	0.49426499999999995	0.64271	0.898546	10.119183	4.0	34.366044	1.287302	2.0	0.017043	14.217544	4.0	29.678649	24.31338	3.0	70.117396	8.883899000000001	2.0	96.632825	24.289362	5.0	0.029833	1.001751	2.0	93.358368	2.797169	1.0	68.813467	16.390137	4.0	82.892534
4101.0	1.0	68.605815	10.175436999999999	20.556929999999998	9.861808	0.14344300000000001	0.37264400000000003	0.340619	0.767037	5.710546	3.0	50.642059	2.8713040000000003	5.0	0.012173999999999999	16.848012	2.0	42.077051000000004	17.844513	3.0	59.658015	22.034782999999997	5.0	41.668123	19.736648000000002	3.0	0.100457	4.846667	3.0	70.616095	5.652056	1.0	47.994659000000006	17.314546	3.0	45.789358
4229.0	1.0	8.499717	14.535186999999999	55.478538	3.6035699999999995	0.577814	0.8209770000000001	0.855941	0.673858	8.850462	2.0	79.379921	16.061095	6.0	0.516042	15.180082999999998	4.0	88.982731	16.880573000000002	2.0	75.154133	13.351864	6.0	85.23497900000001	20.638956	1.0	0.016603	2.632072	4.0	12.930883999999999	0.6611130000000001	2.0	73.33457299999999	13.327689000000001	5.0	75.315162
4290.0	1.0	20.562032000000002	8.245538999999999	83.86299100000001	7.716164	0.7034159999999999	0.42154200000000003	0.8334959999999999	0.31397600000000003	18.577754000000002	5.0	15.919443	10.060699000000001	4.0	0.012669	9.97758	4.0	23.219231	20.915785999999997	1.0	97.36143100000001	10.269173	3.0	39.516669	11.320202	2.0	0.065371	2.158427	6.0	68.7871	3.128816	4.0	13.588985000000001	19.935917	5.0	79.968601
4375.0	1.0	1.5447870000000001	23.18396	31.053658000000002	4.659762000000001	0.865225	0.48298500000000005	0.475685	0.5802350000000001	9.673842	1.0	61.839766000000004	2.015357	2.0	0.015586000000000001	15.822757000000001	2.0	21.791454	9.631203999999999	3.0	89.267563	23.609172	5.0	66.839321	8.813958999999999	5.0	0.011826	2.6162970000000003	3.0	76.675023	0.146897	2.0	39.514661	13.584669	2.0	36.18925
4386.0	1.0	62.178952	26.557937	6.039676	83.784216	0.385309	0.9500430000000001	0.989649	0.363415	17.287489	1.0	24.992179	23.667932	6.0	0.011601	12.187667999999999	1.0	54.687113000000004	21.414596	5.0	74.672223	7.113882	3.0	92.377798	9.933594	1.0	0.010777	4.839955000000001	2.0	75.30080500000001	2.59613	6.0	10.552875	1.7844740000000001	2.0	96.943616
4424.0	1.0	57.259527	1.0462639999999999	19.400575	3.540397	0.552138	0.42056099999999996	0.6594909999999999	0.630811	11.633691	1.0	65.157613	21.812124	1.0	0.013013	7.558284	1.0	53.734233999999994	14.943701	4.0	34.291401	4.5967970000000005	2.0	43.926975	14.220388	6.0	0.012121999999999999	0.612703	1.0	20.130444	3.870401	1.0	35.314251	24.841593	5.0	99.192982
4798.0	1.0	4.323633	27.166795	48.007984	15.472814000000001	0.813597	0.385754	0.338475	0.950888	13.343106	3.0	77.676363	19.594584	3.0	0.022542	11.343630000000001	5.0	23.454598999999998	10.079872	4.0	95.794321	20.326825	2.0	80.41853499999999	7.54905	1.0	0.033393	1.649234	5.0	66.141623	4.5079970000000005	3.0	56.395497999999996	12.002493	3.0	18.126682000000002
4822.0	1.0	7.012991	24.623502	2.609705	2.66223	0.458366	0.993034	0.862059	0.31003600000000003	11.804889	6.0	84.202635	17.222113	6.0	0.027537	9.544789	4.0	49.769169	9.509561999999999	2.0	74.09860400000001	14.174504	2.0	81.451713	12.439285	6.0	0.010151	4.264034	1.0	78.042027	1.992743	2.0	9.299536	1.490756	1.0	68.01065899999999
4826.0	1.0	50.965807	14.747991	27.606035	19.173428	0.700138	0.7074630000000001	0.771442	0.9919450000000001	23.558248000000003	1.0	96.710412	22.54597	3.0	0.011979	7.886839	5.0	23.293367	10.703315	2.0	36.688707	23.833581	1.0	52.271522999999995	23.65521	6.0	0.013580000000000002	4.524051999999999	6.0	96.422237	1.09251	4.0	99.886127	18.513747	6.0	67.167837
4862.0	1.0	47.464921000000004	1.532301	1.166385	9.022273	0.499183	0.798201	0.818178	0.205506	9.224079	4.0	95.031299	1.709381	2.0	0.056029999999999996	11.171548	4.0	97.342387	1.302664	1.0	20.100182	4.525682	1.0	45.484512	11.909853	4.0	0.040007999999999995	2.341856	1.0	7.045106	4.0910269999999995	3.0	68.48869300000001	10.836609	5.0	59.259166
4889.0	1.0	34.034846	7.475086999999999	1.494643	99.75565	0.9111319999999999	0.391556	0.948787	0.718344	15.810016000000001	5.0	74.255296	17.062324	3.0	0.013572	1.49381	6.0	27.444031	17.234505	1.0	38.659031	9.654435000000001	6.0	71.545792	13.954908999999999	1.0	0.15601099999999998	3.896001	5.0	23.801752	2.3054759999999996	3.0	30.690901	21.91261	4.0	12.163649000000001
4907.0	1.0	37.998424	5.38563	5.47074	13.263760999999999	0.28630900000000004	0.9055350000000001	0.579365	0.7284649999999999	10.964841999999999	3.0	36.021212	8.806575	6.0	0.011344	1.493472	4.0	77.68566	14.782228	3.0	10.831413000000001	17.689813	6.0	81.02902900000001	4.435894	4.0	0.033795	3.909497	3.0	96.674329	5.613899	4.0	94.688837	7.366886	1.0	27.533123
4947.0	1.0	87.256522	13.301853	6.255259	25.752505	0.32221500000000003	0.9737309999999999	0.8297190000000001	0.416545	11.418636	5.0	77.898534	20.481547	1.0	0.069096	8.281814	6.0	64.648777	17.580476	1.0	20.465878	18.974366	4.0	69.593692	7.479519	6.0	0.114277	2.771894	1.0	45.538486999999996	4.987823000000001	5.0	26.279221000000003	22.684897	4.0	67.431935
5078.0	1.0	33.377796999999994	12.191685000000001	48.755917	1.857984	0.8449190000000001	0.43366099999999996	0.6905479999999999	0.48384499999999997	4.313949	1.0	75.88643499999999	4.336067	5.0	0.01414	14.762791	5.0	42.802595000000004	16.091193	2.0	72.065899	18.065898999999998	5.0	39.313303999999995	6.361518	5.0	0.011377	3.142049	2.0	66.1688	0.742721	5.0	42.395669	25.031385	5.0	87.288446
5166.0	1.0	79.623807	1.0706120000000001	70.095134	1.880367	0.382646	0.5542	0.237729	0.384583	14.848689000000002	2.0	42.527072	21.927784	5.0	0.011116	17.133848999999998	2.0	99.071689	14.809420999999999	5.0	45.52925	25.005846	4.0	64.015517	3.04299	1.0	0.023235	3.7417	6.0	83.046	0.354036	6.0	50.452476000000004	1.7052080000000003	2.0	10.840009
5346.0	1.0	20.607611	31.036371000000003	68.61081899999999	2.024923	0.802037	0.722671	0.9461510000000001	0.696179	13.715654	3.0	18.967845	22.352407999999997	5.0	0.014746	18.480311	1.0	45.509037	6.41142	1.0	55.677131	24.236828	2.0	79.386833	2.750463	6.0	0.012957	2.301988	5.0	41.078981	3.205085	1.0	23.512866	21.219814000000003	3.0	33.030428
5380.0	1.0	93.68876	3.209553	22.059529	16.070878	0.675301	0.305998	0.505263	0.89139	6.731503	5.0	85.20313399999999	1.1896879999999999	6.0	0.125027	12.419114	1.0	78.224948	14.437344	1.0	13.858157	24.847109	4.0	95.16479100000001	21.638662	4.0	0.03581	1.6044479999999999	1.0	12.230683	5.8455900000000005	3.0	87.899953	23.315695	4.0	38.287289
5393.0	1.0	29.312278999999997	21.616837	44.553038	10.808985	0.9889969999999999	0.750492	0.136917	0.411364	9.424046	2.0	71.277024	17.936853	2.0	0.014397	8.116116	6.0	55.064547999999995	24.026845	1.0	27.714545	18.449918	2.0	91.463033	14.985764999999999	5.0	0.033147	2.3095209999999997	2.0	59.160739	0.40615100000000004	4.0	50.285985	22.909945999999998	2.0	38.002072
5525.0	1.0	10.109286	1.272039	40.511086999999996	1.323943	0.454793	0.9606389999999999	0.931651	0.8732200000000001	12.682350999999999	6.0	75.264259	6.519617	4.0	0.018417	17.357742000000002	1.0	59.583835	19.399556	3.0	27.047794	14.428435	2.0	80.501228	7.542016	3.0	0.010323	2.100771	1.0	51.052184000000004	5.832229	2.0	29.173145	4.249128	5.0	84.970031
5547.0	1.0	15.100586999999999	5.777639	1.1129120000000001	65.532409	0.607938	0.701745	0.150455	0.988771	7.924496	2.0	29.485267999999998	15.74944	5.0	0.011323999999999999	11.338385	5.0	41.813539	16.502823	1.0	57.401467000000004	6.304009	5.0	23.662595	5.943631	4.0	0.018869	2.437815	1.0	65.616575	5.209472	4.0	81.098022	18.479305	3.0	67.792611
5549.0	1.0	34.619446999999994	19.675326000000002	3.222725	3.0433619999999997	0.5289699999999999	0.959252	0.5249510000000001	0.218396	20.834158	1.0	42.264944	4.327292	2.0	0.088506	12.899346000000001	1.0	82.933252	15.144627999999999	4.0	19.930937	1.442974	3.0	69.635762	7.808400999999999	4.0	0.013212	1.609424	3.0	86.710629	0.114944	5.0	15.718678	6.560497	6.0	31.508754999999997
5664.0	1.0	96.721733	9.149965	15.034417999999999	32.170278	0.312707	0.297308	0.498258	0.969967	17.373657	6.0	60.620757999999995	16.066824	4.0	0.012024	3.9732870000000005	6.0	66.879335	19.826601999999998	4.0	99.02965	2.4917569999999998	3.0	85.321523	8.891516000000001	1.0	0.01123	0.880265	1.0	2.951876	4.966131	4.0	51.798801	24.225049	5.0	26.502751
5743.0	1.0	8.920014	15.602994	1.099483	1.9736360000000002	0.119155	0.8657549999999999	0.9383459999999999	0.572967	20.1067	3.0	43.857215999999994	3.993876	2.0	0.016485	18.4132	4.0	23.201315	20.035048	4.0	76.161007	15.136473	3.0	8.778553	6.406091	1.0	0.022118000000000002	2.746995	3.0	96.059329	4.172941000000001	5.0	35.703626	11.415931	5.0	32.569052
5745.0	1.0	1.192833	17.50274	1.612749	29.081776	0.495072	0.24884499999999998	0.9946940000000001	0.195571	2.85036	3.0	50.93475	6.931315	2.0	0.012095	15.331067000000001	1.0	27.617759000000003	22.767251	6.0	23.854841	21.205479999999998	2.0	91.298526	0.558776	1.0	0.014516999999999999	3.8561970000000003	6.0	57.687314	4.893544	5.0	99.53758	24.155078	1.0	45.556612
5820.0	1.0	5.151044000000001	49.76233	28.828143	5.055062	0.414829	0.379237	0.681692	0.7552760000000001	22.801446	2.0	29.042310999999998	3.098993	4.0	0.012147	12.149535	5.0	36.354642999999996	8.249176	1.0	60.196565	23.941015	5.0	71.15915600000001	14.165479000000001	3.0	0.010534	2.220524	5.0	85.836462	0.606312	6.0	20.102906	21.466264000000002	5.0	6.605621000000001
5902.0	1.0	3.188539	35.992249	13.21699	14.367604	0.8293280000000001	0.401482	0.27956	0.84205	9.471835	4.0	19.158473	13.264911999999999	4.0	0.038971	6.22086	3.0	38.984543	9.840656	3.0	30.641908	12.658911	1.0	25.001368	5.492453	5.0	0.050253	4.269566	4.0	14.073945000000002	3.59542	2.0	94.596653	12.920618	4.0	53.373782999999996
5993.0	1.0	93.58941899999999	24.008489	2.961479	27.411842	0.266036	0.671568	0.566555	0.662284	21.145131	5.0	52.719184	22.40413	2.0	0.016248	6.509912	5.0	80.890298	21.884235999999998	4.0	20.121357	5.892053	5.0	26.022226	0.549632	2.0	0.010907	2.799114	1.0	58.959513	4.750389	4.0	86.433729	3.5221080000000002	1.0	45.34998
6058.0	1.0	4.985755999999999	27.223303	1.195857	17.52696	0.6026090000000001	0.7064729999999999	0.96168	0.405771	23.318054999999998	5.0	12.857583	0.336049	4.0	0.015909	4.73592	1.0	79.452283	7.872663	6.0	60.47509599999999	9.004758	3.0	80.409253	3.935924	1.0	0.011169	4.72152	6.0	9.012012	1.005179	6.0	80.57778	23.611242	2.0	71.871089
6315.0	1.0	60.668893999999995	4.646775	36.304334000000004	21.716009	0.5657840000000001	0.646219	0.476608	0.483059	18.024767999999998	6.0	18.014688	18.518547	2.0	0.028329000000000003	16.403178	4.0	26.156392999999998	4.672381	2.0	32.903181	20.341197	4.0	55.720427	1.8565650000000002	2.0	0.014612	3.677243	5.0	43.333308	5.497976	6.0	69.751692	23.959934	2.0	28.106718
6380.0	1.0	60.19458	29.131110999999997	75.877359	5.359273	0.295976	0.967247	0.881466	0.517886	21.495471	2.0	43.237373	23.974079999999997	1.0	0.012431000000000001	10.629153	3.0	90.78429	24.078742000000002	4.0	78.342985	16.810871	3.0	19.900788000000002	23.509554	2.0	0.023585	4.182947	6.0	18.704153	3.596646	3.0	27.817811	24.427038	2.0	49.342902
6491.0	1.0	27.339956	18.954473	8.943531	1.4524709999999998	0.5599310000000001	0.597527	0.550872	0.207006	12.735661	2.0	72.171447	25.423709	2.0	0.149912	5.358522	2.0	59.008768999999994	21.754576	2.0	16.381122	9.630733	2.0	91.22133000000001	10.853816	2.0	0.032767000000000004	3.374162	6.0	52.602716	1.413459	2.0	5.837956	17.903845	4.0	81.913952
6497.0	1.0	96.456076	7.829884	5.838387	4.92344	0.6759729999999999	0.43111400000000005	0.42536599999999997	0.842284	11.262078	3.0	38.387404	16.70981	1.0	0.018813	7.916257000000001	2.0	27.329359000000004	16.384569	1.0	35.750389	3.826888	3.0	74.010428	15.551764000000002	4.0	0.017294999999999998	1.762641	6.0	55.709598	2.125036	5.0	47.242819	20.384841	3.0	32.93763
6514.0	1.0	9.905691000000001	17.132617	96.97319399999999	5.248682	0.732129	0.46811499999999995	0.8519629999999999	0.8756959999999999	7.7766	5.0	60.101911	21.104360999999997	3.0	0.014103000000000001	16.84023	4.0	88.636826	4.1448220000000005	2.0	49.320665000000005	16.612719	1.0	55.244761	10.57884	3.0	0.015824	5.350869	3.0	7.426914999999999	5.900249	3.0	37.603688	17.346059	4.0	54.905604000000004
6544.0	1.0	68.214516	9.963151	5.080354	9.749725	0.234933	0.606332	0.172751	0.9072709999999999	18.231438	3.0	31.940289	17.934286	5.0	0.012051000000000001	9.324714	4.0	45.104917	14.24035	2.0	45.029292	9.074795	5.0	33.921912	5.843216	1.0	0.010490000000000001	0.756047	2.0	55.62741	4.743776	1.0	9.015912	3.20037	1.0	13.302013
6630.0	1.0	17.430846	1.598661	40.793634999999995	8.796551	0.507255	0.765922	0.94494	0.63975	14.713118	3.0	95.934375	22.777706	3.0	0.09039900000000001	10.056044	5.0	22.963438	21.515537	4.0	12.558774	24.671657999999997	5.0	33.073463000000004	9.016896000000001	2.0	0.017365000000000002	1.498956	2.0	41.363246999999994	4.88587	4.0	29.926599	6.9733600000000004	6.0	7.5514339999999995
6779.0	1.0	66.269634	10.743878	4.589355	56.283191	0.730086	0.6400359999999999	0.9740409999999999	0.744562	11.811281	3.0	63.707552	21.849311	1.0	0.010487999999999999	14.342682	5.0	57.091277000000005	22.85683	4.0	29.313961	15.428576999999999	3.0	72.407578	20.229817	1.0	0.013966	5.104972	5.0	40.497376	5.120685	1.0	89.093879	15.778491	2.0	40.485541
6832.0	1.0	58.73072	1.033943	20.973223	3.2442450000000003	0.952428	0.9121940000000001	0.510292	0.383286	14.912601	2.0	16.152144	0.852217	2.0	0.011148	2.175609	6.0	39.398759999999996	23.670056	2.0	76.909475	19.646770999999998	6.0	16.628726999999998	5.9458400000000005	4.0	0.011061	3.691441	1.0	67.183644	5.360785	2.0	47.421415	10.542453	5.0	74.64123199999999
6931.0	1.0	49.844409000000006	11.379344	72.551048	6.633407000000001	0.782205	0.8994120000000001	0.31502199999999997	0.744699	16.695843	3.0	86.82358	24.840410000000002	4.0	0.14491500000000002	15.000675	4.0	26.9441	14.161504999999998	3.0	91.648179	19.735342000000003	3.0	70.261487	12.233931	6.0	0.024794	5.2151819999999995	4.0	2.564823	5.726636	5.0	64.615098	3.6897480000000002	1.0	61.99689300000001
6951.0	1.0	7.223708	13.225298	7.0063699999999995	12.984076	0.998215	0.495576	0.817082	0.754408	6.182580000000001	6.0	64.95082099999999	18.319326999999998	6.0	0.010601000000000001	14.605741	6.0	85.552643	21.886179000000002	2.0	37.571255	19.758311	5.0	74.602571	13.564354000000002	4.0	0.102344	4.640625	6.0	68.44896999999999	4.4962279999999994	2.0	18.299217000000002	22.805816	3.0	3.4190940000000003
6969.0	1.0	12.993462	10.839577	1.082273	97.497076	0.953782	0.337956	0.39324499999999996	0.6155510000000001	21.940089	1.0	2.4326939999999997	12.712679	2.0	0.011341	16.729453	3.0	18.781651	24.065319	6.0	92.844316	16.441162	5.0	13.870704000000002	2.372903	3.0	0.052046	1.976173	5.0	50.831111	2.833375	6.0	47.576305	2.814595	3.0	38.122264
7029.0	1.0	59.743423	4.964683	8.147535000000001	2.229418	0.124243	0.5122439999999999	0.821018	0.46466599999999997	12.785287	2.0	57.575198	15.943582000000001	4.0	0.012453	12.873009	1.0	13.661537	10.106653999999999	1.0	39.131854	24.857934	3.0	43.217031	4.166304	6.0	0.033326	4.595912	4.0	51.398814	2.54815	2.0	74.539723	18.125664	6.0	74.298511
7037.0	1.0	1.3749959999999999	52.307863	4.681983	38.326674	0.419137	0.717354	0.616345	0.279384	12.535110000000001	5.0	7.186405000000001	8.522666000000001	2.0	0.201783	6.177155	4.0	7.932030999999999	8.824442	2.0	19.680626999999998	20.735631	2.0	36.631426	22.690017	5.0	0.011878	3.0897490000000003	2.0	16.461057	5.574473	3.0	95.41153100000001	21.307922	4.0	16.466565
7138.0	1.0	85.881765	4.906873	82.748467	21.379072	0.7155590000000001	0.738058	0.9314399999999999	0.629153	22.383395999999998	4.0	24.920559	22.200191	5.0	0.011897	7.886278	1.0	28.339433000000003	5.185276	5.0	3.5323300000000004	22.169593	6.0	55.27999200000001	3.182537	6.0	0.010578	1.7391900000000002	3.0	73.18558	0.135535	2.0	65.032985	20.52071	5.0	91.126305
7150.0	1.0	39.446036	7.62051	7.8443369999999994	63.219855	0.123393	0.478699	0.750192	0.356211	15.396495999999999	4.0	45.574335	6.407543	3.0	0.010594	18.131352	3.0	16.979806	14.283002999999999	1.0	58.779295999999995	13.424335000000001	5.0	60.974683	9.002165	2.0	0.026944	5.680405	4.0	97.981064	5.498908	5.0	57.125953	6.951321000000001	5.0	97.510948
7206.0	1.0	12.320599000000001	11.279088	17.32871	17.323255	0.8566469999999999	0.457313	0.5673819999999999	0.812649	6.995448	6.0	35.971602000000004	11.660573	3.0	0.020313	14.709589999999999	4.0	61.431946999999994	23.85453	6.0	78.540102	22.363063	2.0	20.880129999999998	13.050357	6.0	0.011521	5.63095	1.0	2.6480740000000003	3.4209110000000003	5.0	87.99659100000001	24.689854999999998	2.0	13.38439
7213.0	1.0	35.880014	33.953489000000005	56.13044	14.470666	0.5164989999999999	0.855088	0.559132	0.985613	21.830337	6.0	27.314233	25.35758	5.0	0.014274	14.519464000000001	1.0	64.614577	22.365023	5.0	8.601538	23.785306	2.0	88.55743000000001	16.481276	2.0	0.10298199999999999	4.491301999999999	5.0	98.203244	4.722728	2.0	38.783275	13.915277	5.0	26.127004
7222.0	1.0	49.692851	1.7436330000000002	1.136984	20.8983	0.25346	0.8591479999999999	0.712425	0.854	10.178104	6.0	21.300358	12.345682	4.0	0.010742	1.398364	3.0	13.129496	15.8844	3.0	36.034223	13.872701999999999	1.0	64.776801	19.981793	2.0	0.013632	5.752584	3.0	11.637272	4.9872879999999995	6.0	70.445298	13.721191000000001	1.0	74.662195
7320.0	1.0	2.462402	5.640087	38.364134	6.8999619999999995	0.6475489999999999	0.357529	0.7350220000000001	0.9990540000000001	4.285774	3.0	61.845319999999994	3.787203	4.0	0.017916	15.34229	3.0	95.309698	15.939742	3.0	68.278873	8.234421000000001	6.0	23.958152	3.169349	5.0	0.016397	4.924083	5.0	90.113888	4.992597	5.0	1.250414	20.574195	1.0	99.677319
7327.0	1.0	2.093495	67.234021	40.155784999999995	46.096474	0.633305	0.20142100000000002	0.921083	0.9887950000000001	18.310648999999998	4.0	96.206532	23.749049	1.0	0.022337	8.6716	3.0	38.515485999999996	10.720680999999999	5.0	55.101271	17.528366000000002	6.0	20.080497	0.27616399999999997	6.0	0.019932	3.11694	3.0	59.978592000000006	1.0393620000000001	4.0	63.595009	24.412964000000002	2.0	88.79644300000001
7352.0	1.0	3.332032	81.485045	4.16625	20.342074	0.920358	0.406725	0.6335029999999999	0.36763	13.783610999999999	4.0	20.256901	9.927218	4.0	0.028381	16.849292000000002	3.0	22.419785	12.600602	2.0	10.727462	22.127366000000002	2.0	24.646492000000002	13.64851	6.0	0.021744	4.289861	4.0	61.122538	1.560196	6.0	67.80325699999999	25.378808	1.0	11.592450999999999
7394.0	1.0	75.03354300000001	17.181548	19.854383	1.494306	0.70072	0.749579	0.5535939999999999	0.7636970000000001	16.486575	4.0	60.485948	4.551324	4.0	0.046518000000000004	13.754017000000001	1.0	78.791836	7.520888	1.0	42.868245	0.700207	3.0	59.023377	3.762007	1.0	0.022132	2.108375	2.0	11.098461	3.890575	2.0	56.116108	18.373254	4.0	80.12764200000001
7415.0	1.0	75.703622	4.355619	22.158304	1.3750360000000001	0.67187	0.235083	0.392435	0.47986	22.798576	6.0	32.440723999999996	5.194647	2.0	0.015658000000000002	12.849193	1.0	95.745354	10.180394999999999	2.0	14.106188000000001	6.930556	5.0	14.493282999999998	22.291526	4.0	0.014022	2.190188	3.0	92.73273	3.8199699999999996	3.0	94.702043	23.064534	1.0	57.038396
7621.0	1.0	29.427652000000002	19.464353	7.113057	46.691117999999996	0.220977	0.936227	0.9703809999999999	0.634255	10.788889999999999	1.0	30.159933000000002	10.623623	5.0	0.05222	3.775589	3.0	97.39835	15.191685999999999	2.0	60.746949	6.726230999999999	3.0	65.444571	16.598632000000002	2.0	0.018566	4.798973999999999	2.0	56.936815	0.23328400000000002	6.0	87.04705600000001	15.12914	2.0	25.141873999999998
7646.0	1.0	31.670948	8.9061	32.919911	25.439948	0.408485	0.8773629999999999	0.33353	0.921608	21.145201999999998	1.0	84.789027	11.470469999999999	5.0	0.012544	1.5504959999999999	3.0	75.85360899999999	14.823637	5.0	59.355422	3.162328	4.0	57.780976	7.102647	3.0	0.037456	1.4512909999999999	2.0	10.864264	1.0854709999999999	3.0	76.035213	17.661521	4.0	68.298979
7648.0	1.0	78.51480500000001	1.832495	49.823502000000005	1.333017	0.528618	0.577102	0.250764	0.611487	22.544079	4.0	62.995716	6.644562	2.0	0.026378	11.54601	5.0	37.581390999999996	20.831423	5.0	84.992482	2.0131099999999997	6.0	50.512152	14.487395999999999	4.0	0.038956	3.161465	5.0	7.819402	1.7249130000000001	4.0	98.60278100000001	17.362880999999998	3.0	14.288179000000001
7651.0	1.0	2.071055	96.348506	64.161622	6.6920720000000005	0.67595	0.336951	0.45311	0.720184	19.814837	5.0	25.552920999999998	10.344047	1.0	0.010071	7.501517999999999	4.0	22.873054999999997	21.862489	5.0	67.93225600000001	19.931875	3.0	67.412494	4.4655059999999995	6.0	0.027951999999999998	3.583407	3.0	32.255027	0.763857	3.0	97.907302	6.461864	4.0	65.452088
7676.0	1.0	1.247942	80.00260300000001	25.378567999999998	12.153754	0.706867	0.5229159999999999	0.614962	0.752466	9.861283	6.0	30.998283	4.93547	5.0	0.045259	5.174168	2.0	59.567946	19.550757	5.0	70.295325	16.318960999999998	6.0	50.570991	15.16872	6.0	0.016163	2.650747	6.0	25.82839	4.581073	2.0	64.18583000000001	14.294671	1.0	20.807534
7716.0	1.0	39.399117	20.343002	89.342555	9.338248	0.667764	0.9840780000000001	0.972183	0.757649	9.800422	1.0	30.439265999999996	3.536521	1.0	0.014403999999999998	10.444980000000001	2.0	91.664956	18.139326	5.0	13.977267999999999	8.377396000000001	6.0	37.389905	11.550791	4.0	0.022817	4.740041000000001	1.0	25.536667	0.872318	1.0	84.767338	15.014581	2.0	95.9751
7773.0	1.0	5.098558000000001	5.750485	24.296492	10.698396	0.80579	0.707025	0.779139	0.561248	2.70035	6.0	64.661502	5.276916	4.0	0.133873	0.700558	4.0	42.471644	19.07359	1.0	73.572252	23.210991	6.0	30.463581	8.056742999999999	6.0	0.013075999999999999	0.719483	2.0	35.356697	0.722359	4.0	83.304498	20.830794	6.0	73.888846
7802.0	1.0	53.608382999999996	11.306944	70.752955	1.5552219999999999	0.716615	0.38097600000000004	0.164615	0.42282200000000003	23.776842000000002	5.0	6.948632000000001	24.815706	5.0	0.019934999999999998	10.977705	3.0	16.820075	12.448499	1.0	93.498406	1.604466	5.0	99.176085	15.788243	2.0	0.048812	3.5896190000000003	4.0	39.274862	3.8150690000000003	5.0	32.374340999999994	12.569153	6.0	43.52228
7846.0	1.0	3.339911	70.368349	5.763416	61.755368000000004	0.555067	0.24113800000000002	0.765433	0.31283	16.195151	3.0	8.696173	13.623589	6.0	0.058235	11.883511	4.0	33.711028999999996	14.059679000000001	2.0	12.818814999999999	24.780117999999998	3.0	85.173022	2.861749	3.0	0.016537	2.884051	3.0	9.681816	5.5999419999999995	4.0	34.557772	21.807057	5.0	90.368342
7944.0	1.0	64.53982099999999	11.942578	8.880567	22.721247	0.139123	0.706619	0.527092	0.709304	18.271659	2.0	34.590406	13.405719	2.0	0.037211	9.459616	2.0	36.455903	11.003777000000001	3.0	7.195145	8.715681	3.0	44.909535	0.392221	2.0	0.023556999999999998	0.124357	1.0	84.66996999999999	2.4735720000000003	1.0	95.03541	15.192658999999999	6.0	96.743237
8094.0	1.0	21.11319	19.818114	98.338974	3.106209	0.938457	0.48698800000000003	0.27168200000000003	0.331343	15.528088	1.0	97.938692	1.748527	4.0	0.09980399999999999	17.544676000000003	3.0	35.392579	9.029751	5.0	4.37453	24.020447	3.0	72.474541	15.975253	5.0	0.025439	4.48088	3.0	5.188941000000001	5.22881	5.0	42.3449	25.158145	2.0	76.85791400000001
8145.0	1.0	3.568546	17.486826999999998	84.70998399999999	14.491314000000001	0.7043149999999999	0.5549189999999999	0.667732	0.899661	16.624735	6.0	8.152503999999999	19.018101	3.0	0.015544	13.567193	2.0	68.37934	12.404073	5.0	96.595038	7.862181	4.0	59.317981	14.850164000000001	5.0	0.012661	3.83481	2.0	81.737196	4.560044	2.0	14.284405	24.318327	2.0	69.527849
8304.0	1.0	61.320328	17.733176	4.432965	74.565162	0.45252	0.816134	0.7598010000000001	0.16856400000000002	5.238805	5.0	34.773664000000004	16.378052	5.0	0.017174000000000002	18.25704	4.0	21.342838	23.994704000000002	6.0	45.543347999999995	13.796921	1.0	52.177675	8.652841	5.0	0.011859999999999999	3.522645	6.0	73.72528100000001	5.137232	6.0	73.20217199999999	8.228475999999999	1.0	76.414597
8356.0	1.0	14.895381	23.125313000000002	7.9250869999999995	53.55341800000001	0.268575	0.9518	0.842619	0.293915	16.996257	4.0	83.47026899999999	14.487514000000001	2.0	0.047142	4.5559970000000005	4.0	37.087119	18.978606	6.0	36.147784	23.435385999999998	5.0	59.5121	5.398526	1.0	0.012554000000000001	5.497464	4.0	17.454420000000002	2.579685	3.0	32.428917	0.44797	1.0	19.428125
8479.0	1.0	77.10618199999999	8.598327000000001	4.9585550000000005	12.609686	0.719063	0.485152	0.13306400000000002	0.595248	7.98577	3.0	76.577219	24.081464999999998	4.0	0.010563	5.406291	6.0	19.265997	23.090222	1.0	82.054416	22.173118	6.0	6.189703	18.308486	3.0	0.010381999999999999	5.358071	5.0	30.898402	4.536069	1.0	6.184606	20.312857	2.0	47.385245
8590.0	1.0	6.86545	84.018782	43.289257	7.379697	0.531242	0.9036780000000001	0.868886	0.28713	23.649645	1.0	10.532255000000001	6.0088870000000005	5.0	0.045527	16.351879	2.0	80.948808	20.948553	1.0	91.254276	11.714066	5.0	55.892476	20.139444	5.0	0.019267	1.8557919999999999	6.0	97.672811	3.592745	5.0	75.3342	17.462501	3.0	38.505075
9063.0	1.0	65.967334	22.287601000000002	34.602763	30.384628999999997	0.9323	0.8665729999999999	0.9781270000000001	0.942139	5.8435809999999995	4.0	98.490284	9.454716000000001	4.0	0.021072999999999998	5.611204	3.0	31.012548	16.894243	6.0	92.158969	15.392507	4.0	95.644751	22.889616	1.0	0.027498	1.640659	3.0	9.003124	0.965081	1.0	57.05135500000001	21.7801	5.0	25.665997
9319.0	1.0	7.6381630000000005	57.19353	8.874525	14.280102	0.9830190000000001	0.385544	0.859836	0.879473	22.783688	3.0	74.408125	20.363235999999997	4.0	0.02052	18.419442	4.0	75.035788	10.582099000000001	5.0	42.518153999999996	11.581258	2.0	77.359098	11.28469	5.0	0.078315	1.071526	1.0	90.032521	5.352963	5.0	25.961935	18.175296	4.0	56.701088
9394.0	1.0	96.63475	15.632653	5.527080000000001	9.261034	0.8789879999999999	0.514393	0.8421040000000001	0.785828	19.954428	2.0	56.157816000000004	23.401623999999998	2.0	0.104451	11.659964	2.0	69.671097	22.476932	6.0	92.059612	11.501506	2.0	80.702682	20.405766	6.0	0.033984	2.094944	4.0	70.975507	0.721809	1.0	95.76717099999999	4.170031	3.0	71.677389
9458.0	1.0	3.5591480000000004	79.433302	15.796382000000001	16.963082	0.528184	0.903717	0.7917420000000001	0.879609	10.635555	4.0	66.619159	2.8329020000000003	3.0	0.06908500000000001	14.863970000000002	4.0	44.235448	13.207524	5.0	13.309895000000001	23.084003	3.0	13.622987	16.598809	6.0	0.047242	0.596075	1.0	70.02857	5.01395	4.0	52.620291	19.497304	3.0	86.83659899999999
9809.0	1.0	44.207806	9.131879	19.084873	1.691313	0.13204100000000002	0.37551799999999996	0.160925	0.979671	1.792514	2.0	49.32481	4.752604	3.0	0.034806000000000004	10.110158	5.0	86.948032	22.382335	3.0	97.835116	15.073293	4.0	47.872734	8.991299	3.0	0.02002	5.920296	6.0	4.959098	1.9400259999999998	1.0	17.648001	0.47764300000000004	2.0	15.672792000000001
9845.0	1.0	28.559267	30.518982	33.110282	6.741948	0.7722140000000001	0.96454	0.639601	0.37335300000000005	21.025853	5.0	35.428237	5.40195	3.0	0.048215	13.198692000000001	4.0	21.55777	16.503173999999998	2.0	50.481678	20.420439000000002	2.0	86.261477	3.3457739999999996	6.0	0.014948	3.868324	1.0	51.113226	2.027327	5.0	16.801339000000002	10.355161	3.0	90.880402
9907.0	1.0	57.823802	9.168555	5.048187	93.155895	0.168913	0.918876	0.717591	0.7910020000000001	1.632466	6.0	75.64455799999999	3.503802	5.0	0.434767	5.285401	4.0	94.620409	16.031776999999998	6.0	89.303717	6.657856	5.0	3.373674	16.69194	1.0	0.171932	5.56767	2.0	97.70267199999999	2.245998	2.0	56.686080000000004	7.767347999999999	4.0	16.099637
9919.0	1.0	18.974155	7.277322	39.279049	7.03856	0.530539	0.565884	0.166278	0.642571	10.379010000000001	3.0	25.63296	21.867855	6.0	0.035123	14.166016	5.0	27.459609999999998	9.25715	2.0	55.062979000000006	15.140943	5.0	61.875034	15.176229000000001	6.0	0.03695	3.555538	6.0	28.674903000000004	0.48250200000000004	2.0	33.783653	23.404646	1.0	56.228044
9960.0	1.0	18.644935999999998	7.486422	2.487421	4.063341	0.58141	0.9334520000000001	0.513397	0.664623	1.69704	4.0	41.558458	15.276294	6.0	0.015111000000000001	6.840281	5.0	82.790666	12.532174000000001	6.0	26.268432	1.070306	6.0	22.70038	12.448350999999999	6.0	0.048533	3.0667869999999997	2.0	84.766646	2.764402	2.0	56.244606999999995	17.640123000000003	4.0	6.632589
4.0	1.0	7.2152330000000005	61.202676000000004	5.332304	2.05991	0.483814	0.8133729999999999	0.622038	0.21911	14.987665	4.0	15.347469	7.70944	4.0	0.11810799999999999	17.252792000000003	6.0	53.507388	16.121433	1.0	43.722878	14.555933999999999	1.0	61.425276000000004	7.977013	3.0	0.012145	5.028269	2.0	18.888562	2.13213	5.0	13.595032999999999	5.997866999999999	3.0	57.631425
305.0	1.0	9.811766	60.333329000000006	14.969264	1.9633029999999998	0.8802190000000001	0.9514959999999999	0.831282	0.8612049999999999	21.699308	4.0	47.473988	1.8975349999999997	2.0	0.010401	10.392782	5.0	15.563082000000001	8.188809	1.0	75.686367	18.209218	1.0	17.058884	13.519231	6.0	0.014412000000000001	4.028773	6.0	89.750372	5.560961	4.0	93.684434	11.86459	3.0	75.060285
336.0	1.0	90.117272	2.044539	40.882049	3.6617129999999998	0.544621	0.507437	0.43550500000000003	0.583472	14.784541	6.0	83.850649	11.211822999999999	3.0	0.044002	9.461227000000001	4.0	28.415124	16.216334	6.0	98.796637	18.272901	4.0	96.286089	4.492817	1.0	0.021018000000000002	5.716692	5.0	33.914413	5.573279	3.0	38.608067999999996	5.615480000000001	2.0	84.506121
367.0	1.0	58.124582	2.5238970000000003	13.294351999999998	18.207481	0.663177	0.926318	0.7598010000000001	0.697477	13.783860999999998	1.0	28.2584	10.598719000000001	3.0	0.010911	12.645842	1.0	64.374438	0.589707	1.0	38.783638	15.336888	2.0	10.909607000000001	2.175338	3.0	0.039398	2.160963	3.0	58.03875	4.840903	6.0	71.080621	20.514094	3.0	62.820431000000006
565.0	1.0	49.270951000000004	14.672989000000001	91.77918199999999	12.847091	0.714284	0.930668	0.775812	0.502783	21.479727	5.0	62.082007	21.526505	3.0	0.026855	2.700548	1.0	81.762178	15.015142	3.0	53.849456999999994	15.251703	2.0	64.391769	15.947783	2.0	0.022981	1.767884	5.0	5.656256	4.804790000000001	5.0	56.209683999999996	24.665394	6.0	35.152972999999996
631.0	1.0	8.838746	7.526664	14.815682	5.413659	0.8438979999999999	0.751497	0.836996	0.173663	8.088994999999999	4.0	91.77428	23.626168	1.0	0.010465	13.133178	1.0	58.26303299999999	13.035844	1.0	92.350373	7.355722999999999	1.0	93.859606	23.380428	5.0	0.016533000000000003	2.151157	2.0	95.33369300000001	4.164582	4.0	98.91640799999999	17.710563	4.0	72.05939000000001
707.0	1.0	22.062276999999998	16.323271	15.267026999999999	3.648085	0.885985	0.7031270000000001	0.674098	0.59087	2.339107	3.0	9.251724000000001	11.053026	2.0	0.012901	9.353525999999999	1.0	12.908189	18.163395	1.0	35.179386	5.362621	1.0	19.261246	3.787528	3.0	0.013326	1.3067469999999999	5.0	45.568042	3.4337440000000004	5.0	46.46772	21.910742000000003	2.0	18.399357000000002
804.0	1.0	5.100248000000001	26.544154	16.247633	4.5243269999999995	0.850252	0.886359	0.12270999999999999	0.610727	7.150643	2.0	68.83900200000001	9.971661	3.0	0.017261000000000002	2.0003490000000004	5.0	67.891976	18.453048000000003	6.0	71.058314	11.96519	5.0	81.479924	12.581037	5.0	0.067605	5.8635980000000005	6.0	2.2873040000000002	0.959986	6.0	90.342156	15.278473000000002	5.0	50.053069
938.0	1.0	85.407572	12.880542	2.8729139999999997	46.003378999999995	0.978316	0.876616	0.961517	0.406949	20.033603	2.0	82.634339	12.160060000000001	1.0	0.011728	6.320787999999999	5.0	5.3175099999999995	19.083031	1.0	33.577187	23.044144	3.0	43.367248	11.044387	3.0	0.026550999999999998	2.648167	3.0	96.103817	3.028466	1.0	39.656838	6.880692	2.0	16.903751
951.0	1.0	18.605091	22.393587	1.527701	10.526097	0.643698	0.573607	0.454927	0.775775	15.911384	5.0	97.326737	18.266878	6.0	0.010737	4.323161	1.0	93.266387	19.204484	3.0	31.139536	16.524084	2.0	42.299574	7.309697	4.0	0.032376999999999996	2.173311	3.0	64.233583	4.726838	4.0	41.213502000000005	14.248376	2.0	54.551058
1009.0	1.0	98.430575	5.961384	54.788742000000006	16.535535999999997	0.807775	0.478758	0.458848	0.58535	16.035194	5.0	50.723739	17.477872	4.0	0.087269	17.720243	6.0	28.630744	20.373397	3.0	39.499915	23.275177	6.0	96.91261	16.236112	5.0	0.012661	4.568909	4.0	86.323614	4.978569	3.0	12.789254	20.973110000000002	2.0	16.957972
1013.0	1.0	22.200881	15.381924	64.679052	9.27247	0.9249209999999999	0.7478560000000001	0.196049	0.654283	19.163759	6.0	26.585328999999998	23.507126	3.0	0.023582	7.379694000000001	6.0	73.575313	3.9070650000000002	2.0	39.485486	23.327030999999998	4.0	40.258171999999995	20.185673	5.0	0.018571999999999998	5.893545	4.0	50.693988	5.389635	2.0	5.22539	23.195642000000003	2.0	27.934479999999997
1026.0	1.0	23.22144	1.140994	48.342064	17.102224	0.9549049999999999	0.100536	0.488425	0.927909	11.970349	4.0	63.577148	20.298153	2.0	0.046258999999999995	12.922383	5.0	53.000648	10.388763	2.0	75.721671	0.732608	6.0	81.738104	0.528185	3.0	0.023025999999999998	5.197014	1.0	98.817341	3.643386	1.0	23.712169	17.186451	2.0	34.574432
1079.0	1.0	66.26768299999999	4.82101	12.621016000000001	30.780884000000004	0.42139499999999996	0.268972	0.48271000000000003	0.9051290000000001	14.075674	2.0	18.589807	17.848159	5.0	0.032249	12.554523	4.0	13.9606	21.36634	2.0	57.49899	23.552032999999998	4.0	68.096924	22.376053	1.0	0.014155000000000001	5.71785	2.0	85.896721	1.270119	4.0	68.63123	23.686613	1.0	18.883929000000002
1111.0	1.0	63.946453000000005	8.041313	15.361505	3.010999	0.954965	0.37400300000000003	0.966757	0.49886	12.662001	4.0	33.227325	24.249111	3.0	0.012745999999999999	10.147903	3.0	95.401591	22.315376999999998	5.0	38.759134	18.677081	5.0	27.135067	22.232605	6.0	0.01384	2.872947	4.0	36.222485999999996	1.70547	6.0	48.561972999999995	22.036387	6.0	65.85089
1166.0	1.0	88.236791	2.878397	99.94266400000001	13.473651	0.43016400000000005	0.510488	0.8109649999999999	0.673879	19.877487	1.0	60.31881800000001	8.812646	2.0	0.013597	12.183556	5.0	57.309991000000004	6.231283	3.0	88.120463	21.773951999999998	3.0	48.6497	7.469208	3.0	0.01853	3.438615	2.0	83.19581	1.197365	3.0	95.51867299999999	24.15567	4.0	71.372789
1243.0	1.0	1.7029830000000001	31.575194	13.707982000000001	3.37638	0.587914	0.289031	0.956009	0.876826	1.591579	3.0	24.071614999999998	18.226197	4.0	0.035532999999999995	8.324580000000001	5.0	58.175968000000005	18.137096	6.0	26.865331	20.602782	5.0	39.084871	22.676548999999998	2.0	0.011742	3.635186	6.0	86.40733	0.23786	2.0	37.11691	17.669379	1.0	27.793337
1302.0	1.0	24.898877	10.453619	1.759939	59.708066	0.88136	0.408049	0.499414	0.550417	13.908779999999998	5.0	59.098874	24.47981	1.0	0.031085	2.460379	1.0	8.377341	17.380323999999998	1.0	17.540612	7.039607000000001	6.0	73.959659	23.849628	4.0	0.011819	2.847164	4.0	95.661197	0.203296	3.0	94.445695	13.4521	1.0	50.835876
1332.0	1.0	45.453407	70.47725799999999	52.000989000000004	65.69874399999999	0.7754270000000001	0.6042109999999999	0.9877540000000001	0.165433	10.911571	6.0	49.603203	18.723997	4.0	0.020529	18.018031	4.0	50.866602	0.498213	4.0	6.927246	10.998579	3.0	97.077896	0.857417	5.0	0.087809	2.870244	3.0	86.589534	2.092891	1.0	1.2207379999999999	12.124344	5.0	70.261535
1424.0	1.0	21.32274	7.269753999999999	55.132338	6.276623000000001	0.748003	0.425915	0.168062	0.94578	8.890419	6.0	50.925669	5.563667	1.0	0.010773	17.668722	5.0	49.275784	19.928585	4.0	89.662873	11.999247	5.0	98.677936	20.40099	1.0	0.012102	5.615143	5.0	47.02518	4.908208	3.0	24.152119	23.888597	1.0	85.274835
1447.0	1.0	77.604333	2.1575919999999997	15.146889999999999	4.881598	0.245625	0.720645	0.9940829999999999	0.554496	20.088957999999998	5.0	71.057344	5.028226	6.0	0.023393	8.374381	2.0	87.11964300000001	15.621016000000001	2.0	52.144855	17.053775	5.0	27.689313000000002	1.9960369999999998	2.0	0.020329	2.745458	2.0	35.607471999999994	3.228424	1.0	26.574786	9.726511	5.0	79.358356
1495.0	1.0	92.457204	1.7361630000000001	24.842520999999998	17.668625	0.151615	0.191748	0.99425	0.571757	12.514412	6.0	57.330808999999995	13.495985000000001	4.0	0.023011	6.918080000000001	6.0	63.404602000000004	22.375979	2.0	17.310101	0.543209	3.0	50.932764	22.541651	6.0	0.012804	2.659968	2.0	85.144797	2.565041	1.0	45.854369	23.885581	6.0	61.985416
1504.0	1.0	19.395207	8.06039	20.813503	24.358302	0.457707	0.59714	0.291506	0.756799	10.043324	6.0	12.821639	20.196393	4.0	0.023558000000000003	12.08024	5.0	61.376293000000004	5.674593	1.0	62.981460999999996	23.004464000000002	6.0	62.892678000000004	17.740159	4.0	0.059976999999999996	2.401975	1.0	87.732998	3.7046449999999997	4.0	54.756344999999996	19.721934	5.0	89.772963
1577.0	1.0	66.22287299999999	14.211726	71.374387	20.125303	0.29996300000000004	0.51455	0.820593	0.721229	21.330046	5.0	57.471757999999994	15.202419	3.0	0.041753	18.139745	1.0	93.831106	16.919515	3.0	58.817001	18.234904	2.0	66.54648900000001	14.174954000000001	6.0	0.050454	2.9643610000000002	6.0	92.21497600000001	0.648158	3.0	20.915796	15.515715	3.0	47.922763
1880.0	1.0	9.230361	14.836341000000001	26.368969	12.691442	0.449978	0.9969379999999999	0.762582	0.601396	22.713335	2.0	84.57415300000001	5.3961809999999995	3.0	0.017669999999999998	13.361966	2.0	48.299561	4.836409	6.0	86.08215799999999	24.053411999999998	2.0	28.187597999999998	19.506928	4.0	0.016931	3.8135209999999997	3.0	65.90553	4.295251	2.0	82.56768100000001	11.542147	5.0	66.878668
1881.0	1.0	8.877521	96.951104	67.873189	36.118921	0.621739	0.637005	0.5214840000000001	0.8849530000000001	13.866853	5.0	88.62141899999999	22.504137	1.0	0.014381999999999999	17.900664000000003	5.0	56.587478000000004	18.596726	3.0	47.300267	25.005808	1.0	82.37023	8.723771000000001	2.0	0.024338	4.648005	3.0	36.861502	4.152926	1.0	49.100289000000004	24.76675	2.0	51.583477
1899.0	1.0	72.795525	2.089436	93.6471	6.174647	0.568561	0.518179	0.31750100000000003	0.440669	14.227067000000002	1.0	33.459137	24.111367	2.0	0.321601	17.930263	3.0	4.9751959999999995	5.868244	2.0	1.362514	18.728579	4.0	66.578452	7.779064	2.0	0.048705	3.0642259999999997	2.0	26.731745	5.236244	6.0	53.341064	10.993133	6.0	24.955420999999998
1994.0	1.0	83.81671999999999	5.533487	12.088054	15.371056	0.518887	0.791157	0.27473800000000004	0.953801	23.3644	1.0	8.771447	5.183361	3.0	0.025998	14.074382	3.0	73.280478	15.435485	3.0	34.979727000000004	7.2881100000000005	2.0	30.483943	20.766023999999998	4.0	0.014802000000000001	2.710409	3.0	8.789143	3.015047	2.0	6.001531	10.301098	2.0	17.385503
2227.0	1.0	63.195485999999995	10.542385000000001	4.8111239999999995	14.927546	0.911935	0.41781599999999997	0.8371780000000001	0.212714	23.283667	1.0	98.278603	13.938889000000001	2.0	0.022914	7.283053999999999	6.0	53.369009999999996	23.945369	5.0	38.139716	9.406236	2.0	10.763196	15.915172	3.0	0.014794	5.129825	1.0	7.884836999999999	5.608811	6.0	13.660773999999998	10.441367	4.0	30.285621999999996
2230.0	1.0	1.018229	16.521801	98.969802	10.753389	0.489634	0.474588	0.8345090000000001	0.8039850000000001	7.9282960000000005	4.0	26.494386	12.896806	1.0	0.027502999999999996	17.133808	6.0	46.005112	18.914686	3.0	11.474666000000001	7.853232000000001	3.0	63.70689300000001	9.573360000000001	4.0	0.013197	4.666892	2.0	38.534201	4.523605	3.0	72.121099	20.161873999999997	1.0	53.254039
2242.0	1.0	96.08001999999999	14.710404999999998	9.216242	2.314053	0.958147	0.8397899999999999	0.5124029999999999	0.693735	18.259141	5.0	16.451627	7.812775	4.0	0.011689	11.316275	4.0	52.376445000000004	23.289673999999998	6.0	94.809187	1.7393169999999998	3.0	90.125553	5.193703	4.0	0.034119	0.683762	3.0	11.021446000000001	3.533401	6.0	79.736021	17.267201	3.0	85.635164
2564.0	1.0	69.76804200000001	3.884054	99.41471700000001	19.185979	0.768115	0.6615949999999999	0.335985	0.581986	3.147373	4.0	61.041466	5.831497	3.0	0.016169	15.465894	5.0	57.170882999999996	21.572468	5.0	77.491694	17.614762	6.0	84.483633	6.2321089999999995	4.0	0.021253	4.970937	4.0	59.920570999999995	4.086279	2.0	15.759835	22.400682	5.0	23.585182
2671.0	1.0	40.160852	22.461387	40.382682	25.912546	0.8847809999999999	0.927148	0.8932979999999999	0.852941	15.871035999999998	3.0	27.465032	6.9800320000000005	4.0	0.518645	6.601089	3.0	91.11896	14.365649	1.0	55.332246999999995	18.677415	1.0	66.214674	9.604822	5.0	0.017036000000000003	3.705627	5.0	34.776427000000005	0.6037520000000001	2.0	64.23265699999999	24.166039	4.0	12.835782
2685.0	1.0	79.968896	5.7756870000000005	44.350402	5.508030000000001	0.7595270000000001	0.715527	0.896101	0.907004	7.92643	5.0	36.606538	10.424425	5.0	0.010153	7.120665	5.0	34.435709	20.756923999999998	2.0	8.83868	10.37102	3.0	7.146947	4.554379	1.0	0.085388	4.791304	6.0	51.889626	2.685706	4.0	15.357258999999999	10.007908	5.0	8.921956
2817.0	1.0	8.942535000000001	27.934086999999998	50.300527	7.885242	0.749703	0.652004	0.5847479999999999	0.445312	16.181534	1.0	39.243513	12.113515	1.0	0.014869	17.512506	4.0	54.243353000000006	2.5590029999999997	3.0	17.690549	16.735424	1.0	47.399307	18.995321	5.0	0.018726	5.078794	3.0	20.07969	3.1410810000000002	2.0	81.658326	16.780082999999998	4.0	34.563456
2891.0	1.0	12.979661	2.188564	6.782152000000001	14.961378	0.917062	0.666736	0.906235	0.823644	12.052451	5.0	10.316078	12.659319	1.0	0.017172999999999997	1.94025	6.0	56.514720999999994	22.592959	3.0	50.496272	20.188453	1.0	19.996914999999998	17.604216	1.0	0.047089	3.681517	3.0	3.575407	0.228771	2.0	2.625659	0.678992	1.0	3.697446
3012.0	1.0	1.9329759999999998	14.155607999999999	82.651028	9.488031	0.6257739999999999	0.5807439999999999	0.589741	0.560185	4.401732	2.0	12.341186	7.8944160000000005	5.0	0.012155	15.661357	3.0	2.662991	14.309593	6.0	39.369565	6.440030999999999	4.0	59.979618	10.026097	2.0	0.010329999999999999	2.201284	3.0	45.142723	1.376665	4.0	95.035966	13.439542999999999	2.0	23.976122
3033.0	1.0	88.30075699999999	17.18496	69.381962	19.644702	0.363708	0.885959	0.452413	0.755024	9.987525	5.0	8.517316000000001	21.786986	1.0	0.043355	18.416557	1.0	56.69009499999999	16.446754000000002	1.0	33.101713000000004	23.139266	3.0	51.318407	5.5807459999999995	6.0	0.043692	5.278361	4.0	22.018698999999998	0.8375809999999999	5.0	16.048922	20.539251999999998	3.0	29.791121
3124.0	1.0	2.084356	57.598104000000006	57.59516899999999	1.703687	0.256238	0.197445	0.5209229999999999	0.39858899999999997	13.543706	2.0	87.235479	15.016947	5.0	0.018604	12.925548	5.0	91.887027	9.215347999999999	6.0	15.935772	10.548237	1.0	23.168809	5.3597209999999995	2.0	0.013567	4.955997	4.0	34.98441	1.339604	3.0	37.882143	19.12425	2.0	13.200623
3220.0	1.0	83.496725	3.9999239999999996	5.080765	3.657772	0.603128	0.346037	0.655021	0.7483529999999999	8.663962	1.0	44.149156	15.829634	5.0	0.011243000000000001	5.245851999999999	4.0	57.757305	12.232258999999999	1.0	35.262815	13.985589000000001	5.0	18.919717000000002	20.93679	3.0	0.115271	1.794403	4.0	23.682968	5.119779	6.0	90.66521800000001	7.3215330000000005	3.0	40.459803
3252.0	1.0	96.718377	5.105357	31.263868	7.286167	0.17372200000000002	0.293597	0.22405300000000003	0.61556	11.827161	4.0	57.872688000000004	12.34971	3.0	0.01175	15.883151999999999	6.0	55.316345	11.181983	6.0	32.040445	15.003687	3.0	30.852794	16.909810999999998	6.0	0.015313	5.011645	3.0	31.271762	1.633361	4.0	58.336631000000004	23.894538	5.0	48.094538
3396.0	1.0	43.14754	7.352521	3.475254	23.542068	0.689617	0.406684	0.8240569999999999	0.9425600000000001	3.479061	6.0	60.177387	8.5788	2.0	0.016156	9.227212	3.0	22.894973	18.370338	2.0	84.753811	2.5417799999999997	1.0	50.700178	11.704933	6.0	0.024403	2.8508880000000003	3.0	37.531915999999995	3.875086	4.0	93.03573399999999	6.101898	2.0	63.47405500000001
3400.0	1.0	12.175702000000001	5.024572	28.735028999999997	7.578653	0.516019	0.297102	0.979527	0.490432	11.829124	1.0	60.641741	7.047973	1.0	0.016353	11.284171	5.0	56.68068	17.563191	2.0	17.045983	22.809822	2.0	75.066677	6.378008	6.0	0.027402999999999997	3.867475	4.0	20.223746	3.622314	1.0	50.682012	4.760153	6.0	30.80493
3423.0	1.0	5.838649	23.966268	75.646556	15.976477	0.8427969999999999	0.43156000000000005	0.820025	0.5767369999999999	14.875332	1.0	84.625431	23.854481	6.0	0.020537	16.046664	6.0	27.125905	6.921148	1.0	54.478168000000004	14.553176	6.0	43.174492	13.03159	5.0	0.015571000000000002	4.685535	2.0	51.868942	2.8376509999999997	6.0	30.857881	21.790454999999998	6.0	79.311006
3429.0	1.0	25.288232999999998	2.670807	70.117083	2.397247	0.517217	0.555413	0.852576	0.403857	12.226316	1.0	47.510745	13.961563	1.0	0.031318	10.393248	5.0	43.853319	1.190941	2.0	51.489348	21.755311	1.0	56.152013000000004	21.158336	6.0	0.020191999999999998	4.417051	1.0	79.11638	0.6619079999999999	2.0	33.293906	9.342865	6.0	32.090976
3509.0	1.0	33.512570000000004	7.094738	12.392355	12.116605999999999	0.717787	0.721051	0.8013319999999999	0.643725	18.126775	6.0	59.429478	9.800944	3.0	0.045368	15.157207999999999	4.0	67.644737	6.9861699999999995	6.0	75.275695	24.479178	3.0	77.283652	2.120853	2.0	0.062828	0.244802	5.0	22.181931	4.936553	1.0	63.759466	4.200771	5.0	6.4345349999999994
3681.0	1.0	37.099198	2.362938	27.86435	8.393701	0.111384	0.21007399999999998	0.49957399999999996	0.663276	16.558369	5.0	88.586908	22.913299	6.0	0.019375	17.406122	4.0	67.82157600000001	2.249906	2.0	30.747457	1.870269	3.0	80.32618000000001	16.648309	6.0	0.078875	3.9718489999999997	4.0	59.603562	5.8564	2.0	73.721423	21.456070999999998	5.0	73.29887099999999
3731.0	1.0	37.372954	10.993291000000001	91.34415	6.810600999999999	0.7136399999999999	0.49390100000000003	0.654946	0.358244	15.447602	5.0	13.293217000000002	5.6640559999999995	4.0	0.11741199999999999	7.556074000000001	4.0	19.119870000000002	24.03341	2.0	84.210032	20.47661	3.0	69.978219	12.252327000000001	2.0	0.015219	1.710794	4.0	82.795234	5.057426	6.0	92.966954	24.456692	2.0	98.96799
3761.0	1.0	19.732104999999997	24.381963	29.242490000000004	5.314304	0.693372	0.8782049999999999	0.8760879999999999	0.393827	5.484069	4.0	55.706320999999996	2.5429	4.0	0.046812	9.475127	1.0	56.163008	13.498566	3.0	84.21872900000001	10.499214	2.0	11.981541	14.309707000000001	6.0	0.010421	1.96249	6.0	28.384686	4.383856	2.0	84.236626	20.169667	2.0	88.575613
3763.0	1.0	95.36869	9.365661	58.173044	21.347803	0.733521	0.9311290000000001	0.767005	0.593591	12.260594000000001	3.0	44.294748	4.162372	4.0	0.011127	13.81599	4.0	37.274276	14.056595000000002	2.0	84.63078900000001	12.747394	1.0	35.179590999999995	13.79202	4.0	0.042004	4.5674779999999995	5.0	61.280226	2.424397	2.0	77.846079	22.778979999999997	5.0	71.437053
3771.0	1.0	78.962271	13.194695999999999	1.351987	16.147226999999997	0.423725	0.8661559999999999	0.107795	0.736445	9.636144	5.0	19.072470000000003	13.299114000000001	1.0	0.028479	0.917366	4.0	77.883471	16.451143	5.0	18.70607	10.396624000000001	2.0	20.855513000000002	8.286946	3.0	0.161207	5.365837	1.0	7.976128999999999	3.5772730000000004	6.0	94.530716	14.282294	2.0	16.362382
3789.0	1.0	4.246772	46.189211	72.986645	11.521816000000001	0.90055	0.6275470000000001	0.9742129999999999	0.613433	6.989897	4.0	61.225113	5.094938	1.0	0.015746	12.390516	5.0	38.112296	19.190170000000002	6.0	90.70599200000001	6.941286999999999	1.0	68.252442	17.54814	5.0	0.018345	0.69591	4.0	92.643254	5.490716	4.0	58.914258	23.658669	4.0	70.327483
3883.0	1.0	90.940811	5.5881680000000005	97.79767	7.009189	0.698962	0.6073770000000001	0.9111379999999999	0.6782239999999999	12.947002000000001	2.0	97.55276500000001	20.259148	1.0	0.014731000000000001	13.978470000000002	6.0	9.733854	8.19695	1.0	23.061377	19.932954000000002	3.0	43.671625	18.21811	6.0	0.010375	1.57369	4.0	50.469377	0.821901	5.0	40.639485	7.986813000000001	3.0	27.898225
3928.0	1.0	14.15644	7.571892999999999	2.656475	29.641515000000002	0.186024	0.9887	0.342273	0.790458	23.74091	6.0	83.324123	13.564105	1.0	0.010639000000000001	3.215983	4.0	42.075913	6.916389	1.0	87.906847	5.432205000000001	6.0	92.417709	22.106673	6.0	0.010342	5.9164699999999995	5.0	9.761324	4.121029	6.0	44.230226	1.7296200000000002	4.0	28.093843
4033.0	1.0	23.461192999999998	17.477883	88.689554	7.809622	0.685975	0.7034229999999999	0.361199	0.317945	8.526069	4.0	96.62249200000001	3.948839	4.0	0.01323	17.034354999999998	4.0	70.78128199999999	13.888285	2.0	47.745442	14.509571	5.0	22.106614999999998	11.465017	3.0	0.023939	5.936215	2.0	60.097770999999995	0.395492	6.0	43.795128999999996	25.353031	1.0	69.6503
4045.0	1.0	31.702675	6.863938	3.258712	41.834321	0.677938	0.904819	0.768709	0.5070319999999999	4.736624	4.0	91.815804	3.58629	3.0	0.032463	5.584022	1.0	77.04705200000001	15.965354999999999	2.0	45.731958	4.146029	6.0	74.301266	3.9265769999999995	1.0	0.021374	5.268706	5.0	68.575886	1.580389	1.0	8.568029	14.052753	4.0	22.475579999999997
4049.0	1.0	3.4557089999999997	13.331407999999998	87.472899	11.81529	0.8590530000000001	0.49426499999999995	0.64271	0.898546	10.119183	4.0	34.366044	1.287302	2.0	0.017043	14.217544	4.0	29.678649	24.31338	3.0	70.117396	8.883899000000001	2.0	96.632825	24.289362	5.0	0.029833	1.001751	2.0	93.358368	2.797169	1.0	68.813467	16.390137	4.0	82.892534
4101.0	1.0	68.605815	10.175436999999999	20.556929999999998	9.861808	0.14344300000000001	0.37264400000000003	0.340619	0.767037	5.710546	3.0	50.642059	2.8713040000000003	5.0	0.012173999999999999	16.848012	2.0	42.077051000000004	17.844513	3.0	59.658015	22.034782999999997	5.0	41.668123	19.736648000000002	3.0	0.100457	4.846667	3.0	70.616095	5.652056	1.0	47.994659000000006	17.314546	3.0	45.789358
4229.0	1.0	8.499717	14.535186999999999	55.478538	3.6035699999999995	0.577814	0.8209770000000001	0.855941	0.673858	8.850462	2.0	79.379921	16.061095	6.0	0.516042	15.180082999999998	4.0	88.982731	16.880573000000002	2.0	75.154133	13.351864	6.0	85.23497900000001	20.638956	1.0	0.016603	2.632072	4.0	12.930883999999999	0.6611130000000001	2.0	73.33457299999999	13.327689000000001	5.0	75.315162
4290.0	1.0	20.562032000000002	8.245538999999999	83.86299100000001	7.716164	0.7034159999999999	0.42154200000000003	0.8334959999999999	0.31397600000000003	18.577754000000002	5.0	15.919443	10.060699000000001	4.0	0.012669	9.97758	4.0	23.219231	20.915785999999997	1.0	97.36143100000001	10.269173	3.0	39.516669	11.320202	2.0	0.065371	2.158427	6.0	68.7871	3.128816	4.0	13.588985000000001	19.935917	5.0	79.968601
4375.0	1.0	1.5447870000000001	23.18396	31.053658000000002	4.659762000000001	0.865225	0.48298500000000005	0.475685	0.5802350000000001	9.673842	1.0	61.839766000000004	2.015357	2.0	0.015586000000000001	15.822757000000001	2.0	21.791454	9.631203999999999	3.0	89.267563	23.609172	5.0	66.839321	8.813958999999999	5.0	0.011826	2.6162970000000003	3.0	76.675023	0.146897	2.0	39.514661	13.584669	2.0	36.18925
4386.0	1.0	62.178952	26.557937	6.039676	83.784216	0.385309	0.9500430000000001	0.989649	0.363415	17.287489	1.0	24.992179	23.667932	6.0	0.011601	12.187667999999999	1.0	54.687113000000004	21.414596	5.0	74.672223	7.113882	3.0	92.377798	9.933594	1.0	0.010777	4.839955000000001	2.0	75.30080500000001	2.59613	6.0	10.552875	1.7844740000000001	2.0	96.943616
4424.0	1.0	57.259527	1.0462639999999999	19.400575	3.540397	0.552138	0.42056099999999996	0.6594909999999999	0.630811	11.633691	1.0	65.157613	21.812124	1.0	0.013013	7.558284	1.0	53.734233999999994	14.943701	4.0	34.291401	4.5967970000000005	2.0	43.926975	14.220388	6.0	0.012121999999999999	0.612703	1.0	20.130444	3.870401	1.0	35.314251	24.841593	5.0	99.192982
4798.0	1.0	4.323633	27.166795	48.007984	15.472814000000001	0.813597	0.385754	0.338475	0.950888	13.343106	3.0	77.676363	19.594584	3.0	0.022542	11.343630000000001	5.0	23.454598999999998	10.079872	4.0	95.794321	20.326825	2.0	80.41853499999999	7.54905	1.0	0.033393	1.649234	5.0	66.141623	4.5079970000000005	3.0	56.395497999999996	12.002493	3.0	18.126682000000002
4822.0	1.0	7.012991	24.623502	2.609705	2.66223	0.458366	0.993034	0.862059	0.31003600000000003	11.804889	6.0	84.202635	17.222113	6.0	0.027537	9.544789	4.0	49.769169	9.509561999999999	2.0	74.09860400000001	14.174504	2.0	81.451713	12.439285	6.0	0.010151	4.264034	1.0	78.042027	1.992743	2.0	9.299536	1.490756	1.0	68.01065899999999
4826.0	1.0	50.965807	14.747991	27.606035	19.173428	0.700138	0.7074630000000001	0.771442	0.9919450000000001	23.558248000000003	1.0	96.710412	22.54597	3.0	0.011979	7.886839	5.0	23.293367	10.703315	2.0	36.688707	23.833581	1.0	52.271522999999995	23.65521	6.0	0.013580000000000002	4.524051999999999	6.0	96.422237	1.09251	4.0	99.886127	18.513747	6.0	67.167837
4862.0	1.0	47.464921000000004	1.532301	1.166385	9.022273	0.499183	0.798201	0.818178	0.205506	9.224079	4.0	95.031299	1.709381	2.0	0.056029999999999996	11.171548	4.0	97.342387	1.302664	1.0	20.100182	4.525682	1.0	45.484512	11.909853	4.0	0.040007999999999995	2.341856	1.0	7.045106	4.0910269999999995	3.0	68.48869300000001	10.836609	5.0	59.259166
4889.0	1.0	34.034846	7.475086999999999	1.494643	99.75565	0.9111319999999999	0.391556	0.948787	0.718344	15.810016000000001	5.0	74.255296	17.062324	3.0	0.013572	1.49381	6.0	27.444031	17.234505	1.0	38.659031	9.654435000000001	6.0	71.545792	13.954908999999999	1.0	0.15601099999999998	3.896001	5.0	23.801752	2.3054759999999996	3.0	30.690901	21.91261	4.0	12.163649000000001
4907.0	1.0	37.998424	5.38563	5.47074	13.263760999999999	0.28630900000000004	0.9055350000000001	0.579365	0.7284649999999999	10.964841999999999	3.0	36.021212	8.806575	6.0	0.011344	1.493472	4.0	77.68566	14.782228	3.0	10.831413000000001	17.689813	6.0	81.02902900000001	4.435894	4.0	0.033795	3.909497	3.0	96.674329	5.613899	4.0	94.688837	7.366886	1.0	27.533123
4947.0	1.0	87.256522	13.301853	6.255259	25.752505	0.32221500000000003	0.9737309999999999	0.8297190000000001	0.416545	11.418636	5.0	77.898534	20.481547	1.0	0.069096	8.281814	6.0	64.648777	17.580476	1.0	20.465878	18.974366	4.0	69.593692	7.479519	6.0	0.114277	2.771894	1.0	45.538486999999996	4.987823000000001	5.0	26.279221000000003	22.684897	4.0	67.431935
5078.0	1.0	33.377796999999994	12.191685000000001	48.755917	1.857984	0.8449190000000001	0.43366099999999996	0.6905479999999999	0.48384499999999997	4.313949	1.0	75.88643499999999	4.336067	5.0	0.01414	14.762791	5.0	42.802595000000004	16.091193	2.0	72.065899	18.065898999999998	5.0	39.313303999999995	6.361518	5.0	0.011377	3.142049	2.0	66.1688	0.742721	5.0	42.395669	25.031385	5.0	87.288446
5166.0	1.0	79.623807	1.0706120000000001	70.095134	1.880367	0.382646	0.5542	0.237729	0.384583	14.848689000000002	2.0	42.527072	21.927784	5.0	0.011116	17.133848999999998	2.0	99.071689	14.809420999999999	5.0	45.52925	25.005846	4.0	64.015517	3.04299	1.0	0.023235	3.7417	6.0	83.046	0.354036	6.0	50.452476000000004	1.7052080000000003	2.0	10.840009
5346.0	1.0	20.607611	31.036371000000003	68.61081899999999	2.024923	0.802037	0.722671	0.9461510000000001	0.696179	13.715654	3.0	18.967845	22.352407999999997	5.0	0.014746	18.480311	1.0	45.509037	6.41142	1.0	55.677131	24.236828	2.0	79.386833	2.750463	6.0	0.012957	2.301988	5.0	41.078981	3.205085	1.0	23.512866	21.219814000000003	3.0	33.030428
5380.0	1.0	93.68876	3.209553	22.059529	16.070878	0.675301	0.305998	0.505263	0.89139	6.731503	5.0	85.20313399999999	1.1896879999999999	6.0	0.125027	12.419114	1.0	78.224948	14.437344	1.0	13.858157	24.847109	4.0	95.16479100000001	21.638662	4.0	0.03581	1.6044479999999999	1.0	12.230683	5.8455900000000005	3.0	87.899953	23.315695	4.0	38.287289
5393.0	1.0	29.312278999999997	21.616837	44.553038	10.808985	0.9889969999999999	0.750492	0.136917	0.411364	9.424046	2.0	71.277024	17.936853	2.0	0.014397	8.116116	6.0	55.064547999999995	24.026845	1.0	27.714545	18.449918	2.0	91.463033	14.985764999999999	5.0	0.033147	2.3095209999999997	2.0	59.160739	0.40615100000000004	4.0	50.285985	22.909945999999998	2.0	38.002072
5525.0	1.0	10.109286	1.272039	40.511086999999996	1.323943	0.454793	0.9606389999999999	0.931651	0.8732200000000001	12.682350999999999	6.0	75.264259	6.519617	4.0	0.018417	17.357742000000002	1.0	59.583835	19.399556	3.0	27.047794	14.428435	2.0	80.501228	7.542016	3.0	0.010323	2.100771	1.0	51.052184000000004	5.832229	2.0	29.173145	4.249128	5.0	84.970031
5547.0	1.0	15.100586999999999	5.777639	1.1129120000000001	65.532409	0.607938	0.701745	0.150455	0.988771	7.924496	2.0	29.485267999999998	15.74944	5.0	0.011323999999999999	11.338385	5.0	41.813539	16.502823	1.0	57.401467000000004	6.304009	5.0	23.662595	5.943631	4.0	0.018869	2.437815	1.0	65.616575	5.209472	4.0	81.098022	18.479305	3.0	67.792611
5549.0	1.0	34.619446999999994	19.675326000000002	3.222725	3.0433619999999997	0.5289699999999999	0.959252	0.5249510000000001	0.218396	20.834158	1.0	42.264944	4.327292	2.0	0.088506	12.899346000000001	1.0	82.933252	15.144627999999999	4.0	19.930937	1.442974	3.0	69.635762	7.808400999999999	4.0	0.013212	1.609424	3.0	86.710629	0.114944	5.0	15.718678	6.560497	6.0	31.508754999999997
5664.0	1.0	96.721733	9.149965	15.034417999999999	32.170278	0.312707	0.297308	0.498258	0.969967	17.373657	6.0	60.620757999999995	16.066824	4.0	0.012024	3.9732870000000005	6.0	66.879335	19.826601999999998	4.0	99.02965	2.4917569999999998	3.0	85.321523	8.891516000000001	1.0	0.01123	0.880265	1.0	2.951876	4.966131	4.0	51.798801	24.225049	5.0	26.502751
5743.0	1.0	8.920014	15.602994	1.099483	1.9736360000000002	0.119155	0.8657549999999999	0.9383459999999999	0.572967	20.1067	3.0	43.857215999999994	3.993876	2.0	0.016485	18.4132	4.0	23.201315	20.035048	4.0	76.161007	15.136473	3.0	8.778553	6.406091	1.0	0.022118000000000002	2.746995	3.0	96.059329	4.172941000000001	5.0	35.703626	11.415931	5.0	32.569052
5745.0	1.0	1.192833	17.50274	1.612749	29.081776	0.495072	0.24884499999999998	0.9946940000000001	0.195571	2.85036	3.0	50.93475	6.931315	2.0	0.012095	15.331067000000001	1.0	27.617759000000003	22.767251	6.0	23.854841	21.205479999999998	2.0	91.298526	0.558776	1.0	0.014516999999999999	3.8561970000000003	6.0	57.687314	4.893544	5.0	99.53758	24.155078	1.0	45.556612
5820.0	1.0	5.151044000000001	49.76233	28.828143	5.055062	0.414829	0.379237	0.681692	0.7552760000000001	22.801446	2.0	29.042310999999998	3.098993	4.0	0.012147	12.149535	5.0	36.354642999999996	8.249176	1.0	60.196565	23.941015	5.0	71.15915600000001	14.165479000000001	3.0	0.010534	2.220524	5.0	85.836462	0.606312	6.0	20.102906	21.466264000000002	5.0	6.605621000000001
5902.0	1.0	3.188539	35.992249	13.21699	14.367604	0.8293280000000001	0.401482	0.27956	0.84205	9.471835	4.0	19.158473	13.264911999999999	4.0	0.038971	6.22086	3.0	38.984543	9.840656	3.0	30.641908	12.658911	1.0	25.001368	5.492453	5.0	0.050253	4.269566	4.0	14.073945000000002	3.59542	2.0	94.596653	12.920618	4.0	53.373782999999996
5993.0	1.0	93.58941899999999	24.008489	2.961479	27.411842	0.266036	0.671568	0.566555	0.662284	21.145131	5.0	52.719184	22.40413	2.0	0.016248	6.509912	5.0	80.890298	21.884235999999998	4.0	20.121357	5.892053	5.0	26.022226	0.549632	2.0	0.010907	2.799114	1.0	58.959513	4.750389	4.0	86.433729	3.5221080000000002	1.0	45.34998
6058.0	1.0	4.985755999999999	27.223303	1.195857	17.52696	0.6026090000000001	0.7064729999999999	0.96168	0.405771	23.318054999999998	5.0	12.857583	0.336049	4.0	0.015909	4.73592	1.0	79.452283	7.872663	6.0	60.47509599999999	9.004758	3.0	80.409253	3.935924	1.0	0.011169	4.72152	6.0	9.012012	1.005179	6.0	80.57778	23.611242	2.0	71.871089
6315.0	1.0	60.668893999999995	4.646775	36.304334000000004	21.716009	0.5657840000000001	0.646219	0.476608	0.483059	18.024767999999998	6.0	18.014688	18.518547	2.0	0.028329000000000003	16.403178	4.0	26.156392999999998	4.672381	2.0	32.903181	20.341197	4.0	55.720427	1.8565650000000002	2.0	0.014612	3.677243	5.0	43.333308	5.497976	6.0	69.751692	23.959934	2.0	28.106718
6380.0	1.0	60.19458	29.131110999999997	75.877359	5.359273	0.295976	0.967247	0.881466	0.517886	21.495471	2.0	43.237373	23.974079999999997	1.0	0.012431000000000001	10.629153	3.0	90.78429	24.078742000000002	4.0	78.342985	16.810871	3.0	19.900788000000002	23.509554	2.0	0.023585	4.182947	6.0	18.704153	3.596646	3.0	27.817811	24.427038	2.0	49.342902
6491.0	1.0	27.339956	18.954473	8.943531	1.4524709999999998	0.5599310000000001	0.597527	0.550872	0.207006	12.735661	2.0	72.171447	25.423709	2.0	0.149912	5.358522	2.0	59.008768999999994	21.754576	2.0	16.381122	9.630733	2.0	91.22133000000001	10.853816	2.0	0.032767000000000004	3.374162	6.0	52.602716	1.413459	2.0	5.837956	17.903845	4.0	81.913952
6497.0	1.0	96.456076	7.829884	5.838387	4.92344	0.6759729999999999	0.43111400000000005	0.42536599999999997	0.842284	11.262078	3.0	38.387404	16.70981	1.0	0.018813	7.916257000000001	2.0	27.329359000000004	16.384569	1.0	35.750389	3.826888	3.0	74.010428	15.551764000000002	4.0	0.017294999999999998	1.762641	6.0	55.709598	2.125036	5.0	47.242819	20.384841	3.0	32.93763
6514.0	1.0	9.905691000000001	17.132617	96.97319399999999	5.248682	0.732129	0.46811499999999995	0.8519629999999999	0.8756959999999999	7.7766	5.0	60.101911	21.104360999999997	3.0	0.014103000000000001	16.84023	4.0	88.636826	4.1448220000000005	2.0	49.320665000000005	16.612719	1.0	55.244761	10.57884	3.0	0.015824	5.350869	3.0	7.426914999999999	5.900249	3.0	37.603688	17.346059	4.0	54.905604000000004
6544.0	1.0	68.214516	9.963151	5.080354	9.749725	0.234933	0.606332	0.172751	0.9072709999999999	18.231438	3.0	31.940289	17.934286	5.0	0.012051000000000001	9.324714	4.0	45.104917	14.24035	2.0	45.029292	9.074795	5.0	33.921912	5.843216	1.0	0.010490000000000001	0.756047	2.0	55.62741	4.743776	1.0	9.015912	3.20037	1.0	13.302013
6630.0	1.0	17.430846	1.598661	40.793634999999995	8.796551	0.507255	0.765922	0.94494	0.63975	14.713118	3.0	95.934375	22.777706	3.0	0.09039900000000001	10.056044	5.0	22.963438	21.515537	4.0	12.558774	24.671657999999997	5.0	33.073463000000004	9.016896000000001	2.0	0.017365000000000002	1.498956	2.0	41.363246999999994	4.88587	4.0	29.926599	6.9733600000000004	6.0	7.5514339999999995
6779.0	1.0	66.269634	10.743878	4.589355	56.283191	0.730086	0.6400359999999999	0.9740409999999999	0.744562	11.811281	3.0	63.707552	21.849311	1.0	0.010487999999999999	14.342682	5.0	57.091277000000005	22.85683	4.0	29.313961	15.428576999999999	3.0	72.407578	20.229817	1.0	0.013966	5.104972	5.0	40.497376	5.120685	1.0	89.093879	15.778491	2.0	40.485541
6832.0	1.0	58.73072	1.033943	20.973223	3.2442450000000003	0.952428	0.9121940000000001	0.510292	0.383286	14.912601	2.0	16.152144	0.852217	2.0	0.011148	2.175609	6.0	39.398759999999996	23.670056	2.0	76.909475	19.646770999999998	6.0	16.628726999999998	5.9458400000000005	4.0	0.011061	3.691441	1.0	67.183644	5.360785	2.0	47.421415	10.542453	5.0	74.64123199999999
6931.0	1.0	49.844409000000006	11.379344	72.551048	6.633407000000001	0.782205	0.8994120000000001	0.31502199999999997	0.744699	16.695843	3.0	86.82358	24.840410000000002	4.0	0.14491500000000002	15.000675	4.0	26.9441	14.161504999999998	3.0	91.648179	19.735342000000003	3.0	70.261487	12.233931	6.0	0.024794	5.2151819999999995	4.0	2.564823	5.726636	5.0	64.615098	3.6897480000000002	1.0	61.99689300000001
6951.0	1.0	7.223708	13.225298	7.0063699999999995	12.984076	0.998215	0.495576	0.817082	0.754408	6.182580000000001	6.0	64.95082099999999	18.319326999999998	6.0	0.010601000000000001	14.605741	6.0	85.552643	21.886179000000002	2.0	37.571255	19.758311	5.0	74.602571	13.564354000000002	4.0	0.102344	4.640625	6.0	68.44896999999999	4.4962279999999994	2.0	18.299217000000002	22.805816	3.0	3.4190940000000003
6969.0	1.0	12.993462	10.839577	1.082273	97.497076	0.953782	0.337956	0.39324499999999996	0.6155510000000001	21.940089	1.0	2.4326939999999997	12.712679	2.0	0.011341	16.729453	3.0	18.781651	24.065319	6.0	92.844316	16.441162	5.0	13.870704000000002	2.372903	3.0	0.052046	1.976173	5.0	50.831111	2.833375	6.0	47.576305	2.814595	3.0	38.122264
7029.0	1.0	59.743423	4.964683	8.147535000000001	2.229418	0.124243	0.5122439999999999	0.821018	0.46466599999999997	12.785287	2.0	57.575198	15.943582000000001	4.0	0.012453	12.873009	1.0	13.661537	10.106653999999999	1.0	39.131854	24.857934	3.0	43.217031	4.166304	6.0	0.033326	4.595912	4.0	51.398814	2.54815	2.0	74.539723	18.125664	6.0	74.298511
7037.0	1.0	1.3749959999999999	52.307863	4.681983	38.326674	0.419137	0.717354	0.616345	0.279384	12.535110000000001	5.0	7.186405000000001	8.522666000000001	2.0	0.201783	6.177155	4.0	7.932030999999999	8.824442	2.0	19.680626999999998	20.735631	2.0	36.631426	22.690017	5.0	0.011878	3.0897490000000003	2.0	16.461057	5.574473	3.0	95.41153100000001	21.307922	4.0	16.466565
7138.0	1.0	85.881765	4.906873	82.748467	21.379072	0.7155590000000001	0.738058	0.9314399999999999	0.629153	22.383395999999998	4.0	24.920559	22.200191	5.0	0.011897	7.886278	1.0	28.339433000000003	5.185276	5.0	3.5323300000000004	22.169593	6.0	55.27999200000001	3.182537	6.0	0.010578	1.7391900000000002	3.0	73.18558	0.135535	2.0	65.032985	20.52071	5.0	91.126305
7150.0	1.0	39.446036	7.62051	7.8443369999999994	63.219855	0.123393	0.478699	0.750192	0.356211	15.396495999999999	4.0	45.574335	6.407543	3.0	0.010594	18.131352	3.0	16.979806	14.283002999999999	1.0	58.779295999999995	13.424335000000001	5.0	60.974683	9.002165	2.0	0.026944	5.680405	4.0	97.981064	5.498908	5.0	57.125953	6.951321000000001	5.0	97.510948
7206.0	1.0	12.320599000000001	11.279088	17.32871	17.323255	0.8566469999999999	0.457313	0.5673819999999999	0.812649	6.995448	6.0	35.971602000000004	11.660573	3.0	0.020313	14.709589999999999	4.0	61.431946999999994	23.85453	6.0	78.540102	22.363063	2.0	20.880129999999998	13.050357	6.0	0.011521	5.63095	1.0	2.6480740000000003	3.4209110000000003	5.0	87.99659100000001	24.689854999999998	2.0	13.38439
7213.0	1.0	35.880014	33.953489000000005	56.13044	14.470666	0.5164989999999999	0.855088	0.559132	0.985613	21.830337	6.0	27.314233	25.35758	5.0	0.014274	14.519464000000001	1.0	64.614577	22.365023	5.0	8.601538	23.785306	2.0	88.55743000000001	16.481276	2.0	0.10298199999999999	4.491301999999999	5.0	98.203244	4.722728	2.0	38.783275	13.915277	5.0	26.127004
7222.0	1.0	49.692851	1.7436330000000002	1.136984	20.8983	0.25346	0.8591479999999999	0.712425	0.854	10.178104	6.0	21.300358	12.345682	4.0	0.010742	1.398364	3.0	13.129496	15.8844	3.0	36.034223	13.872701999999999	1.0	64.776801	19.981793	2.0	0.013632	5.752584	3.0	11.637272	4.9872879999999995	6.0	70.445298	13.721191000000001	1.0	74.662195
7320.0	1.0	2.462402	5.640087	38.364134	6.8999619999999995	0.6475489999999999	0.357529	0.7350220000000001	0.9990540000000001	4.285774	3.0	61.845319999999994	3.787203	4.0	0.017916	15.34229	3.0	95.309698	15.939742	3.0	68.278873	8.234421000000001	6.0	23.958152	3.169349	5.0	0.016397	4.924083	5.0	90.113888	4.992597	5.0	1.250414	20.574195	1.0	99.677319
7327.0	1.0	2.093495	67.234021	40.155784999999995	46.096474	0.633305	0.20142100000000002	0.921083	0.9887950000000001	18.310648999999998	4.0	96.206532	23.749049	1.0	0.022337	8.6716	3.0	38.515485999999996	10.720680999999999	5.0	55.101271	17.528366000000002	6.0	20.080497	0.27616399999999997	6.0	0.019932	3.11694	3.0	59.978592000000006	1.0393620000000001	4.0	63.595009	24.412964000000002	2.0	88.79644300000001
7352.0	1.0	3.332032	81.485045	4.16625	20.342074	0.920358	0.406725	0.6335029999999999	0.36763	13.783610999999999	4.0	20.256901	9.927218	4.0	0.028381	16.849292000000002	3.0	22.419785	12.600602	2.0	10.727462	22.127366000000002	2.0	24.646492000000002	13.64851	6.0	0.021744	4.289861	4.0	61.122538	1.560196	6.0	67.80325699999999	25.378808	1.0	11.592450999999999
7394.0	1.0	75.03354300000001	17.181548	19.854383	1.494306	0.70072	0.749579	0.5535939999999999	0.7636970000000001	16.486575	4.0	60.485948	4.551324	4.0	0.046518000000000004	13.754017000000001	1.0	78.791836	7.520888	1.0	42.868245	0.700207	3.0	59.023377	3.762007	1.0	0.022132	2.108375	2.0	11.098461	3.890575	2.0	56.116108	18.373254	4.0	80.12764200000001
7415.0	1.0	75.703622	4.355619	22.158304	1.3750360000000001	0.67187	0.235083	0.392435	0.47986	22.798576	6.0	32.440723999999996	5.194647	2.0	0.015658000000000002	12.849193	1.0	95.745354	10.180394999999999	2.0	14.106188000000001	6.930556	5.0	14.493282999999998	22.291526	4.0	0.014022	2.190188	3.0	92.73273	3.8199699999999996	3.0	94.702043	23.064534	1.0	57.038396
7621.0	1.0	29.427652000000002	19.464353	7.113057	46.691117999999996	0.220977	0.936227	0.9703809999999999	0.634255	10.788889999999999	1.0	30.159933000000002	10.623623	5.0	0.05222	3.775589	3.0	97.39835	15.191685999999999	2.0	60.746949	6.726230999999999	3.0	65.444571	16.598632000000002	2.0	0.018566	4.798973999999999	2.0	56.936815	0.23328400000000002	6.0	87.04705600000001	15.12914	2.0	25.141873999999998
7646.0	1.0	31.670948	8.9061	32.919911	25.439948	0.408485	0.8773629999999999	0.33353	0.921608	21.145201999999998	1.0	84.789027	11.470469999999999	5.0	0.012544	1.5504959999999999	3.0	75.85360899999999	14.823637	5.0	59.355422	3.162328	4.0	57.780976	7.102647	3.0	0.037456	1.4512909999999999	2.0	10.864264	1.0854709999999999	3.0	76.035213	17.661521	4.0	68.298979
7648.0	1.0	78.51480500000001	1.832495	49.823502000000005	1.333017	0.528618	0.577102	0.250764	0.611487	22.544079	4.0	62.995716	6.644562	2.0	0.026378	11.54601	5.0	37.581390999999996	20.831423	5.0	84.992482	2.0131099999999997	6.0	50.512152	14.487395999999999	4.0	0.038956	3.161465	5.0	7.819402	1.7249130000000001	4.0	98.60278100000001	17.362880999999998	3.0	14.288179000000001
7651.0	1.0	2.071055	96.348506	64.161622	6.6920720000000005	0.67595	0.336951	0.45311	0.720184	19.814837	5.0	25.552920999999998	10.344047	1.0	0.010071	7.501517999999999	4.0	22.873054999999997	21.862489	5.0	67.93225600000001	19.931875	3.0	67.412494	4.4655059999999995	6.0	0.027951999999999998	3.583407	3.0	32.255027	0.763857	3.0	97.907302	6.461864	4.0	65.452088
7676.0	1.0	1.247942	80.00260300000001	25.378567999999998	12.153754	0.706867	0.5229159999999999	0.614962	0.752466	9.861283	6.0	30.998283	4.93547	5.0	0.045259	5.174168	2.0	59.567946	19.550757	5.0	70.295325	16.318960999999998	6.0	50.570991	15.16872	6.0	0.016163	2.650747	6.0	25.82839	4.581073	2.0	64.18583000000001	14.294671	1.0	20.807534
7716.0	1.0	39.399117	20.343002	89.342555	9.338248	0.667764	0.9840780000000001	0.972183	0.757649	9.800422	1.0	30.439265999999996	3.536521	1.0	0.014403999999999998	10.444980000000001	2.0	91.664956	18.139326	5.0	13.977267999999999	8.377396000000001	6.0	37.389905	11.550791	4.0	0.022817	4.740041000000001	1.0	25.536667	0.872318	1.0	84.767338	15.014581	2.0	95.9751
7773.0	1.0	5.098558000000001	5.750485	24.296492	10.698396	0.80579	0.707025	0.779139	0.561248	2.70035	6.0	64.661502	5.276916	4.0	0.133873	0.700558	4.0	42.471644	19.07359	1.0	73.572252	23.210991	6.0	30.463581	8.056742999999999	6.0	0.013075999999999999	0.719483	2.0	35.356697	0.722359	4.0	83.304498	20.830794	6.0	73.888846
7802.0	1.0	53.608382999999996	11.306944	70.752955	1.5552219999999999	0.716615	0.38097600000000004	0.164615	0.42282200000000003	23.776842000000002	5.0	6.948632000000001	24.815706	5.0	0.019934999999999998	10.977705	3.0	16.820075	12.448499	1.0	93.498406	1.604466	5.0	99.176085	15.788243	2.0	0.048812	3.5896190000000003	4.0	39.274862	3.8150690000000003	5.0	32.374340999999994	12.569153	6.0	43.52228
7846.0	1.0	3.339911	70.368349	5.763416	61.755368000000004	0.555067	0.24113800000000002	0.765433	0.31283	16.195151	3.0	8.696173	13.623589	6.0	0.058235	11.883511	4.0	33.711028999999996	14.059679000000001	2.0	12.818814999999999	24.780117999999998	3.0	85.173022	2.861749	3.0	0.016537	2.884051	3.0	9.681816	5.5999419999999995	4.0	34.557772	21.807057	5.0	90.368342
7944.0	1.0	64.53982099999999	11.942578	8.880567	22.721247	0.139123	0.706619	0.527092	0.709304	18.271659	2.0	34.590406	13.405719	2.0	0.037211	9.459616	2.0	36.455903	11.003777000000001	3.0	7.195145	8.715681	3.0	44.909535	0.392221	2.0	0.023556999999999998	0.124357	1.0	84.66996999999999	2.4735720000000003	1.0	95.03541	15.192658999999999	6.0	96.743237
8094.0	1.0	21.11319	19.818114	98.338974	3.106209	0.938457	0.48698800000000003	0.27168200000000003	0.331343	15.528088	1.0	97.938692	1.748527	4.0	0.09980399999999999	17.544676000000003	3.0	35.392579	9.029751	5.0	4.37453	24.020447	3.0	72.474541	15.975253	5.0	0.025439	4.48088	3.0	5.188941000000001	5.22881	5.0	42.3449	25.158145	2.0	76.85791400000001
8145.0	1.0	3.568546	17.486826999999998	84.70998399999999	14.491314000000001	0.7043149999999999	0.5549189999999999	0.667732	0.899661	16.624735	6.0	8.152503999999999	19.018101	3.0	0.015544	13.567193	2.0	68.37934	12.404073	5.0	96.595038	7.862181	4.0	59.317981	14.850164000000001	5.0	0.012661	3.83481	2.0	81.737196	4.560044	2.0	14.284405	24.318327	2.0	69.527849
8304.0	1.0	61.320328	17.733176	4.432965	74.565162	0.45252	0.816134	0.7598010000000001	0.16856400000000002	5.238805	5.0	34.773664000000004	16.378052	5.0	0.017174000000000002	18.25704	4.0	21.342838	23.994704000000002	6.0	45.543347999999995	13.796921	1.0	52.177675	8.652841	5.0	0.011859999999999999	3.522645	6.0	73.72528100000001	5.137232	6.0	73.20217199999999	8.228475999999999	1.0	76.414597
8356.0	1.0	14.895381	23.125313000000002	7.9250869999999995	53.55341800000001	0.268575	0.9518	0.842619	0.293915	16.996257	4.0	83.47026899999999	14.487514000000001	2.0	0.047142	4.5559970000000005	4.0	37.087119	18.978606	6.0	36.147784	23.435385999999998	5.0	59.5121	5.398526	1.0	0.012554000000000001	5.497464	4.0	17.454420000000002	2.579685	3.0	32.428917	0.44797	1.0	19.428125
8479.0	1.0	77.10618199999999	8.598327000000001	4.9585550000000005	12.609686	0.719063	0.485152	0.13306400000000002	0.595248	7.98577	3.0	76.577219	24.081464999999998	4.0	0.010563	5.406291	6.0	19.265997	23.090222	1.0	82.054416	22.173118	6.0	6.189703	18.308486	3.0	0.010381999999999999	5.358071	5.0	30.898402	4.536069	1.0	6.184606	20.312857	2.0	47.385245
8590.0	1.0	6.86545	84.018782	43.289257	7.379697	0.531242	0.9036780000000001	0.868886	0.28713	23.649645	1.0	10.532255000000001	6.0088870000000005	5.0	0.045527	16.351879	2.0	80.948808	20.948553	1.0	91.254276	11.714066	5.0	55.892476	20.139444	5.0	0.019267	1.8557919999999999	6.0	97.672811	3.592745	5.0	75.3342	17.462501	3.0	38.505075
9063.0	1.0	65.967334	22.287601000000002	34.602763	30.384628999999997	0.9323	0.8665729999999999	0.9781270000000001	0.942139	5.8435809999999995	4.0	98.490284	9.454716000000001	4.0	0.021072999999999998	5.611204	3.0	31.012548	16.894243	6.0	92.158969	15.392507	4.0	95.644751	22.889616	1.0	0.027498	1.640659	3.0	9.003124	0.965081	1.0	57.05135500000001	21.7801	5.0	25.665997
9319.0	1.0	7.6381630000000005	57.19353	8.874525	14.280102	0.9830190000000001	0.385544	0.859836	0.879473	22.783688	3.0	74.408125	20.363235999999997	4.0	0.02052	18.419442	4.0	75.035788	10.582099000000001	5.0	42.518153999999996	11.581258	2.0	77.359098	11.28469	5.0	0.078315	1.071526	1.0	90.032521	5.352963	5.0	25.961935	18.175296	4.0	56.701088
9394.0	1.0	96.63475	15.632653	5.527080000000001	9.261034	0.8789879999999999	0.514393	0.8421040000000001	0.785828	19.954428	2.0	56.157816000000004	23.401623999999998	2.0	0.104451	11.659964	2.0	69.671097	22.476932	6.0	92.059612	11.501506	2.0	80.702682	20.405766	6.0	0.033984	2.094944	4.0	70.975507	0.721809	1.0	95.76717099999999	4.170031	3.0	71.677389
9458.0	1.0	3.5591480000000004	79.433302	15.796382000000001	16.963082	0.528184	0.903717	0.7917420000000001	0.879609	10.635555	4.0	66.619159	2.8329020000000003	3.0	0.06908500000000001	14.863970000000002	4.0	44.235448	13.207524	5.0	13.309895000000001	23.084003	3.0	13.622987	16.598809	6.0	0.047242	0.596075	1.0	70.02857	5.01395	4.0	52.620291	19.497304	3.0	86.83659899999999
9809.0	1.0	44.207806	9.131879	19.084873	1.691313	0.13204100000000002	0.37551799999999996	0.160925	0.979671	1.792514	2.0	49.32481	4.752604	3.0	0.034806000000000004	10.110158	5.0	86.948032	22.382335	3.0	97.835116	15.073293	4.0	47.872734	8.991299	3.0	0.02002	5.920296	6.0	4.959098	1.9400259999999998	1.0	17.648001	0.47764300000000004	2.0	15.672792000000001
9845.0	1.0	28.559267	30.518982	33.110282	6.741948	0.7722140000000001	0.96454	0.639601	0.37335300000000005	21.025853	5.0	35.428237	5.40195	3.0	0.048215	13.198692000000001	4.0	21.55777	16.503173999999998	2.0	50.481678	20.420439000000002	2.0	86.261477	3.3457739999999996	6.0	0.014948	3.868324	1.0	51.113226	2.027327	5.0	16.801339000000002	10.355161	3.0	90.880402
9907.0	1.0	57.823802	9.168555	5.048187	93.155895	0.168913	0.918876	0.717591	0.7910020000000001	1.632466	6.0	75.64455799999999	3.503802	5.0	0.434767	5.285401	4.0	94.620409	16.031776999999998	6.0	89.303717	6.657856	5.0	3.373674	16.69194	1.0	0.171932	5.56767	2.0	97.70267199999999	2.245998	2.0	56.686080000000004	7.767347999999999	4.0	16.099637
9919.0	1.0	18.974155	7.277322	39.279049	7.03856	0.530539	0.565884	0.166278	0.642571	10.379010000000001	3.0	25.63296	21.867855	6.0	0.035123	14.166016	5.0	27.459609999999998	9.25715	2.0	55.062979000000006	15.140943	5.0	61.875034	15.176229000000001	6.0	0.03695	3.555538	6.0	28.674903000000004	0.48250200000000004	2.0	33.783653	23.404646	1.0	56.228044
9960.0	1.0	18.644935999999998	7.486422	2.487421	4.063341	0.58141	0.9334520000000001	0.513397	0.664623	1.69704	4.0	41.558458	15.276294	6.0	0.015111000000000001	6.840281	5.0	82.790666	12.532174000000001	6.0	26.268432	1.070306	6.0	22.70038	12.448350999999999	6.0	0.048533	3.0667869999999997	2.0	84.766646	2.764402	2.0	56.244606999999995	17.640123000000003	4.0	6.632589
