10	1	-10.355860	1.478357	7.471158	7.729027
21	1	9.280188	6.750791	-16.538808	-2.473100
29	1	-8.441836	-1.351043	7.039607	5.252012
30	1	6.526087	6.769979	-12.970975	-4.297660
38	1	4.982920	6.404439	-6.064606	4.929213
41	1	-3.686379	1.307531	-7.921927	-5.993683
44	1	-3.266222	0.652953	-3.668799	-6.332817
59	1	-5.498523	-2.495919	6.484127	8.733683
66	1	6.976557	6.743290	-8.727135	-1.694862
69	1	6.272943	6.869592	-10.306070	1.631276
79	1	9.100082	5.256886	-11.692675	-6.979738
86	1	-7.674128	0.754987	7.011086	6.583204
101	1	7.306651	6.800303	-7.681800	-3.996186
105	1	7.305326	6.658330	-8.382331	-4.318555
108	1	8.519309	7.001811	-10.299650	-4.682350
110	1	8.268958	6.188907	-10.614729	-7.183888
118	1	-12.184502	-1.312140	9.402195	7.369765
123	1	-8.059739	-4.054915	7.577756	7.861733
124	1	8.424952	7.631452	-9.819569	-5.061323
126	1	7.284315	9.169291	-11.697348	-7.185473
133	1	-3.103308	-1.301969	-3.837871	-10.738633
139	1	-11.802342	-3.195603	8.523132	6.110834
157	1	5.464591	6.280686	-7.115211	-6.964923
158	1	6.357184	9.576945	-13.353504	-7.923909
167	1	8.028347	7.225199	-7.507965	-3.123485
168	1	5.954290	7.276682	-9.528994	1.184142
172	1	-4.492018	2.886138	-12.597151	-7.594468
175	1	-8.088328	-1.591614	7.614088	8.838715
187	1	-10.448311	1.960538	8.896702	9.420045
203	1	-3.830629	-2.170385	-6.007676	-6.554787
204	1	-6.836525	1.726981	8.530405	6.734846
208	1	-10.494674	-0.133803	6.669495	6.300933
211	1	-11.198725	0.452489	6.024197	8.328212
212	1	7.206707	7.161452	-11.087339	-3.145837
217	1	-7.020820	-2.409063	-5.781932	-6.400506
219	1	7.709246	7.940602	-9.386370	-5.920034
222	1	-9.862404	1.727132	-6.358135	-4.787592
235	1	6.301426	9.241029	-12.534395	-2.850321
240	1	7.115453	6.029625	-11.170187	-3.817947
257	1	-3.261880	3.584763	-8.288975	-4.322843
258	1	-7.191702	-1.706078	6.658976	8.725113
260	1	-7.267140	0.727472	9.619365	7.736914
264	1	3.052107	8.677812	0.833358	7.399473
272	1	-3.422572	5.256304	-10.882034	1.077117
277	1	-7.489899	-0.666459	7.920541	6.533100
284	1	-11.681745	0.440319	7.362315	8.312543
312	1	1.132568	0.135924	-1.886869	-5.533222
328	1	-10.887265	-0.734486	7.537574	6.474717
341	1	7.171680	5.703126	-8.178638	-9.085790
345	1	-1.603887	-2.095007	-4.588597	-7.483023
348	1	-4.139480	0.192090	-5.930152	-7.116936
359	1	6.714596	7.043894	-10.471373	-6.608918
367	1	6.531566	5.620164	-7.138952	-5.852059
374	1	5.955247	7.372864	-10.897012	-5.476374
378	1	6.085843	8.717072	-7.888946	-3.280097
388	1	8.386304	7.038102	-7.767710	-5.877571
401	1	6.940992	7.164679	-6.614644	-11.293675
423	1	-8.475000	-1.909871	6.636671	6.267856
446	1	7.347151	7.899292	-13.041498	-4.789246
452	1	7.384448	5.553727	-10.590134	-4.504304
455	1	-7.746272	1.321851	7.570809	7.644298
458	1	-5.695125	-0.367844	9.074290	4.925974
459	1	9.561912	8.652369	-11.526520	-5.998849
465	1	6.054487	3.561102	2.288379	-4.326354
489	1	-9.438528	-1.838077	6.424971	8.340675
499	1	5.811770	6.575232	-5.352178	-7.194986
505	1	9.392159	5.799687	-4.717974	-6.175473
506	1	7.690835	7.167384	-8.917768	-5.464171
508	1	6.732841	7.706366	-14.769150	-6.633321
524	1	7.072269	8.013590	-12.849486	1.799513
526	1	-8.427882	2.352332	-3.963482	-7.278806
539	1	-8.172067	-1.317227	8.403198	9.342546
547	1	-9.487710	2.019073	6.335194	8.447547
558	1	7.422515	9.293092	-10.846704	-1.598833
559	1	-8.317073	-1.982249	6.623782	5.885891
568	1	7.622573	5.887174	-3.919611	-0.728292
578	1	-7.944164	4.453558	6.070961	7.962340
579	1	4.701214	6.203968	4.842631	6.934248
581	1	5.721498	6.279520	5.586705	8.675376
583	1	-15.083947	-0.135805	5.308348	7.139764
584	1	-10.496822	0.170155	7.891660	9.062336
597	1	-4.343015	-2.152179	8.409158	6.812036
609	1	-11.185429	1.451830	5.934364	6.749929
614	1	7.349804	8.205921	-10.724385	1.998365
624	1	7.686773	8.019260	-6.111419	-4.533804
625	1	4.255084	4.974458	-10.143580	-7.144596
641	1	-6.643322	2.556552	6.389596	7.386214
655	1	6.299557	8.214701	-10.149830	-4.252603
661	1	6.653141	7.627432	-10.418986	-4.819206
670	1	-11.644848	-0.653369	7.029733	7.611161
676	1	-5.739740	-1.236429	8.572896	7.519301
677	1	-6.494636	1.577348	-6.058664	-7.146554
684	1	7.502375	6.710983	-8.228728	-7.292985
689	1	-10.421316	0.208453	7.315013	8.620198
697	1	7.822291	7.182896	-5.628161	-8.801913
698	1	-7.585667	2.364325	7.780984	6.145476
714	1	8.974650	8.428628	-10.560684	-6.558343
728	1	5.555346	8.058349	-12.666047	-4.756492
729	1	-10.099696	1.433142	5.399003	8.923315
737	1	9.229884	7.825714	-11.840149	-3.048651
742	1	9.046253	6.289011	-9.923789	-6.877271
746	1	-10.446916	-4.057391	8.191763	7.436375
753	1	8.012241	8.694479	-6.745362	-6.045606
779	1	-9.806483	4.737028	6.455199	7.727857
786	1	6.083692	9.163760	-12.546558	-6.812316
790	1	7.361479	9.559711	-10.272191	-2.656347
795	1	9.706685	6.731375	-9.736589	-0.734579
804	1	-8.607080	4.190741	4.055119	6.546455
805	1	6.144760	7.690284	-11.028482	-9.454892
809	1	6.734655	7.881558	-13.854348	-5.503965
811	1	-9.472073	-5.133580	5.888910	6.546870
815	1	-2.323332	2.174890	-10.269915	-8.370905
822	1	-11.286931	-0.875854	6.393402	5.411701
823	1	-9.024852	3.234243	9.049304	6.522864
832	1	6.932147	6.639894	-11.653727	-3.394581
837	1	9.068317	5.029906	-1.578333	-10.299760
838	1	6.568000	6.396972	-9.105656	-8.383519
839	1	-7.850214	5.372303	3.866758	7.512022
840	1	7.083108	8.904963	-9.346907	-5.730871
841	1	7.931085	4.098290	-4.690790	-7.494064
844	1	-5.960906	-1.336004	8.173221	8.542268
853	1	4.747026	6.558779	-8.414315	-5.318187
855	1	2.882983	2.482635	-4.225525	-6.965014
868	1	-8.757717	1.325271	3.156549	-2.686156
875	1	-11.202723	0.145408	5.472413	6.883447
877	1	7.233418	6.970038	-11.868594	-4.567823
886	1	6.275353	6.521084	-9.582533	-4.534986
899	1	-6.125574	0.576398	7.200773	9.292725
905	1	7.314322	6.714864	-3.171411	-10.424182
910	1	-10.471415	3.232380	4.897303	7.403680
913	1	-8.703884	-0.389345	6.314497	6.286732
915	1	6.505874	7.570448	-10.152825	-0.425124
920	1	-8.100178	-0.915809	6.657158	7.779585
929	1	-9.361472	-1.883238	7.286446	7.002539
949	1	6.010955	7.994195	-8.513507	-5.977176
957	1	6.824418	8.841792	-10.248050	-4.488336
961	1	-12.313980	1.729777	7.478515	7.093683
964	1	-9.584559	0.349420	7.098433	8.296521
971	1	6.668913	6.247703	-6.132850	-2.988377
980	1	6.776749	6.906100	-5.001813	-9.318879
990	1	5.382821	7.868229	-3.869934	-5.234469
991	1	8.774673	6.634860	-5.871640	-9.854950
996	1	-11.881754	1.823950	5.702342	7.640119
998	1	6.185206	6.592352	-8.448915	-4.245857
1001	1	6.213780	5.613700	-12.949161	-3.730124
1033	1	7.114773	9.117010	-8.530789	2.650375
1034	1	7.543275	7.873873	-10.801696	-6.268507
1053	1	7.453920	5.324145	-0.209260	-6.748356
1055	1	-10.295213	-0.861324	6.262069	6.853798
1057	1	6.879165	7.531489	-11.692021	-7.258001
1089	1	-10.806842	-0.640261	7.117504	5.646496
1092	1	5.585164	6.009242	-6.552873	-8.544444
1093	1	8.373109	6.261226	-8.795214	-6.977678
1094	1	-12.467128	0.512539	6.922135	7.914691
1102	1	-8.122832	2.147818	5.865005	7.650604
1106	1	-7.670310	0.537183	6.214538	6.037378
1110	1	5.985572	7.846708	-5.748383	-7.051932
1111	1	-2.085064	-0.886849	6.886760	5.242012
1112	1	6.506716	6.828252	-12.009752	-0.583840
1116	1	-10.560506	-0.790517	8.064262	8.104916
1143	1	-9.879994	0.876500	6.463330	8.281451
1149	1	-10.816401	-0.206254	7.978473	9.577191
1169	1	5.816049	5.949715	-5.193061	-7.354587
1180	1	-6.266670	-2.376257	-5.341963	-7.676678
1182	1	-7.335904	-1.037705	4.595962	5.907225
1207	1	6.207425	6.582880	-7.355339	-6.373373
1209	1	-9.168210	-2.565384	6.732477	6.432615
1213	1	-7.913008	-0.374187	8.554097	9.902755
1218	1	4.773706	5.645004	5.037350	7.192235
1220	1	-14.237792	2.136020	6.919264	8.625244
1221	1	7.789922	6.093620	-11.081559	-4.630214
1222	1	-5.605569	-4.282611	-3.263019	-7.732530
1231	1	8.586218	7.877332	-14.185735	-0.298445
1233	1	4.782463	5.990841	-12.555346	-6.277719
1234	1	5.110174	9.396878	-9.578159	-3.025566
1258	1	-11.156703	-2.406521	7.498802	8.202296
1265	1	4.752376	8.737137	-11.930272	-7.062374
1268	1	-11.711512	-0.678683	6.806025	6.651600
1269	1	7.066979	7.154369	-6.688497	-4.825813
1271	1	-10.470764	-1.098288	0.357833	1.022899
1272	1	5.312358	5.288034	-11.386436	-5.205594
1273	1	-4.265357	1.255395	5.027117	6.509833
1287	1	-8.203130	-0.668237	9.049793	7.526334
1296	1	-8.188861	0.255150	6.438841	9.357446
1310	1	-6.500190	-0.035762	-9.104456	-0.608126
1319	1	-4.929929	-1.084183	9.011467	7.762424
1334	1	-15.107434	1.384759	6.597131	6.752240
1336	1	-16.077875	-1.425931	6.318705	7.794615
1343	1	-7.127172	-0.444519	7.172967	7.703672
1347	1	7.095849	6.455982	-7.154491	-5.070676
1349	1	-7.438129	-3.935278	5.554848	7.371769
1368	1	-13.247350	1.744133	5.864602	6.633028
1381	1	-8.322293	2.781823	6.215632	7.675742
1384	1	9.203739	6.640753	-11.610764	-7.100065
1386	1	8.611438	5.471840	-7.349383	-4.403482
1403	1	5.980150	8.892781	-8.631576	-4.346640
1407	1	9.171183	8.000063	-9.347785	-6.041046
1413	1	8.944894	6.790263	-3.671502	-11.950171
1414	1	-4.227692	1.474207	4.506915	9.077208
1425	1	7.038923	7.609035	-7.431970	-11.288154
1426	1	6.091854	6.619001	-9.225033	-6.803850
1427	1	-8.186674	-0.970942	9.142024	6.990468
1431	1	-9.632873	2.510466	8.150304	7.323574
1433	1	6.411588	7.164886	-10.914198	-9.375129
1435	1	-11.440351	-4.956443	6.859016	6.619107
1436	1	-6.401224	0.349941	7.018061	9.811019
1440	1	-4.463406	-1.808443	7.291957	6.479511
1441	1	-6.902924	-0.785125	7.575719	6.544724
1443	1	5.812290	7.037267	-10.922761	-7.747442
1444	1	-3.451610	-1.854869	-6.724668	-7.104951
1454	1	2.545626	5.204054	-8.696628	-6.399859
1456	1	8.356614	8.346205	-12.314263	-3.058439
1461	1	6.971147	7.709062	-9.141150	-5.360474
1466	1	6.345677	7.909197	-10.224278	-5.704665
1469	1	4.245645	3.682312	-6.400853	-7.736602
1474	1	-12.022683	-1.783817	7.380115	7.958526
1490	1	8.274584	5.944662	-4.629131	-7.843016
1491	1	2.492646	0.659500	-4.064081	-6.519721
1508	1	-13.672796	1.627401	6.832713	4.954341
1511	1	6.734459	3.446509	-10.563654	-3.605070
1513	1	9.079574	6.894056	-8.099165	-5.137420
1517	1	2.307161	4.403529	4.849144	6.841334
1520	1	6.229693	6.299373	-5.215179	-3.767670
1533	1	7.343820	8.291823	-9.148954	-5.242573
1534	1	-11.532009	-1.060886	5.424415	9.227376
1544	1	6.613929	4.945290	-6.273017	-2.974299
1548	1	-11.073763	0.592852	7.112253	7.726444
1553	1	-10.312819	2.861707	7.186117	5.635203
1555	1	7.317572	7.188196	5.471695	-0.310482
1562	1	-14.537860	0.368692	6.521961	6.037746
1567	1	8.340894	7.008858	-1.948545	-6.768039
1568	1	6.157134	8.324524	-6.946303	-7.293726
1576	1	4.709467	8.476197	-7.344210	-6.333679
1582	1	6.833613	6.902068	-8.015149	-6.112394
1583	1	6.950425	6.821454	-10.114755	-7.200579
1592	1	-10.733299	1.096926	7.794337	7.044710
1599	1	-9.156419	-0.336248	7.012864	7.279993
1601	1	5.539946	8.919021	-8.888119	-7.089126
1604	1	-10.093745	0.023515	6.121940	7.957530
1611	1	-8.498914	0.466641	6.055076	6.876299
1626	1	-3.866128	0.361954	7.253132	7.328264
1628	1	-9.787724	-0.026690	7.267754	8.873028
1631	1	-13.497152	0.329767	8.381839	9.444783
1632	1	4.933803	8.343842	-5.420788	3.901844
1636	1	1.190595	0.504078	5.567170	8.122924
1650	1	-14.224773	-0.323928	-3.382515	6.724410
1668	1	-8.424874	-0.630214	7.398391	7.255566
1672	1	8.975136	6.425410	-11.971350	-8.838918
1681	1	5.262792	7.390382	-6.556522	-6.728585
1685	1	-8.373792	0.444411	7.301584	7.155986
1691	1	6.695932	6.194048	-9.528879	-6.802516
1696	1	-11.171777	-0.702834	8.744432	8.784623
1718	1	-14.121691	1.431182	6.931049	7.880244
1719	1	-10.990430	-2.329541	6.222847	8.278847
1721	1	7.629869	8.553550	-11.012638	-4.251205
1729	1	-10.791161	0.241213	6.300584	6.965183
1737	1	6.206618	6.560951	-11.785557	-4.374549
1742	1	-6.932932	1.633121	6.742651	6.692180
1747	1	-12.579467	1.979867	7.105859	7.544807
1753	1	8.483084	9.607572	-12.206870	-4.186179
1766	1	-9.462116	-0.153321	2.295197	-3.335409
1772	1	-8.385363	-1.137568	6.790682	7.751153
1784	1	8.464552	7.926792	-3.459917	-4.498645
1788	1	9.081845	7.655474	-3.867705	-7.087912
1794	1	-11.217728	-2.566270	8.844279	6.781860
1802	1	8.795547	8.004761	-12.270092	-4.555296
1808	1	7.781800	7.445089	-11.323904	-8.812435
1813	1	-7.031677	-0.129159	6.199662	8.251461
1826	1	-9.387459	-0.136418	7.081717	8.061038
1839	1	7.654865	7.198192	-6.338928	-4.149611
1840	1	-9.194522	-1.606751	7.052633	4.666424
1842	1	5.583215	8.291616	-8.846524	-7.928656
1843	1	-8.058221	-1.272988	7.935060	8.723890
1845	1	7.364918	5.328429	-12.962693	-4.431113
1849	1	7.706328	7.125534	-10.755719	-5.844407
1854	1	-8.972501	2.763306	7.068017	7.067151
1863	1	-8.818215	2.399397	-4.443182	-9.189113
1868	1	7.750721	8.738700	-9.967181	-4.869139
1872	1	-12.468041	1.251994	7.336311	9.766930
1877	1	9.782943	7.630558	-6.225147	-5.108786
1878	1	8.991595	5.912221	-14.119152	-5.848843
1891	1	7.554887	8.904583	-10.857811	-6.166863
1897	1	7.424261	6.787281	-11.403018	-2.297586
1918	1	-11.255681	-2.734866	6.521317	8.375814
1919	1	-7.720384	-0.846152	7.505496	6.467174
1925	1	-1.750467	-2.059811	9.128357	5.931586
1927	1	7.079456	7.365241	-12.666924	-10.396496
1930	1	-5.442135	2.368487	7.547721	6.236423
1934	1	-10.882592	0.780360	4.450541	8.118688
1940	1	-5.023730	4.531531	-5.682293	-1.956838
1955	1	6.889411	6.890926	-8.770806	-4.394597
1969	1	7.282116	6.736486	-9.353620	-5.239785
1973	1	-6.563793	-0.709789	8.932649	8.257293
1977	1	5.713586	7.654204	-9.074992	1.435200
1998	1	-2.276684	1.643056	-5.059186	-8.139859
2008	1	-10.432712	-0.891677	7.753391	4.978324
2021	1	5.896903	9.724104	-10.327634	-5.330173
2022	1	8.409131	7.066540	-12.711963	-3.125798
2024	1	-5.857589	-0.537047	-5.212742	-5.622924
2028	1	6.190890	8.132478	-9.684939	-10.258602
2031	1	-7.547917	3.844057	6.710110	8.811345
2032	1	7.656150	7.671692	-9.872965	-7.810431
2039	1	-5.779964	4.191738	6.087719	6.243716
2040	1	-6.919308	2.746109	6.497446	8.301086
2044	1	9.754990	7.404354	-10.182758	-2.424600
2057	1	5.520336	6.778585	-5.569716	-7.028800
2074	1	-11.865836	1.713020	8.801342	8.401170
2087	1	-10.343621	-2.605546	6.693474	7.772781
2101	1	-10.014285	3.870781	6.785525	6.711063
2104	1	8.250740	8.439277	-11.302818	-5.331782
2106	1	6.915885	6.533411	-14.551031	-5.497326
2113	1	-5.080704	0.593074	7.063960	3.472000
2120	1	-11.862162	1.278622	6.329416	7.334852
2140	1	7.428045	8.784450	-8.763542	-8.621288
2141	1	-8.738262	3.808233	6.061169	5.645968
2150	1	5.629658	7.191421	-12.110258	-5.883256
2159	1	7.780659	6.666264	-12.058519	2.050204
2176	1	7.986650	7.834932	-6.979756	-4.567842
2183	1	7.791061	9.069979	-13.996477	-3.960612
2209	1	6.809805	8.449515	-7.038383	-8.528638
2210	1	-9.621707	-0.323893	8.469933	6.335056
2212	1	-3.691319	-2.294414	2.084741	-3.619636
2215	1	5.943367	7.330616	-5.565726	-6.915398
2243	1	-5.298714	-1.249068	4.335823	9.336109
2280	1	-4.160855	3.125702	-6.703372	-5.907817
2284	1	5.554503	6.796845	-8.023771	-8.136887
2288	1	7.392315	8.626107	-7.367164	-3.606002
2292	1	-10.941275	-2.220915	6.510388	8.117775
2300	1	-12.084968	1.181049	8.898661	6.268789
2302	1	5.576277	7.442197	-9.628495	-4.462707
2307	1	9.073534	6.381178	-7.537591	-8.417352
2311	1	7.912738	5.929792	-10.785621	0.615407
2319	1	-6.599529	5.116879	6.280315	9.371819
2320	1	-1.191313	2.619804	9.081395	-0.011064
2325	1	-7.563845	-1.289274	7.748771	8.377753
2356	1	6.666386	9.109880	-11.775515	-2.760842
2365	1	8.834430	6.180080	-8.746024	-5.896773
2372	1	-10.450104	-1.108402	4.155735	6.825015
2375	1	7.221407	7.980120	-10.431978	-1.558877
2377	1	6.810624	9.504300	-9.621267	-2.691290
2389	1	8.570666	7.356851	-10.889117	-1.696799
2395	1	-5.547993	0.079195	7.078507	8.425239
2407	1	-2.958584	-2.037951	7.924006	7.128422
2413	1	7.658084	6.507661	-11.665983	-3.553323
2418	1	-3.418903	1.314735	8.089461	9.146253
2419	1	6.364839	6.279331	-13.325154	-7.321988
2421	1	-6.823474	1.234073	8.231080	8.229886
2426	1	-9.932677	1.574804	-6.288219	-5.615998
2431	1	4.377084	7.685935	-7.260411	-7.450367
2451	1	6.776486	9.296666	-10.383473	-5.944497
2452	1	-3.841035	5.567974	-7.672492	4.672861
2460	1	-6.140674	-3.474649	-7.949033	-1.987248
2464	1	-7.123861	1.638862	-6.892544	-3.393976
2466	1	-7.500307	-0.389993	-6.726812	-6.549084
2470	1	7.261608	6.349550	-2.473186	-0.926858
2482	1	6.656667	6.261834	-8.711720	-7.417268
2491	1	-9.271616	0.616027	7.089174	6.180017
2493	1	2.650959	7.112422	-9.372001	-9.914915
2499	1	6.576271	6.390517	-8.325202	-7.226475
2502	1	-12.371355	-1.230010	7.590587	5.814331
2504	1	0.456776	1.106429	6.628936	6.166219
2505	1	-6.462556	1.186660	5.934621	8.408454
2524	1	5.030770	8.004159	1.132429	5.921590
2551	1	8.062017	7.448311	-9.323967	-8.922214
2562	1	8.390763	7.100002	-10.424232	-6.638765
2566	1	6.592792	8.261737	-14.379429	-3.417836
2579	1	-12.268972	0.285673	6.317496	7.177251
2583	1	-3.935161	-2.209456	-0.362336	-2.384972
2612	1	6.714271	9.069010	-12.846709	-3.636280
2613	1	-9.349738	-4.323378	6.566957	7.284459
2618	1	7.607181	5.726975	-8.970983	-7.821909
2625	1	7.285605	6.103260	-2.689753	-8.679198
2626	1	-11.431923	1.021916	8.017456	6.252755
2646	1	8.826510	8.336137	-10.908667	-2.714969
2661	1	4.915478	4.811029	2.483046	-2.580227
2673	1	2.731074	2.135619	-4.481566	-7.025046
2688	1	7.816563	6.460031	-13.194044	-4.259497
2694	1	5.511320	6.568093	-13.381118	-6.594003
2704	1	-5.185473	-2.147286	6.814801	8.421519
2711	1	7.006354	9.096058	-11.626147	-7.830375
2718	1	-3.626860	-0.328176	8.070009	8.088552
2727	1	-10.616248	2.219259	7.430743	6.306586
2728	1	5.333565	5.518893	-8.375235	-8.556254
2729	1	-5.570896	0.750506	5.466884	9.051887
2732	1	6.915044	9.785323	-10.143026	-2.821319
2733	1	7.771794	5.947700	-7.459491	-8.705750
2734	1	8.041731	7.682474	-11.861982	-8.339304
2753	1	-6.346537	3.288812	7.944148	8.943379
2755	1	6.855518	8.608713	-11.322519	-2.921278
2756	1	-8.396556	0.100799	-3.785455	-9.200345
2759	1	-5.932361	3.501730	6.186515	7.219902
2769	1	-10.878105	-0.482360	7.605814	7.211064
2772	1	-11.227584	0.389500	7.661915	8.519623
2788	1	6.649031	7.608406	-10.143716	-4.982485
2801	1	6.810565	5.620975	-5.900552	-8.976733
2806	1	5.963388	5.241974	-13.682005	-5.586816
2812	1	2.621239	6.393210	-5.842263	-6.632486
2829	1	5.069643	8.998798	-10.455569	-5.841686
2832	1	-8.856156	0.337109	7.466578	8.008495
2837	1	-11.137567	-0.094013	7.515554	8.364482
2840	1	-11.474725	2.103800	6.097745	9.462618
2845	1	6.137101	5.993338	-7.309700	-6.306445
2847	1	9.240635	6.111452	-12.477137	-4.348536
2860	1	7.360211	7.695731	-10.367772	-3.528955
2872	1	-9.807027	-1.319353	7.130151	8.367343
2880	1	8.629651	8.438697	-11.606045	-5.278103
2883	1	4.202350	6.496286	-9.061824	-1.251476
2886	1	-7.926838	2.860524	6.810019	6.417946
2890	1	3.549571	6.249527	-5.020565	-6.416026
2891	1	-11.565762	0.984222	7.398729	7.802502
2900	1	9.152040	7.030548	-11.602557	-4.158986
2906	1	-14.447939	2.548600	8.267960	7.729211
2907	1	-9.134735	1.602521	6.926197	7.087780
2909	1	7.458902	6.954262	-10.526347	-5.445913
2917	1	6.398227	9.419254	-11.483494	-6.043121
2918	1	8.738938	7.411622	-11.554897	-4.605444
2919	1	-3.236849	-0.543524	-7.815568	-11.031911
2920	1	-7.681985	-3.700192	-3.202783	-3.609129
2926	1	6.131025	6.919661	-9.645101	-7.196826
2927	1	6.897663	6.119896	-11.003999	-5.441794
2929	1	-9.908655	-1.819208	8.286733	7.779213
2930	1	6.778742	7.201106	-8.977393	-7.060814
2932	1	8.227099	8.319493	-15.670204	-6.856921
2934	1	-10.657552	1.756340	6.833365	5.156624
2937	1	8.422135	6.449517	-4.075123	-6.383524
2943	1	-6.055622	0.480027	7.410016	6.460182
2951	1	6.018941	5.871438	-6.620833	-7.037031
2961	1	9.563895	8.497628	-10.955848	-5.318366
2963	1	-8.276495	3.220067	6.136170	6.822148
2968	1	6.989025	8.026705	-12.472491	-4.078486
2970	1	9.128233	7.695162	-6.357490	-5.588583
2983	1	6.592779	6.206739	-9.352726	-5.403905
2989	1	6.892850	7.550643	-10.850374	-3.631053
2996	1	-7.575350	1.674715	-5.482283	-4.142029
3009	1	-2.866209	2.738910	3.813175	-3.137151
3036	1	-9.273103	-0.634496	7.530583	7.829176
3037	1	-11.612305	-0.924013	7.119299	7.689857
3050	1	7.034221	7.593843	-9.840978	-9.344270
3054	1	-9.789487	0.154688	9.453940	7.869709
3059	1	-8.832878	-1.460855	7.596927	7.160823
3071	1	4.734114	6.310345	-9.584856	-5.164568
3084	1	-14.854378	1.790431	6.317886	9.158089
3092	1	-12.123489	0.772967	5.624892	6.830300
3101	1	7.859024	8.495128	-13.029506	-4.698377
3109	1	-8.294760	0.752998	7.721989	6.050524
3112	1	6.819915	5.868076	-11.589991	-3.930008
3132	1	6.850156	8.477537	-9.289029	-3.319097
3134	1	7.371265	8.036715	-11.507887	-2.544594
3139	1	7.991816	8.107931	-11.335757	-5.880809
3150	1	-9.425446	0.568530	6.750567	8.796544
3156	1	-8.235432	3.348447	8.325932	7.829098
3157	1	-10.243096	-2.497314	8.021607	7.187247
3168	1	-7.852145	0.759481	6.176889	2.514137
3179	1	-6.292724	-0.985914	4.185546	-3.671149
3180	1	-11.553723	1.157322	7.521477	6.898484
3185	1	1.666747	4.856730	-4.550624	-8.723518
3195	1	6.958153	7.431550	-8.376093	-10.420693
3200	1	-6.980475	-0.233591	9.574723	6.500635
3206	1	-14.541475	-0.846952	6.210892	7.231660
3213	1	6.260776	6.812614	-7.047866	-6.497606
3214	1	-10.386914	-0.609752	9.293664	5.014541
3230	1	-5.720046	0.050751	1.452365	8.294891
3238	1	8.956593	6.247752	-7.694715	-4.582383
3254	1	-6.704136	-3.244552	-10.088363	-7.252101
3259	1	-6.377501	0.153796	-6.144450	-9.499777
3271	1	7.653172	5.758356	-12.248583	-4.240173
3282	1	-5.438740	-0.439714	7.519524	8.048127
3290	1	7.835192	5.661991	-11.678064	-4.613361
3296	1	9.082594	7.674214	-11.695829	-4.054533
3301	1	7.617995	6.400551	-10.467540	-2.126175
3339	1	-8.621687	2.312100	8.271105	9.577586
3343	1	-8.059782	3.391798	-7.422382	-1.876633
3347	1	6.648824	6.846714	-2.100975	-6.379113
3351	1	-10.515058	1.024626	6.492128	8.788222
3355	1	7.797107	5.481230	-7.980086	-3.290467
3362	1	8.929245	7.740243	-8.302246	-7.291621
3365	1	8.533651	9.377942	-12.351591	-5.121315
3368	1	-9.360499	-1.110616	6.572322	7.147644
3373	1	-8.837443	0.149627	5.522677	8.825197
3377	1	7.328321	6.160468	-10.572608	-6.894435
3379	1	6.369650	5.692995	-12.846557	-5.290135
3390	1	3.926366	4.193446	-6.262056	-6.240926
3399	1	3.861004	4.293345	7.555028	6.815495
3405	1	-5.257575	1.245109	-5.129907	-5.151789
3408	1	-5.212173	-2.962822	8.256534	9.018570
3411	1	-11.550954	4.328315	5.139435	4.392236
3414	1	3.724707	5.574383	6.106427	8.101633
3425	1	5.341946	6.005120	-4.066129	-6.669718
3428	1	8.326196	6.503578	-7.218082	-3.632752
3431	1	6.113360	9.499201	-8.964582	-4.728039
3442	1	6.630427	6.492721	-9.060494	-5.778924
3449	1	3.501509	5.924024	6.549142	6.118294
3455	1	-8.789622	1.463806	6.036159	6.021499
3461	1	6.113176	5.829820	-6.022884	-4.543457
3465	1	5.204068	8.675606	-12.068207	-3.706036
3470	1	-6.348626	0.825995	4.700490	-1.944349
3471	1	-11.717610	0.342846	4.110986	7.565787
3477	1	-7.470221	-0.790644	8.647606	6.403312
3480	1	7.911156	7.500280	-10.034002	-6.762355
3483	1	-4.972579	2.317724	6.453343	8.220968
3484	1	-10.621755	-0.810912	7.917678	6.874376
3498	1	9.159686	6.932630	-11.670006	-3.334866
3506	1	6.548542	5.835585	-7.556637	-8.933895
3511	1	8.499109	3.859747	-8.900145	-8.694779
3516	1	-11.387627	-2.218475	4.450868	5.978619
3519	1	2.133777	7.404959	-12.054555	-8.280681
3527	1	6.862592	8.712352	-12.306288	-6.350794
3538	1	-5.556948	1.885654	7.128208	6.249953
3542	1	-11.193580	-2.011080	6.907551	6.567234
3549	1	-11.702093	0.148759	6.582569	6.370204
3554	1	-6.463768	-1.280190	-5.996985	-7.115678
3565	1	-9.914257	-0.767568	7.970253	8.929852
3588	1	6.224271	7.195517	-9.219853	-7.450469
3591	1	7.433224	6.950625	-11.032151	-3.588858
3595	1	-10.905154	0.824996	8.407547	5.337649
3596	1	7.053516	6.840024	-7.393630	-6.376221
3598	1	-11.308640	-0.758525	8.726927	7.323223
3615	1	-10.514709	-0.517528	6.616559	8.315336
3617	1	-8.553487	0.554568	8.863117	6.728425
3619	1	6.240672	6.140076	-7.743820	-6.266312
3620	1	4.147509	7.012922	-14.277166	-5.917164
3621	1	-7.727759	0.795553	6.963450	7.744381
3636	1	7.893544	7.764775	-7.563689	-2.592126
3642	1	5.001775	7.304788	-8.148615	-9.850611
3650	1	-10.258867	1.509696	7.898500	8.425472
3675	1	-8.301782	-4.760888	6.659416	7.862221
3677	1	6.770190	6.229099	-12.076080	-5.628991
3681	1	-10.963057	-0.176159	4.954832	9.325558
3683	1	6.127282	6.409390	-13.347669	-4.746441
3697	1	-4.607698	-0.319070	7.332115	6.956012
3701	1	-7.804069	1.685745	6.594982	7.710974
3705	1	-13.425582	1.622251	6.574435	8.370284
3708	1	7.019376	6.009982	-11.711151	-4.760554
3709	1	-7.949403	3.588109	7.977605	7.744918
3716	1	-6.528568	0.105681	-5.363687	-1.605644
3717	1	7.162184	6.008891	-10.838329	-6.974498
3724	1	6.676939	8.262693	-8.662252	-5.618671
3726	1	-9.844194	3.181324	3.550572	7.616637
3736	1	-8.917878	3.933203	-10.771947	-5.468120
3738	1	-9.388068	-0.798297	7.553238	8.193064
3752	1	5.814684	1.613412	-8.198360	-6.928579
3772	1	-10.176255	5.168885	6.739928	7.882563
3774	1	-8.685262	-1.661193	7.549584	7.731374
3793	1	-0.293814	-1.385496	-7.398630	-6.845004
3794	1	7.216659	7.716395	-9.474855	-3.276338
3810	1	-8.915990	1.533829	6.543342	5.763003
3812	1	7.507783	9.259629	-7.246281	-6.984691
3835	1	8.079401	7.722243	-6.797854	-5.277617
3843	1	-12.383385	-2.302978	7.114000	7.431998
3854	1	-6.566570	1.232806	6.527526	9.035989
3857	1	7.269909	7.323748	-13.352306	-5.750534
3867	1	4.195275	6.373359	2.517364	4.474618
3871	1	6.211668	8.267702	-15.966332	-3.950782
3880	1	5.207325	7.755360	-9.593507	-5.256593
3881	1	6.506219	6.845955	-7.788866	-9.019610
3891	1	8.812063	7.358365	-9.036171	-4.342430
3893	1	6.278632	7.551266	5.428269	5.391769
3901	1	-7.185979	-0.261223	9.403452	8.423202
3928	1	-12.312899	3.474022	8.309594	6.827076
3930	1	6.025712	7.554609	-11.027642	-7.121572
3935	1	-10.975208	-1.684762	6.637909	4.913392
3947	1	-6.883060	-0.827438	7.624747	7.151602
3948	1	5.715111	6.634957	-10.766498	-3.566113
3956	1	7.419887	5.408148	-0.504024	-8.843382
3959	1	-5.575333	-0.838818	3.485291	8.615484
3965	1	7.168293	9.223397	-14.035451	-5.546617
3976	1	5.112207	4.438678	-9.384302	-8.060592
3978	1	7.181192	6.228129	-8.677988	-6.562687
3979	1	7.034657	8.525994	-8.958565	-6.183838
3986	1	5.614560	7.859615	-6.147733	-5.665984
3987	1	-11.620676	1.041544	-5.600050	3.962442
3989	1	7.176861	7.715475	-11.753645	-6.447764
3992	1	8.085782	7.790839	-7.802209	-7.635062
3994	1	8.059249	6.375144	-9.269645	-5.530958
4000	1	8.022873	7.366475	-8.469167	-3.090443
4005	1	-9.160784	-1.052341	9.693301	6.437710
4024	1	6.586437	8.208369	-8.124889	-3.389826
4031	1	6.940301	6.897448	-8.870389	-7.122928
4033	1	-9.848523	2.762961	0.322515	-6.982370
4045	1	7.850817	7.328827	-12.029944	-1.241361
4056	1	5.091113	7.089548	-9.240625	-6.494545
4063	1	8.042447	9.424435	-9.546561	-4.626913
4085	1	7.717161	6.733597	4.590382	2.271023
4093	1	-8.595409	1.854831	6.575621	8.148268
4098	1	-6.996022	-3.094367	3.639227	6.860348
4104	1	8.615044	7.989529	-8.063772	-4.799788
4108	1	6.803146	9.046077	-10.871005	-5.178847
4116	1	-4.360837	-2.980356	7.047496	7.871920
4141	1	-8.674733	0.481073	6.695839	7.974402
4148	1	8.038964	8.989842	-17.068936	-2.888470
4150	1	-12.817547	3.081426	6.173662	7.489894
4164	1	9.521359	7.695835	-9.666213	-3.832192
4170	1	-9.607478	-0.916066	7.068848	6.296422
4177	1	6.320069	7.769566	-9.731635	-5.958155
4181	1	6.037243	4.929224	-10.471871	-6.310563
4189	1	5.321746	8.599863	-3.826483	-4.294018
4193	1	6.989998	8.491846	-8.338974	-4.392188
4200	1	-8.966489	1.584046	7.748151	7.192922
4201	1	8.567299	8.561073	-8.351167	-2.270094
4204	1	-5.309644	-3.393216	-6.424482	-6.174398
4205	1	4.041461	7.972261	-11.495509	-4.543144
4206	1	5.821888	9.109682	-9.359783	-6.685984
4209	1	8.555134	6.704072	-4.255711	-7.674285
4215	1	2.853661	7.585635	-9.060287	-5.707919
4228	1	-9.259885	2.956238	6.721990	4.961437
4231	1	-6.680107	-0.617635	5.446996	0.767357
4239	1	-7.670231	0.420154	-8.091880	3.395918
4245	1	8.493335	8.394337	-11.858930	-5.915936
4252	1	7.878013	6.083783	-12.173260	-6.715865
4264	1	5.220554	3.475443	-9.284476	-7.525790
4268	1	7.006115	6.474298	-10.347391	-6.642937
4275	1	7.218219	7.984537	-9.690615	-8.790563
4281	1	-14.901409	0.262450	6.571267	7.012544
4287	1	6.884791	6.452194	-7.906767	-4.454224
4288	1	5.725744	5.902867	7.033191	6.279788
4297	1	5.462495	5.575096	-7.474222	-6.420597
4298	1	7.615227	7.755148	-7.805341	-3.917140
4302	1	-7.387618	2.841312	-5.847155	-6.785106
4308	1	-6.155791	5.204758	6.817012	7.725013
4309	1	-4.966734	-3.084660	-11.011321	-6.992888
4311	1	6.006879	6.362921	-11.404884	-3.696788
4312	1	-5.840053	1.396790	7.757405	6.721083
4315	1	-10.223980	-3.363303	5.188714	8.902911
4317	1	-8.845732	-1.182204	8.152250	4.786006
4322	1	-10.078573	0.882347	6.252640	6.706226
4335	1	-7.655159	1.058686	8.045677	8.505394
4342	1	0.882619	3.893310	7.145922	6.996975
4351	1	3.972529	7.479663	-8.592315	-6.828910
4358	1	8.148596	7.775278	-9.039967	-2.904536
4367	1	-7.116816	0.877757	-3.712850	8.167665
4371	1	-10.624600	-0.220484	7.058409	6.500732
4389	1	8.010893	7.388029	-14.137135	-5.939156
4391	1	6.673305	8.780555	-10.101098	-3.556762
4392	1	-10.880606	0.957934	5.209097	9.167295
4402	1	7.768510	7.559485	-7.696368	-10.451441
4407	1	-10.203405	0.735291	7.174634	8.844094
4418	1	-9.270374	-1.392429	8.583896	6.323747
4420	1	6.830933	7.527182	-9.801081	-7.525437
4422	1	7.219502	6.770211	-7.953960	-6.438553
4439	1	-10.495330	0.269329	7.450579	8.359768
4455	1	-11.378091	1.593120	6.367010	8.104932
4457	1	3.644905	8.023727	-9.543171	-5.752293
4458	1	-8.845042	2.128694	9.086276	5.677704
4461	1	5.781111	7.383438	-4.307261	-11.092438
4464	1	8.623757	9.041480	-8.588958	-0.062942
4470	1	6.629197	7.908681	-9.223585	-5.127273
4479	1	7.238147	8.128119	-11.128010	-4.227500
4481	1	6.554852	8.704789	-6.331386	-6.592432
4482	1	5.226761	7.418620	-8.585121	-7.839438
4488	1	4.427135	5.416452	-10.763956	-9.148069
4499	1	8.662791	6.629693	-7.462508	-2.612945
4505	1	6.491436	6.174533	-13.245411	-5.136964
4508	1	5.074071	6.339029	-10.985472	-5.189640
4522	1	6.735998	6.783765	-13.381705	-9.208532
4532	1	6.675354	6.798358	-7.670228	-3.920119
4550	1	-9.138789	-0.623628	6.719097	9.596190
4563	1	-9.647103	0.040543	5.672629	6.817054
4574	1	-12.678736	0.204564	8.572779	5.234114
4579	1	-6.364945	-0.071498	7.603671	8.470809
4581	1	6.366852	7.627184	-2.686433	-11.271125
4586	1	6.787774	5.535268	-6.767178	-1.513524
4587	1	7.168149	5.840842	-9.807375	-10.724392
4592	1	-9.307625	0.360968	9.105924	7.513299
4600	1	-9.933734	-1.555213	6.984005	9.197264
4607	1	6.003240	4.820947	-3.626864	-6.107757
4608	1	7.183267	7.110078	-14.814977	-5.567693
4609	1	5.104312	7.145724	-10.057669	-5.338290
4611	1	-7.026799	2.743184	6.602418	9.069456
4614	1	-8.185344	0.371051	7.420771	6.759108
4622	1	7.050030	8.144880	-9.935219	-3.210122
4625	1	-4.309494	2.645746	7.677568	5.348298
4626	1	7.718355	7.667446	-0.412080	-0.398069
4627	1	3.997183	5.520756	-10.495783	-6.153717
4641	1	7.942888	4.680793	-3.784054	-7.965165
4653	1	0.559956	2.873546	-5.216662	0.224900
4668	1	-10.241559	0.773955	6.683932	8.390848
4670	1	8.151607	7.334979	-7.473101	-5.005740
4674	1	-8.904768	2.829256	8.148249	7.836982
4675	1	5.884289	7.642748	-10.296810	-4.671317
4676	1	7.996966	6.745773	-7.297083	-4.025325
4683	1	-6.502645	-2.505310	6.997072	6.053710
4685	1	0.759500	1.187871	-5.021841	-4.113237
4686	1	7.029800	6.313885	-10.337668	-3.278339
4701	1	-8.916937	-2.136485	-7.205010	-2.824634
4706	1	5.910761	5.370240	-6.459321	-7.269546
4711	1	-6.804641	-0.406446	6.338627	6.971102
4718	1	4.827625	8.528424	-11.071510	-7.053248
4719	1	-3.874057	-1.212930	-3.936439	-6.137871
4725	1	7.132457	6.822835	-11.190814	-6.966981
4726	1	-6.752237	0.171603	7.459964	7.964609
4732	1	7.316401	9.440226	-11.436506	-3.221945
4736	1	-9.998349	1.537721	5.963884	9.461944
4739	1	9.017173	8.744581	-5.205956	-4.570428
4746	1	-9.669241	-3.658875	9.636622	5.497109
4750	1	-0.948598	-2.331037	-6.977543	-7.371939
4753	1	-10.134912	-3.930964	8.257099	7.590523
4762	1	-9.276770	-0.988863	5.373991	7.523288
4768	1	-11.211875	1.245978	5.581587	9.504678
4779	1	-11.319272	-1.522427	8.706571	6.772551
4787	1	8.434764	6.426238	-5.339113	-4.834398
4809	1	9.527986	7.009719	-7.424177	-6.918891
4810	1	6.814345	4.849295	-3.736494	-6.949284
4815	1	8.311412	7.208165	-8.487300	-3.936330
4818	1	7.858376	7.340394	-6.152276	-3.286459
4825	1	-11.283533	0.350462	8.454512	7.933849
4831	1	5.166083	5.080424	-5.369594	-6.010499
4833	1	9.008399	7.111371	-16.059672	-4.849178
4836	1	5.863047	7.815400	-9.479720	-4.377492
4841	1	-11.051622	-0.615220	6.972209	9.245894
4843	1	9.567812	7.924128	-5.843085	-6.604113
4855	1	7.940416	7.874522	-9.239117	1.022560
4866	1	-10.076747	-0.368832	5.443368	7.513053
4868	1	-11.395926	0.970793	6.383848	9.448054
4873	1	-14.529317	-2.420368	7.759415	6.472414
4877	1	-8.233720	-2.679148	6.347603	5.401976
4879	1	8.411975	8.294990	-8.298231	-8.393519
4887	1	7.036245	8.111659	-9.422565	-6.202471
4911	1	-4.679510	-1.479967	7.855310	6.336521
4913	1	6.633825	7.497955	-10.603809	-4.027012
4914	1	-5.107025	2.580640	8.007310	7.955069
4916	1	6.126817	5.697222	1.321743	-1.928900
4920	1	6.811543	7.525756	-0.004504	-3.779422
4930	1	-9.302727	0.422045	9.500573	8.207407
4933	1	9.261311	6.914749	-5.613344	-6.388460
4934	1	6.558121	6.545193	-8.109579	-6.844021
4939	1	-4.958471	-2.505462	-3.642616	-6.806437
4940	1	-11.215830	-0.086522	7.114749	6.103018
4942	1	-15.200963	1.772691	6.957748	7.285377
4943	1	7.794073	6.113232	-13.210292	-4.746764
4954	1	2.518091	2.315832	-4.729094	-6.945026
4958	1	-9.307513	-2.086704	6.637970	7.044946
4968	1	5.164512	7.445890	-4.737109	3.351634
4970	1	-11.267845	-1.404846	6.368720	7.653207
4974	1	-9.694983	-0.281972	5.721520	8.295985
4976	1	-4.821098	2.433999	-4.024199	-5.831193
4980	1	-11.991026	-2.521023	8.600278	7.852015
4984	1	7.357131	6.903429	-6.496010	-5.490654
4986	1	-11.616986	3.420396	6.641505	8.009364
4992	1	4.815784	4.525055	-5.449933	-3.022669
4994	1	-9.302823	-2.990660	7.717149	5.610918
5019	1	-4.425321	-0.995010	3.045742	0.972582
5033	1	8.682024	7.310997	-13.434734	-4.551852
5039	1	-7.367492	0.648213	7.898114	8.227913
5041	1	-10.170012	-2.885428	6.591545	7.619688
5050	1	6.352749	5.602968	-11.070881	-8.157580
5056	1	-7.768061	-2.304538	5.130124	7.171209
5063	1	8.034206	5.704703	2.505498	-3.187991
5064	1	5.914064	8.614369	-11.225008	-6.073049
5075	1	6.724917	9.439022	-6.147803	-6.384528
5079	1	-9.083786	1.186350	5.682124	7.978300
5083	1	-7.065930	1.448636	7.129165	8.644776
5089	1	6.422878	6.926095	-6.804647	-6.274727
5093	1	8.366601	6.250190	-6.998644	-6.450848
5097	1	-13.206740	-1.418780	5.935266	7.300401
5098	1	8.413795	8.687629	-9.589677	-1.823505
5101	1	-9.581264	-0.924895	3.383253	7.400261
5111	1	8.108678	4.860863	-7.548813	-4.595173
5114	1	-7.943514	-1.261029	3.574347	6.372215
5119	1	6.654756	5.736855	5.547493	6.527384
5121	1	6.350634	4.602311	-10.730866	-6.894203
5133	1	-7.500938	-0.859195	7.783606	6.675565
5134	1	7.424092	6.715894	-11.574789	-10.714413
5142	1	7.869484	6.946834	-12.201299	-7.123991
5144	1	-2.923614	-4.433035	-5.224586	-3.408083
5147	1	6.513035	4.779280	-4.264666	-9.754174
5148	1	-11.796850	-2.289143	7.495823	7.077420
5151	1	-11.890673	0.698509	7.379452	8.094986
5156	1	6.813573	7.438097	-11.082514	-6.118766
5157	1	-9.159275	-0.041232	8.663085	7.102457
5161	1	5.822791	9.285485	-10.124784	-5.474655
5176	1	7.417787	6.318366	-12.692970	-6.764705
5177	1	6.873152	7.194927	-3.283148	-5.946819
5192	1	-10.885995	0.355963	6.606400	6.453571
5210	1	-7.942640	0.876517	9.336151	8.929574
5211	1	-11.740674	0.595125	4.926115	8.384018
5216	1	8.077632	5.103953	-6.582918	-5.510528
5233	1	-10.034702	-0.065338	8.186790	8.170384
5238	1	7.055282	6.826835	-13.434639	-5.814941
5243	1	8.905653	6.424902	-7.454002	-6.281303
5245	1	7.690987	7.318609	-10.365521	-4.618672
5249	1	-13.712335	0.236555	6.288016	9.122913
5250	1	-7.177393	0.412669	5.333034	7.630333
5256	1	7.821927	9.049792	-5.209327	-4.483403
5257	1	7.855218	6.929316	-5.583602	-6.258381
5267	1	-5.340288	-5.666318	-4.858249	-6.005946
5273	1	5.856042	6.064971	-7.366591	-7.885298
5281	1	-3.051607	-2.728888	-4.396876	-8.364243
5282	1	9.462747	7.644616	-9.871929	-2.206784
5283	1	7.002202	7.635821	-7.990504	-4.522943
5285	1	-5.352465	-0.432385	-4.615369	-7.125323
5286	1	-10.192008	-0.185080	7.039361	6.446644
5289	1	-4.747704	-2.525328	8.783451	5.795884
5297	1	-6.923115	0.118827	7.592293	9.030294
5304	1	9.021463	6.577363	-8.998765	-3.812134
5305	1	7.010004	8.242765	-12.398441	-3.927782
5316	1	5.921588	6.923455	-6.923895	-5.957981
5320	1	-6.137939	1.821411	6.807138	7.276194
5330	1	7.429566	8.766277	-10.393414	-7.743351
5348	1	5.869895	5.984072	-14.108513	-9.909656
5356	1	-8.415895	0.471274	9.070547	6.777876
5358	1	-9.396260	-0.879248	7.943230	7.758761
5363	1	-2.923697	3.123901	-5.817800	-7.124586
5364	1	-9.307485	3.198600	6.828522	6.506268
5367	1	8.605365	7.480819	-13.530764	-7.301079
5369	1	6.490594	9.371708	-12.310962	-8.362362
5374	1	7.157830	6.480688	-8.448577	-2.830618
5400	1	-8.796644	2.497603	4.031860	6.218968
5406	1	-8.749793	-1.582821	6.230453	6.410019
5408	1	-2.493564	-0.054858	-5.998266	-7.856633
5410	1	-7.971889	1.977355	-3.321908	-6.130883
5425	1	1.392672	5.270417	2.867194	7.430531
5426	1	8.834127	7.909117	-5.204041	-9.382588
5428	1	-7.389137	2.286431	-8.935246	-6.869624
5429	1	3.239552	7.669658	-13.924037	-8.081495
5433	1	-11.960170	-1.356556	7.128677	6.374153
5442	1	-7.516785	2.498444	6.959180	4.323288
5445	1	-8.681501	-0.372409	7.478535	6.332099
5450	1	7.478192	6.305156	-3.768065	-2.385515
5452	1	-15.307674	-4.736348	6.750633	5.697125
5453	1	7.095609	7.001536	-9.279846	-6.612765
5458	1	7.011658	8.823625	-14.436796	-2.526088
5475	1	7.898425	0.765344	-3.437296	-8.868413
5493	1	7.378921	6.437754	-5.920253	-5.450444
5496	1	3.751440	3.266951	-6.805709	-8.428248
5497	1	7.445700	6.717104	-8.843146	-6.749730
5556	1	6.653311	8.605099	-14.373394	-6.122430
5559	1	-10.417126	-0.009986	7.702572	7.097029
5568	1	7.917225	8.954592	-9.346119	-7.291157
5570	1	9.535518	9.029874	-7.716681	-3.466034
5581	1	-1.054093	-0.553335	7.193742	7.490652
5584	1	6.629248	5.384591	-3.459453	-6.794170
5587	1	7.165670	7.708661	-7.515550	-9.576817
5597	1	8.916554	8.091161	-12.114352	-5.413742
5598	1	-4.694410	2.446632	-3.628882	-4.231862
5616	1	6.877649	8.178905	-10.073013	-7.332071
5618	1	-8.832773	1.219893	9.336835	9.131622
5623	1	-8.310345	3.772815	4.796059	8.688062
5625	1	-6.569986	-1.825948	6.443182	9.236874
5628	1	6.808424	8.548014	-7.376187	-5.020304
5633	1	-14.798949	1.072113	8.176471	6.207798
5634	1	4.586322	7.567315	-6.750556	-9.091936
5637	1	-6.228381	-1.086692	4.637776	6.030307
5643	1	-10.974561	-3.191940	7.166845	8.923260
5645	1	-7.141565	3.167888	6.243800	6.899204
5661	1	6.597331	5.953645	-9.694749	1.932487
5666	1	5.532445	4.886887	-4.317044	-3.164605
5670	1	-11.909778	-1.103883	6.290370	5.708035
5672	1	1.474225	4.376543	-2.187562	-7.207634
5676	1	-8.722879	-3.850693	6.196098	5.145068
5679	1	-11.684137	1.397260	7.395963	7.842628
5686	1	-6.299443	-1.426374	6.843558	7.654248
5696	1	7.919519	6.464706	-6.021365	-2.650995
5697	1	7.314467	7.723970	-6.795899	-1.894524
5710	1	8.199513	8.509553	-8.849556	-5.622723
5718	1	6.712688	6.924829	-7.399081	-5.018559
5722	1	-10.120736	-1.240236	5.902955	6.577876
5726	1	5.900975	5.985713	-6.206976	-4.691333
5737	1	6.728979	8.939024	-10.517574	-4.136014
5738	1	-11.225753	-0.305931	6.834752	8.562593
5744	1	-5.286970	-2.492465	2.158151	0.443118
5756	1	6.413319	8.664901	-9.882000	-4.171850
5759	1	-10.994436	-5.119342	4.766109	4.898710
5762	1	-10.305439	2.222392	4.845818	9.064577
5770	1	-9.291042	-0.479405	8.237702	6.523653
5792	1	-12.104175	1.955502	8.538502	7.443180
5793	1	8.402084	6.635176	-11.650877	-7.038003
5795	1	-8.039957	1.493465	7.693330	7.212114
5800	1	6.129819	6.279986	-9.513200	-9.191074
5806	1	-14.427565	-0.527279	7.101069	6.765198
5810	1	5.165256	7.383697	-10.202736	-8.016068
5832	1	7.354597	7.987855	-8.551930	-3.473365
5843	1	-6.254347	-1.369783	-5.921918	-8.358315
5861	1	-8.963850	1.067663	1.604861	7.470623
5864	1	-8.632823	0.243697	5.886670	5.566486
5872	1	6.417598	8.033237	-6.807183	-5.523579
5888	1	-5.332725	0.549529	6.243416	6.841996
5899	1	-11.059514	-1.716803	7.464747	8.396470
5901	1	-8.843335	4.580226	6.687523	8.944485
5903	1	6.726383	6.658133	-0.280154	-3.762126
5912	1	-12.602052	2.498439	5.734116	5.524368
5916	1	-13.475936	-2.369442	3.592112	7.270234
5927	1	-8.078016	1.376745	6.547106	8.380500
5931	1	7.001676	7.347742	-9.879223	-3.113881
5933	1	-10.119485	1.018920	7.897949	6.333382
5936	1	9.384897	6.730993	-1.996350	-7.167917
5938	1	-7.567990	3.803993	7.683439	8.946800
5940	1	-9.231712	-0.688715	9.420856	7.799575
5955	1	7.020239	8.444175	-8.551470	-2.822412
5963	1	-7.640700	-2.088869	5.741748	2.458096
5968	1	7.074158	7.506439	-8.940915	-8.889206
5971	1	-7.837534	3.840501	6.484766	7.374242
5972	1	-8.930207	3.525107	4.163913	7.640495
5976	1	-3.457956	0.584520	7.681068	7.250460
5979	1	6.731388	7.777285	-10.024413	-4.251944
5985	1	-8.980733	-0.934713	8.621368	8.917619
5999	1	2.466590	7.312874	7.219356	6.883354
6009	1	8.712647	7.881351	-12.270147	-4.785381
6011	1	-4.723057	-1.073765	6.394398	7.847208
6013	1	-5.423622	5.046882	7.918966	6.314950
6020	1	3.735229	7.596774	-16.445312	-3.135499
6027	1	-4.810008	1.388654	-6.821858	-5.545577
6038	1	8.794617	8.716625	-9.436751	-2.591737
6050	1	-8.856003	-0.449476	8.235417	6.913781
6058	1	9.020154	6.702831	-11.655847	-4.731272
6066	1	8.298334	8.591142	-6.505633	-0.933912
6070	1	6.990026	8.345577	-8.600518	-8.868472
6073	1	-9.174073	1.924541	-7.680426	-7.961970
6076	1	6.095720	8.559209	-9.320704	-4.654128
6081	1	6.816132	6.584637	-4.256309	-5.981220
6114	1	-3.865018	-1.474894	2.099129	-1.601909
6115	1	6.265739	6.629287	-4.127838	2.735959
6124	1	6.793947	4.862022	-9.268811	-6.343884
6127	1	-10.448530	0.921323	8.353714	9.290203
6129	1	-9.972345	-2.981315	6.541321	7.747004
6130	1	-10.564758	-0.694784	6.457469	7.222513
6133	1	5.019812	4.446865	-7.566530	-4.154024
6136	1	-11.293180	2.329176	7.170764	8.421126
6151	1	-10.508469	-0.270461	6.931084	5.771689
6152	1	-4.880954	-2.676339	-4.172882	-5.991477
6154	1	9.090593	5.896548	-7.620980	-4.737691
6159	1	-7.218122	1.611745	-4.466460	-7.848698
6187	1	8.647514	6.840061	-9.296597	-0.275757
6188	1	-10.605010	0.242159	8.575282	6.980275
6203	1	7.290301	6.759945	-12.461594	-3.754280
6223	1	-1.235756	1.024327	-5.557983	-2.593894
6230	1	-12.239355	-0.465516	7.052216	8.236657
6231	1	8.181662	8.503981	-9.202641	-2.483474
6236	1	4.500644	7.555597	-13.110782	-5.060172
6238	1	6.841755	8.550499	-9.665310	-5.445407
6239	1	-4.767149	-3.787654	-4.032928	-6.201808
6243	1	-3.432218	5.707045	6.841165	8.402379
6250	1	8.809437	6.761085	-11.086818	-2.535143
6256	1	-11.069651	1.686111	6.209876	6.688658
6268	1	6.611063	5.956724	-5.834555	-8.714728
6278	1	-11.820279	3.822121	6.468565	6.757694
6297	1	7.145820	5.974497	-11.890646	-5.571320
6300	1	-13.045807	-1.537504	6.766339	8.004077
6306	1	-8.497477	-3.974071	6.518941	6.354291
6326	1	-4.795007	-0.494720	-2.745984	-5.013063
6330	1	-4.646559	4.149366	-12.745158	-4.078860
6331	1	6.830691	9.567366	-8.441090	-10.326516
6336	1	-8.650877	0.576669	6.456729	8.044410
6341	1	-10.210088	-0.148867	6.977834	8.160302
6349	1	-9.130752	-5.408919	6.217741	6.600772
6352	1	-11.376495	-0.343277	8.533979	6.405287
6355	1	-9.096839	1.061854	7.149727	7.697747
6364	1	6.125476	6.448710	-16.969842	-7.539685
6365	1	-8.622815	0.244738	5.451660	8.563629
6373	1	-9.045192	-1.425630	-4.358114	5.512136
6390	1	8.064585	6.007051	-12.622310	-6.194679
6391	1	8.996121	6.889954	-6.447815	-7.033016
6397	1	7.243652	6.911554	-6.380071	-4.398032
6402	1	1.745354	7.810025	-6.196826	-5.704244
6406	1	-11.121157	2.905672	8.309420	7.585296
6424	1	7.699650	6.982365	-8.344823	-3.684543
6436	1	-11.592869	1.443491	5.643503	7.623462
6440	1	-5.938597	7.915492	-6.458026	6.783999
6448	1	-9.618938	2.227928	6.988789	9.606682
6460	1	6.258881	7.988840	-11.070397	-3.399171
6461	1	-7.587932	-3.478413	-9.609636	-2.350731
6465	1	7.839585	6.860589	-9.045747	-7.299379
6474	1	-5.716609	-0.340690	-3.722253	-5.932380
6476	1	6.228978	5.955602	-7.303325	-1.780597
6479	1	-14.918827	2.229043	9.571944	9.818415
6484	1	-6.828661	-0.253326	6.659140	8.640720
6485	1	-0.197710	5.482168	6.750898	8.601411
6491	1	-9.094900	-0.640262	5.394316	7.087036
6495	1	-11.830007	-0.233367	9.186434	6.965578
6515	1	-7.146870	0.996877	8.581076	5.303565
6516	1	-9.709591	-1.849112	6.998024	7.051204
6518	1	7.699913	9.285900	-6.475440	-7.503338
6523	1	-10.318286	2.522852	7.347851	8.453351
6524	1	6.207076	6.997206	-8.376095	-8.058935
6534	1	-8.473482	1.611592	6.545757	7.898730
6541	1	-4.984928	-2.046022	-4.874631	-6.436502
6542	1	-10.868966	-1.342602	4.891959	6.601837
6550	1	5.509107	4.390537	-6.050876	-11.030514
6553	1	5.901470	7.054147	-8.051541	-7.304110
6557	1	6.944976	9.603877	-12.326512	-3.671232
6564	1	8.443366	8.041950	-14.621577	-5.184702
6574	1	6.110675	8.530531	-12.006503	-3.910981
6575	1	7.739694	7.422754	-10.372614	-5.016451
6581	1	5.278200	8.865886	-5.485496	-2.019129
6582	1	8.010203	6.331494	-7.224684	-6.461756
6590	1	-6.611484	2.350694	6.603331	6.286893
6592	1	8.492381	8.143556	-8.885029	-3.087624
6597	1	8.751445	8.296328	-8.122992	-3.960409
6604	1	8.945581	7.891890	-6.649692	-7.338251
6606	1	-5.708488	3.534134	5.137621	9.581454
6614	1	4.493809	6.489050	-7.673869	-7.064434
6621	1	-11.748899	0.314138	8.226191	9.181837
6631	1	-10.598351	-0.097143	7.770010	7.923208
6635	1	6.365627	8.562521	-14.595323	-4.818544
6641	1	8.737070	7.204180	-11.206863	-8.004200
6652	1	6.823089	6.267417	-12.476029	-7.559936
6653	1	6.912618	6.725299	-7.323236	-4.692577
6661	1	5.841446	5.615942	-8.428329	-7.383614
6670	1	7.242323	7.996408	-6.976376	-8.249585
6676	1	-10.876223	-4.156460	6.272309	7.961531
6691	1	-8.045465	4.650589	4.093395	7.509139
6703	1	6.217666	8.473729	-12.512360	-0.842846
6709	1	7.132307	8.310094	-13.343036	-4.527673
6714	1	-10.111244	-0.914132	4.946972	9.336520
6723	1	-8.423938	-0.283451	5.847159	8.825370
6726	1	-10.349185	-0.205279	8.509668	5.195862
6727	1	-4.199593	3.536836	7.920692	8.644100
6731	1	7.722955	6.626829	-11.211472	-5.971617
6739	1	7.800097	6.083366	-11.446528	-0.233232
6744	1	-7.263603	-3.023810	8.674607	6.528740
6747	1	8.824820	8.108426	-3.135150	-7.450438
6749	1	5.390720	6.945432	-6.441629	-9.728821
6757	1	7.674493	7.226095	-3.469209	-9.958009
6770	1	-13.215284	1.870135	6.261454	6.367922
6771	1	4.503777	5.804327	-12.675117	-8.819764
6779	1	8.058980	6.077845	-6.638846	-7.263529
6795	1	-4.484783	2.042854	5.285298	6.626843
6799	1	-8.840779	3.171712	5.716022	9.413370
6802	1	6.118739	7.825856	-14.593359	-6.317705
6814	1	-6.523191	0.163717	5.413161	7.685452
6815	1	8.994117	7.391665	-8.960537	-7.371307
6818	1	7.230979	5.918173	-13.518826	-5.495285
6831	1	5.703518	5.575462	-9.247306	-7.794340
6835	1	-11.195219	-2.270035	7.909991	7.565016
6837	1	5.773916	5.945505	-5.731112	-7.073714
6851	1	-10.669646	-3.710105	6.441829	6.748802
6852	1	-9.849852	-1.920313	7.029777	6.925276
6853	1	3.571720	7.346850	-10.916809	-4.685143
6860	1	-10.500774	-0.787321	6.223923	9.116352
6863	1	9.511965	8.011024	-6.926275	-5.800496
6871	1	7.656607	9.401731	-8.834889	-2.600473
6876	1	4.833954	4.697519	8.892118	8.328490
6884	1	-11.965851	1.361062	6.805715	9.377952
6894	1	4.802966	5.262862	-5.642497	-6.634814
6901	1	-11.219403	2.615366	5.920058	8.309100
6914	1	6.141688	9.291090	-11.645358	-6.996989
6925	1	6.267273	7.998572	-11.651540	-8.349665
6939	1	7.712351	8.951086	-13.311695	-4.416832
6949	1	5.403410	6.221192	-4.471123	-7.252298
6954	1	-13.139961	3.032146	4.578755	8.993599
6959	1	-6.484644	-2.600797	5.248253	0.334607
6960	1	6.269357	7.593029	-12.241506	-3.103475
6964	1	-7.301589	-1.763589	8.672916	7.484049
6969	1	-3.206336	0.562401	8.222798	8.686814
6973	1	-9.899890	1.028917	8.511817	9.626707
6978	1	-6.273332	-0.892954	6.371890	6.057423
6985	1	-10.237683	-1.368402	5.332916	7.773092
7014	1	3.875105	6.120959	6.011691	4.609973
7019	1	7.279483	7.598738	-8.259527	-2.162942
7020	1	-7.671825	-1.619148	2.449094	-1.209900
7041	1	-9.065708	-0.418601	3.144515	-0.449017
7047	1	6.379462	7.345795	-9.526289	-6.293120
7049	1	-10.651883	2.269904	-4.885520	-9.893027
7053	1	-8.943181	-1.869956	5.583231	6.189121
7055	1	9.053337	7.261465	-10.092638	-5.667232
7068	1	6.252265	7.025193	-11.515153	-8.826409
7071	1	5.746561	7.047767	-11.641235	-4.118838
7073	1	-13.824726	0.413601	7.086025	7.544552
7093	1	5.897130	7.045790	-6.717298	-4.571461
7099	1	7.499060	7.909228	-9.956634	-2.877256
7102	1	5.906096	6.717605	-10.535488	-8.215666
7113	1	-3.816304	0.468903	7.334044	9.846959
7125	1	-5.385975	-1.310753	-1.726330	-8.022188
7127	1	6.214398	7.450646	-9.203290	-8.468504
7131	1	5.610715	5.338268	-3.059329	-4.014281
7135	1	-6.868408	2.183758	6.807883	7.452444
7139	1	4.561460	7.582123	-9.153523	-9.105241
7148	1	6.535525	7.161036	-8.708629	-1.449909
7151	1	-6.925794	-3.764518	3.919636	-1.043456
7156	1	6.311759	7.966650	-7.791989	-6.929838
7157	1	7.457347	6.386152	-13.133186	-8.082271
7160	1	9.124107	5.677206	-9.856566	-4.583159
7161	1	-6.397469	1.118014	6.345026	7.443411
7163	1	-4.469623	-1.004175	7.571578	8.171198
7167	1	5.324617	8.865525	-7.763245	-0.155677
7176	1	1.416150	1.194788	-5.674478	-6.667660
7182	1	-12.364161	-3.319989	7.513454	7.518644
7184	1	4.315519	8.107222	-5.273709	-4.464595
7187	1	6.074994	6.969018	-7.872479	-8.647819
7198	1	-11.152468	-1.656972	7.758413	8.375756
7199	1	8.344369	6.366376	-8.271331	-2.734311
7200	1	-14.495970	-1.033309	7.187353	8.229913
7212	1	-7.822368	2.015466	7.149182	7.254493
7215	1	7.950562	7.459825	-9.235373	-6.298594
7220	1	-6.091150	0.594551	6.314965	6.469420
7228	1	7.314626	7.525785	-7.872462	-5.045641
7233	1	-9.853200	-2.658558	6.567416	9.528104
7234	1	-12.939713	-1.946827	6.123911	7.524281
7243	1	-11.942626	-4.915011	4.752813	6.900474
7250	1	-4.476829	0.275445	2.445414	8.250631
7256	1	-7.890568	0.227284	-3.753706	-8.663267
7259	1	7.775614	7.849939	-7.205328	-7.031683
7265	1	6.333931	8.164273	-9.070272	-2.938538
7267	1	-6.832899	5.428210	2.416887	8.834644
7269	1	-2.201324	0.809351	8.669667	6.624220
7281	1	8.098171	6.072522	6.083032	7.001911
7282	1	-13.966108	-0.817895	6.217960	7.981308
7285	1	-9.666596	1.402825	7.771016	4.341679
7289	1	-9.644335	1.202268	7.032329	5.898486
7290	1	-4.124891	6.174266	-12.631919	-3.108318
7291	1	5.776081	6.642642	-7.997604	-8.311069
7293	1	-8.807487	0.120109	6.090280	7.685075
7299	1	5.622965	8.167155	-11.150683	-5.051998
7300	1	8.346383	7.591943	-6.500336	-4.585453
7302	1	-8.867723	1.859116	6.192000	9.404316
7303	1	-0.581355	6.702156	5.303676	6.411693
7313	1	-7.367382	0.343666	8.470052	8.135203
7314	1	-9.734902	0.780600	5.268425	8.723643
7316	1	-12.016399	-1.127695	3.833492	8.187506
7329	1	-9.100919	-0.898304	6.529088	7.494545
7330	1	-7.970905	-0.551463	-7.874684	-7.785239
7335	1	-8.781261	0.858001	-11.298130	-3.270896
7336	1	-9.843026	2.259718	8.185149	7.442578
7341	1	-11.180476	-1.490769	8.759592	6.710954
7344	1	6.347755	7.462599	-9.387591	-4.249704
7347	1	5.837628	6.352149	-6.483267	-3.726933
7348	1	7.690023	7.845836	-7.723782	-6.764482
7349	1	6.167183	6.581270	-6.051554	-8.939120
7360	1	-8.226041	-0.681174	7.345241	7.697032
7364	1	-7.415990	0.834544	6.825543	8.799897
7377	1	-6.311938	-0.081819	-8.141884	-7.783139
7386	1	6.114752	7.654918	-9.919959	-3.952262
7398	1	7.650136	9.066526	-10.463951	-2.448829
7406	1	-6.512463	2.117784	6.858694	7.850561
7407	1	-10.593062	1.037728	7.056724	6.151000
7421	1	-5.706739	1.387805	6.658102	9.620814
7424	1	-10.741631	-0.031604	7.764137	6.794825
7438	1	-12.874270	-1.670686	7.095804	7.483883
7439	1	6.190991	6.150591	-10.427123	-8.252948
7449	1	7.734668	7.845793	-11.108594	-3.017372
7451	1	-6.859088	-1.298254	5.907786	9.749022
7454	1	-10.419357	0.793423	6.648325	7.386002
7464	1	-8.547343	1.713234	9.078907	8.214848
7471	1	-10.672826	0.875401	7.313501	7.849714
7474	1	-14.749766	0.714989	8.166233	8.587254
7476	1	-10.752540	-2.244920	6.601309	7.479630
7487	1	-10.596792	2.677668	8.062707	7.805521
7490	1	-7.946610	-1.075923	7.888546	6.684688
7497	1	-11.113504	1.528255	6.190495	7.080865
7503	1	-5.047784	-2.770463	7.525389	9.293034
7504	1	4.290990	1.058423	-3.685084	-5.458308
7513	1	-6.050339	-1.347728	-7.506986	-7.798446
7516	1	3.713420	7.532287	-10.284335	-3.552510
7524	1	7.879094	9.052145	-7.508858	-2.603268
7557	1	-9.648650	1.655259	5.066976	8.601979
7563	1	5.027105	7.803159	3.748346	6.074560
7569	1	-7.678638	2.885932	7.400784	5.596266
7570	1	5.729102	6.343501	-7.772615	-8.953559
7571	1	-12.971149	-1.329123	7.467041	6.193523
7580	1	6.642613	8.244499	-9.793933	-6.659619
7587	1	-13.232533	0.207626	7.605787	5.899448
7588	1	-11.815462	1.392220	6.726022	7.682774
7598	1	7.787129	6.294189	-2.642689	-3.243877
7599	1	-4.032910	0.240212	3.896589	6.421441
7603	1	7.312337	5.915401	-6.438017	-6.509112
7604	1	3.980405	8.755955	-7.658353	-9.371567
7608	1	-13.550772	0.834030	4.114590	6.399566
7610	1	7.749453	6.684313	-12.546827	-3.583543
7611	1	9.117451	9.149957	-11.013132	-2.578396
7612	1	-6.087565	1.287479	-8.507491	-1.476267
7615	1	-5.951159	3.333563	7.332338	8.385227
7625	1	7.292226	7.499592	-12.917058	-5.584197
7626	1	7.076326	6.730378	-9.963699	-2.579305
7640	1	-7.991245	-3.612703	8.484356	5.839003
7642	1	7.196560	7.371472	-9.796149	-4.005450
7653	1	7.110688	6.464937	-5.757825	-8.526060
7654	1	7.025549	6.614496	-11.382438	-5.288102
7661	1	5.548641	6.688886	-8.555338	-6.211948
7668	1	-6.627608	-0.924768	7.563825	6.881320
7673	1	9.736951	7.766088	-7.487603	-5.570528
7676	1	6.203827	5.577747	-7.795655	-8.979153
7681	1	6.584111	7.617346	-15.892669	-3.515392
7694	1	5.185884	6.121137	-8.094633	-8.260915
7695	1	8.399712	8.577656	-1.197651	-5.416194
7705	1	7.162833	8.351771	-11.130992	-9.299611
7717	1	9.133890	5.354387	-6.699024	-4.074157
7719	1	-10.841536	-0.897864	5.701840	6.769660
7720	1	5.944977	6.969065	-9.111489	-7.875404
7726	1	-7.173578	2.336621	5.816734	7.619150
7727	1	-2.391415	2.123250	7.772092	8.754576
7739	1	-10.042174	2.180189	6.216257	6.783071
7749	1	6.447313	8.005836	-11.018432	-7.900841
7751	1	-11.253829	3.719880	9.606941	8.611386
7765	1	-8.720517	-0.422400	5.912921	1.956667
7778	1	-13.090924	-0.270006	6.112739	6.696982
7785	1	5.139242	7.947790	-5.783304	-9.266092
7795	1	-7.026338	0.556512	6.575160	6.993581
7799	1	-5.655021	-2.487921	-2.607593	-4.812089
7815	1	5.976847	7.306164	-9.116277	-4.891018
7820	1	8.223930	8.138334	-11.137629	-7.243864
7821	1	8.460791	8.771121	-6.905023	-6.683326
7830	1	5.849496	8.603055	0.539959	5.466142
7831	1	6.179262	9.000050	-13.467982	-6.034464
7833	1	9.043795	7.351389	-7.189463	-7.386177
7841	1	-5.843878	1.681155	5.804755	6.407608
7847	1	-4.092417	-0.633263	-9.537746	-5.133867
7863	1	-9.798509	-2.242453	6.738769	8.185785
7865	1	6.178707	7.693551	-12.747093	-7.743762
7869	1	7.247129	6.397140	-5.969770	-3.553088
7870	1	3.234512	3.409565	-4.509768	-8.385404
7871	1	6.452873	6.130520	-12.191446	-3.279484
7878	1	9.351057	6.561339	-6.265825	-2.839879
7882	1	8.378305	8.471644	-12.973204	-6.717755
7904	1	5.466905	7.267593	-7.082308	-5.553448
7905	1	-9.437716	-2.603265	8.089883	8.109294
7906	1	5.418517	8.673677	-10.843057	-9.658289
7909	1	-5.831672	3.283468	7.756862	7.462588
7914	1	7.803897	7.031930	-6.292614	-5.896537
7915	1	-4.215332	3.525347	-9.573937	-1.423420
7936	1	6.681326	9.556176	-8.700003	-6.973599
7937	1	5.670537	8.370028	-6.901154	-4.837638
7943	1	-13.932031	-0.127913	6.503363	8.818687
7948	1	-12.238557	-0.072260	7.391186	8.032794
7974	1	4.209576	4.640858	-6.121908	-6.509863
7975	1	-10.754006	-1.972199	7.621514	6.132513
7986	1	6.824889	7.708798	-9.438074	-6.832148
7987	1	-7.600246	2.573627	4.499993	5.126281
7993	1	6.870647	8.123255	-11.647284	-8.648430
7994	1	-10.081965	-1.507106	7.897193	6.903518
7998	1	-8.057219	1.433513	6.974021	7.192833
8012	1	7.366170	7.216715	-12.292316	-6.064711
8013	1	-12.574553	3.303562	-1.413965	1.904774
8016	1	7.168573	5.539195	-2.259605	-8.163978
8034	1	7.788199	6.365720	-7.315997	-8.662541
8038	1	-9.677029	0.712007	7.265054	6.491922
8040	1	-12.457132	-4.078508	6.102114	9.399765
8041	1	6.463294	9.172865	-10.609651	-4.967589
8042	1	-9.475625	1.830907	5.805952	8.639475
8045	1	-10.110100	-1.487713	8.501444	8.970589
8062	1	6.682564	5.492938	-7.081801	-7.234371
8069	1	-10.244556	-0.607408	4.611505	9.585867
8081	1	6.582198	8.238696	-6.979222	-5.911557
8085	1	7.648922	6.020622	-16.107939	-2.913181
8090	1	1.771424	8.543551	-6.512672	-5.544730
8094	1	-6.915408	-0.358971	7.947171	9.332634
8095	1	6.491624	8.790612	-7.624596	-6.059316
8096	1	6.978543	5.622601	-8.555248	-9.150449
8102	1	7.814373	6.683897	-5.297899	-7.021901
8122	1	8.126014	5.989178	-8.445201	-3.160831
8126	1	-10.274907	-0.653470	7.746915	7.756114
8128	1	7.206739	6.080169	5.827961	-0.791197
8131	1	-10.124087	1.364405	-2.331387	-2.289957
8132	1	6.560100	9.386492	-12.148924	-3.377313
8144	1	-7.057127	-2.818657	7.033880	5.959022
8155	1	6.414600	6.812491	-11.394844	-4.396293
8187	1	6.198898	8.403271	-8.511419	-8.622219
8200	1	6.481743	8.384628	-7.091952	-7.974200
8201	1	6.322351	8.070174	-8.413032	-4.276428
8202	1	-9.193975	-0.927314	5.716894	6.057763
8225	1	6.749506	6.493746	-10.068478	-7.300976
8232	1	1.646875	-1.878406	-9.261454	-7.347163
8236	1	-4.122715	0.255525	9.367397	7.418101
8240	1	7.784576	6.999119	-9.271594	-5.814665
8246	1	-10.297622	-0.694276	8.237514	7.273748
8252	1	-5.999949	-4.339321	-5.807194	-9.063614
8260	1	5.432869	5.391173	-10.442860	-7.447219
8271	1	8.367857	9.202426	-12.490253	-6.871054
8281	1	-8.621370	-1.057801	9.364705	7.375832
8289	1	7.511140	6.386650	-11.005443	-6.574989
8294	1	6.846492	6.440262	-10.184451	-4.094213
8295	1	6.579355	6.744628	-13.975744	-1.601526
8301	1	-10.125937	1.515141	9.021877	7.848929
8304	1	-7.687169	0.560180	6.664827	6.203069
8313	1	-7.296694	0.169446	-6.673904	-7.657493
8324	1	6.760506	5.286720	-7.914528	-9.057028
8327	1	9.091904	6.228668	-7.943476	-5.897180
8329	1	-12.437653	0.357639	8.133316	4.787410
8338	1	6.447925	8.241369	-3.992490	-5.286870
8341	1	-10.578244	-0.437909	8.561729	5.747306
8356	1	7.949349	6.577157	-7.730797	-5.257505
8365	1	-9.036563	-1.078231	7.554170	7.367636
8369	1	7.323491	7.650896	-12.348766	-9.833476
8375	1	6.830854	7.626473	-13.061438	-7.868895
8382	1	2.639882	9.379511	-8.683723	-4.088695
8384	1	-11.229589	-2.418966	5.700458	8.356636
8385	1	-4.350899	-0.673060	-5.300651	-6.988832
8391	1	-5.026341	1.104999	6.961020	7.737389
8401	1	6.991709	6.976787	-13.970587	-5.979731
8405	1	6.659331	6.516717	-12.560017	2.291078
8415	1	-11.401312	0.263309	8.608415	9.335665
8432	1	7.323477	7.123051	-10.606330	-4.988609
8436	1	-5.363034	1.007647	7.327034	6.346797
8437	1	4.900749	5.141143	6.399717	-3.884033
8444	1	6.419445	6.231430	-8.308865	-7.544832
8453	1	4.890989	6.421473	-12.253989	-9.715835
8473	1	9.157300	7.161683	-8.320131	-7.899568
8484	1	7.185760	7.505756	-6.650756	-4.707305
8499	1	6.518833	6.915937	-8.492605	-7.305983
8502	1	8.234188	7.119898	3.154802	-1.895786
8508	1	1.702942	-0.909472	-5.212466	-10.199596
8515	1	7.916352	9.358494	-9.013819	-8.931663
8517	1	4.719431	8.163859	-8.691980	-7.495287
8528	1	7.621930	7.955552	-10.370260	-4.716735
8529	1	8.284767	6.916353	-10.828657	-0.476112
8530	1	-13.558507	-0.900420	5.357831	8.547716
8531	1	2.812769	7.162086	4.767000	5.847892
8537	1	-3.990631	2.432002	6.932458	7.191653
8547	1	6.121847	7.793272	-15.004670	-7.070757
8561	1	8.648476	5.948245	-10.999252	-5.526499
8563	1	5.337407	8.255801	-10.269744	-3.966742
8564	1	-9.514828	0.258723	9.028702	8.494896
8579	1	8.248697	7.865576	-16.017452	-3.833471
8588	1	6.247258	5.648017	-5.755813	-7.172724
8592	1	-11.146340	-0.038755	8.060704	7.443962
8595	1	-10.990108	2.535529	6.890892	6.564199
8598	1	5.943845	7.283694	-7.486692	-7.145163
8599	1	6.188792	7.426442	-11.144719	-6.209849
8606	1	-8.975118	4.119880	-8.791920	-4.477486
8607	1	7.077908	6.298956	-10.130531	-6.121398
8615	1	-6.684952	-1.927784	6.758053	4.428654
8617	1	-8.838874	3.685540	-3.833693	-3.130271
8618	1	3.500780	6.862006	-12.881388	-2.568386
8621	1	5.948477	6.760228	-4.714213	-3.912342
8622	1	5.112074	6.920213	4.292854	7.218130
8625	1	7.070929	6.820380	-9.814498	-1.998362
8628	1	-13.197767	1.266338	5.300310	6.280152
8649	1	7.745074	6.953938	-10.411067	-5.504073
8650	1	6.903363	7.988843	-10.369195	-8.576942
8670	1	8.961427	4.883353	-3.808769	-7.229794
8675	1	-3.315380	2.878269	6.775117	6.955789
8685	1	6.845743	5.002311	-8.002746	-8.357484
8691	1	6.135601	5.484862	-6.196449	-6.042474
8692	1	-10.941556	1.835047	8.539194	6.350974
8717	1	-3.799173	-0.409294	-1.855177	-8.114434
8720	1	6.028081	7.121288	-9.925204	-6.695155
8730	1	5.487966	5.474128	-10.525007	-5.996706
8740	1	-12.060976	0.552361	6.989620	5.949249
8742	1	-6.207437	-1.215968	8.100504	6.650064
8743	1	7.836592	7.051558	-9.692327	-0.199596
8745	1	5.750244	7.546529	-13.662758	-2.893072
8755	1	8.620353	7.214562	-8.676383	-4.023319
8756	1	-9.933721	-3.580120	6.503328	9.090385
8758	1	-1.673089	5.951683	5.832099	9.786096
8759	1	-9.227771	1.719479	5.865248	7.384921
8761	1	6.902792	4.898918	4.791600	4.388757
8767	1	7.384706	5.724605	-11.498195	-6.128473
8771	1	-4.703203	-2.520241	-4.600651	-6.835892
8782	1	-8.286833	-3.376033	8.938931	5.227626
8787	1	6.607705	5.665936	-6.489894	-8.534665
8788	1	8.841584	6.811350	-7.960760	-6.679959
8792	1	7.478381	7.669012	-6.351418	-2.086725
8796	1	-11.112152	1.926724	4.350511	8.197652
8797	1	6.736700	7.337863	-8.652369	-7.276946
8798	1	6.225727	6.805684	-10.635670	-7.769661
8799	1	-6.206688	1.556485	6.506490	8.105863
8800	1	7.153919	5.501095	-6.497603	-5.196219
8831	1	4.868887	7.858104	-6.954069	-7.175772
8832	1	7.664434	6.808615	-7.019906	-8.380923
8833	1	8.525373	7.989500	-6.840054	-1.541542
8845	1	8.070081	7.301129	-7.630850	-7.960408
8848	1	-12.985494	0.758210	6.302025	7.691532
8861	1	7.080667	9.383768	-5.178649	-5.997452
8868	1	4.757968	7.274564	-12.585395	-3.726485
8876	1	5.003016	6.549876	-5.346681	-7.039175
8880	1	0.031149	2.477061	7.230932	9.087675
8883	1	8.751514	8.736878	-9.796741	-6.288053
8900	1	-8.558049	0.080595	-8.735049	-1.876082
8905	1	5.813545	7.806512	-11.679059	0.056108
8916	1	-11.464864	-1.233934	5.485367	8.699660
8920	1	-9.196881	2.260795	9.494905	7.964826
8928	1	7.030627	8.059257	-6.069468	-7.376799
8930	1	6.643499	5.568861	-11.140005	-4.699208
8941	1	8.653925	6.518114	-10.628356	-8.996746
8946	1	6.454200	5.744166	1.316252	-2.603284
8961	1	-8.293245	2.773334	7.206937	7.372981
8983	1	8.465024	7.108556	-12.143242	-5.147233
8990	1	6.613482	7.864767	-2.414380	-4.181977
8991	1	5.597298	8.825182	-10.113582	-6.909242
8994	1	8.147001	6.560242	-12.193034	-3.122577
8996	1	-6.096963	-1.934501	-5.405659	-8.007134
8999	1	6.308530	6.804308	-11.281637	-2.818752
9008	1	6.009478	7.726034	-10.675080	-5.496241
9028	1	5.859928	6.638286	-9.344905	-5.722210
9032	1	6.671380	7.888064	-11.369433	-6.589621
9035	1	-4.774410	1.658826	-2.734775	-9.296032
9041	1	5.650641	6.406189	-7.652472	-7.706371
9049	1	-14.421426	0.987720	7.749725	7.228777
9052	1	6.525639	7.353648	-12.338225	-9.449727
9063	1	7.453918	5.513301	-4.272361	-6.707833
9072	1	7.579662	8.844888	-9.333972	-2.531255
9097	1	6.826686	6.569701	3.757353	-3.359994
9100	1	-8.267392	-2.433735	7.236173	6.510135
9111	1	7.207699	5.564309	-6.642117	-9.793987
9128	1	8.175256	8.991132	-8.516248	-6.251587
9129	1	6.078661	6.776686	-11.963489	-5.311365
9145	1	-6.606347	-4.646710	8.458683	6.270328
9147	1	-12.305293	0.916618	8.811619	6.982943
9152	1	-12.014031	-0.398621	8.655769	7.338440
9156	1	5.004048	6.718913	-9.650608	-4.205006
9165	1	6.120627	8.640131	-8.820007	-2.003913
9172	1	-10.768132	-1.134321	5.277047	6.397590
9176	1	6.973548	7.342453	-10.611314	-8.984878
9177	1	6.048538	6.027125	-1.537021	4.566592
9179	1	6.569770	7.388138	-10.172123	-3.962067
9188	1	4.173595	6.947891	-11.702356	-0.229217
9192	1	0.885662	3.319241	-4.304172	-10.250056
9203	1	-3.219865	2.200016	7.159095	7.937222
9209	1	-4.540087	-1.388931	-8.029408	-6.847729
9215	1	7.446736	6.454735	-14.209259	-3.829101
9226	1	-11.014892	1.021228	9.695327	9.168703
9233	1	-13.667749	2.808964	8.950420	6.926310
9239	1	-7.939687	-1.740763	8.569086	7.886302
9247	1	7.663433	3.628745	-5.093481	-3.400810
9249	1	8.180369	6.737878	-6.127612	-7.302163
9256	1	4.823626	6.815411	-5.642996	-2.766902
9260	1	8.946308	8.070127	-10.592046	-3.471776
9262	1	-13.774748	1.274247	9.646912	5.825974
9276	1	-5.444240	1.234404	-2.532805	-6.041280
9286	1	7.601996	7.105985	-10.390880	-8.115200
9301	1	-12.098277	2.056778	5.929488	7.015098
9315	1	-11.612868	0.923481	7.577094	7.518280
9316	1	7.826266	4.670164	-10.340680	-7.314745
9320	1	5.592855	4.578888	-6.359759	-4.040395
9330	1	-6.053457	1.022037	-4.734357	-7.150241
9339	1	5.612594	8.159714	-5.455066	-7.388304
9343	1	7.022470	8.503831	-11.186994	-6.128620
9346	1	4.774126	7.659897	-5.709761	-8.626159
9350	1	0.063693	-0.793742	-6.047017	-7.505563
9359	1	-13.527874	2.154222	5.780925	6.801503
9366	1	-7.520701	-0.974613	6.915762	6.001858
9373	1	6.411839	7.058437	-6.775076	-9.241342
9374	1	5.806229	8.172591	-5.923172	-6.193344
9379	1	6.245557	7.782002	-6.194394	-9.952172
9381	1	6.514019	7.676293	-13.389100	-5.348546
9386	1	8.036898	5.974721	-12.846874	-4.534864
9388	1	7.025105	5.827607	-5.958598	-6.379703
9389	1	-7.976040	0.316905	-5.544036	-6.736790
9391	1	6.823305	7.365053	-11.236924	-4.556712
9395	1	6.544996	7.304707	-6.661096	-10.363704
9397	1	7.048531	5.693543	-6.609007	-8.051189
9403	1	5.924704	4.630854	-10.909652	-4.268870
9418	1	-14.879739	2.152294	8.474390	6.468726
9425	1	-9.306762	-2.166048	8.398355	9.301480
9443	1	4.992643	6.380258	6.085356	4.871741
9450	1	1.297728	1.049932	8.766103	7.041061
9457	1	1.667001	8.163813	-6.631346	-8.016027
9462	1	8.896500	8.316204	-9.580737	-4.118396
9465	1	5.868792	8.905326	-12.219636	-6.572613
9466	1	-7.132360	-1.473134	-7.278503	-8.492543
9478	1	6.626502	8.118943	-11.469378	-7.611518
9480	1	3.775774	2.514091	2.059070	-2.709808
9482	1	4.335961	7.250400	-12.655308	-4.593526
9486	1	7.742311	6.610083	3.811152	-1.219459
9492	1	9.622998	8.916798	-9.557425	-8.272244
9494	1	6.243903	9.061305	-10.489627	-3.552005
9495	1	-11.580483	0.707230	6.888484	7.950222
9506	1	8.657156	7.335899	-10.530471	-3.006848
9514	1	-2.493829	-0.770955	-3.771670	-8.870562
9517	1	5.965763	6.068477	-8.070054	-1.151931
9521	1	5.783711	8.445364	-12.932390	-6.580241
9523	1	0.187479	4.910353	-5.539713	-6.741572
9532	1	-9.531154	-2.069153	6.212860	8.514365
9534	1	7.437481	7.036864	-7.736154	-9.187702
9535	1	7.207650	6.427299	-11.150704	-2.927252
9555	1	8.441403	8.143668	-9.376010	-5.854679
9575	1	-5.261543	3.195682	1.849240	-5.173109
9578	1	7.178552	7.098675	-7.641639	-8.828476
9582	1	6.160469	7.413555	-8.276209	-5.627903
9592	1	-10.388869	-1.581280	5.247035	6.838591
9595	1	7.511379	6.791463	-5.966357	-9.262538
9597	1	8.432973	8.184286	-11.614739	-3.731391
9601	1	7.306559	8.956362	-8.832766	-5.558767
9608	1	-11.940628	0.363460	6.330561	7.825890
9616	1	-7.733887	2.086425	8.156754	8.211973
9621	1	6.498266	6.666946	-10.614264	-6.716021
9637	1	7.748341	5.362974	-7.323971	-8.136150
9642	1	-8.865340	1.546910	6.899022	6.702654
9643	1	-10.267029	-0.733688	-4.101346	-7.303907
9670	1	-11.358161	0.117008	8.172703	7.106467
9691	1	-5.035964	-0.430471	-5.074241	-4.981851
9692	1	6.395428	6.123347	-9.038796	-7.000826
9702	1	7.358157	7.438755	-10.413098	-4.116370
9712	1	-7.442465	-1.875226	6.295604	8.801703
9725	1	5.848251	5.816455	-8.895427	-8.222379
9729	1	6.529531	8.148399	-13.729678	-2.171228
9752	1	7.920216	9.547127	-11.710924	-4.421759
9755	1	8.094363	7.945034	-9.897119	-6.057829
9756	1	-11.775175	-1.510401	5.259609	7.932595
9758	1	5.603649	7.509536	-10.273913	-7.627980
9767	1	8.661298	5.889024	-7.311023	-9.927839
9772	1	4.827828	9.193497	-10.468850	-2.327089
9773	1	9.903698	5.746396	-3.370570	-5.744311
9779	1	4.943929	7.835723	-8.388664	-3.726824
9784	1	-11.733959	-1.076394	8.246029	6.762689
9790	1	7.317565	6.378842	-8.590340	-3.369961
9816	1	-6.718545	1.165468	7.648888	7.979666
9836	1	-8.949999	-2.697311	-4.872970	-7.635054
9840	1	1.741176	2.967945	3.173480	-4.694349
9841	1	8.305827	7.408850	-13.596381	-3.337667
9843	1	5.736845	7.171392	-11.993809	-3.820005
9845	1	8.296981	6.942872	-5.901514	-10.329208
9849	1	-12.726386	2.524584	6.794941	8.377253
9856	1	6.251592	8.589285	-12.431830	-4.911702
9868	1	-6.907613	4.646535	3.693401	7.961374
9878	1	6.237766	6.833232	-7.739845	-1.426223
9889	1	-7.846537	0.187001	5.760800	7.003030
9891	1	6.808470	6.133704	-5.376119	-3.593093
9902	1	6.883726	8.914539	-15.130261	-3.254107
9904	1	1.646925	6.712034	6.715575	7.882686
9905	1	6.453338	6.892111	-11.761568	-7.969242
9914	1	6.813775	7.511408	-8.509061	-5.029808
9918	1	-5.087548	5.092804	-12.135911	-5.656935
9922	1	-7.160700	-4.273389	9.192087	7.263096
9924	1	-9.510415	3.375602	-8.457555	-3.164593
9930	1	-4.475110	-0.327457	6.462574	7.703342
9946	1	6.612270	6.511898	-9.544505	-7.588648
9949	1	-8.096962	1.596708	6.122308	6.972373
9952	1	-9.625474	-0.107500	8.349412	9.349974
9960	1	5.883515	7.879234	-8.238879	-5.586128
9962	1	-17.271473	0.605867	6.127716	7.571363
9968	1	9.815479	8.132470	-11.613221	-4.653890
9970	1	-4.884779	-2.023632	7.649924	6.602694
9976	1	-8.518689	-1.654006	6.342276	6.782908
9979	1	7.052843	6.561136	-10.588246	-7.241427
9984	1	8.681068	7.449679	-3.059992	-5.582163
9985	1	-9.797292	1.685960	7.055401	6.117510
9999	1	7.227691	6.835827	-6.098391	-10.425409
