113.0	3.0	97.36263199999999	10.147535000000001	66.681095	56.984897	0.906517	0.8438399999999999	0.825151	0.999724	26.851863	2.0	82.720499	1.300533	4.0	0.021797999999999998	2.813302	4.0	65.781515	4.743456	1.0	24.634522	16.970903	4.0	40.764527	57.64900600000001	1.0	0.021003	5.55863	5.0	94.681415	0.8635079999999999	1.0	34.928517
167.0	3.0	48.823366	18.042729	36.169896	91.1127	0.8341709999999999	0.9889760000000001	0.874331	0.273792	1.366277	6.0	70.358049	38.058101	6.0	0.010301000000000001	1.35277	1.0	80.942351	0.11776500000000001	2.0	83.10954	28.007796999999997	6.0	84.990066	21.071778	4.0	0.021726	4.786345	4.0	98.023578	0.242252	6.0	26.384609
289.0	3.0	74.240408	8.755519999999999	7.506850999999999	97.871287	0.480792	0.905566	0.699235	0.915949	13.651551000000001	3.0	69.793949	54.4587	5.0	0.39359	1.597359	1.0	61.352761	5.272291	2.0	73.733866	46.470912	3.0	86.986818	11.106164	1.0	0.045071	4.054912	4.0	40.60705	1.296606	2.0	83.451126
298.0	3.0	82.003812	8.075429	45.565113000000004	41.198875	0.681453	0.775756	0.575549	0.188376	68.654226	1.0	13.907535000000001	28.496633000000003	6.0	0.02414	6.030572	6.0	43.682376	1.9207349999999999	1.0	97.88725	24.857246	4.0	17.918925	73.288337	5.0	0.013142	1.025299	6.0	82.804149	0.9648209999999999	6.0	70.740533
303.0	3.0	24.838178	14.849378	57.361788	52.608008999999996	0.144728	0.820593	0.950742	0.9472729999999999	40.269760999999995	1.0	45.987577	11.69097	4.0	0.270649	2.140575	2.0	32.045435999999995	1.0439200000000002	4.0	97.56689399999999	38.088205	3.0	40.939855	11.694317999999999	6.0	0.043648	3.869621	4.0	10.735496000000001	5.359788	3.0	90.090519
324.0	3.0	53.36251800000001	5.336771	16.029028	58.649708999999994	0.67615	0.8282069999999999	0.144861	0.24361	18.576656	1.0	23.223085	39.811279	3.0	0.170012	5.418807	6.0	69.198684	5.978502	2.0	48.668059	68.087726	4.0	38.561107	43.23785	3.0	0.011023999999999999	5.395894999999999	4.0	65.565866	3.853943	3.0	15.981619
350.0	3.0	94.089511	5.508557	9.967017	45.064246000000004	0.9277639999999999	0.48489799999999994	0.628297	0.234698	15.002253	6.0	29.301717	55.836653000000005	2.0	0.016853	0.39112800000000003	3.0	98.234876	5.383186	1.0	61.341426	17.197252	2.0	66.690922	73.58385600000001	1.0	0.216588	3.177429	6.0	93.166289	1.072518	2.0	60.018063
482.0	3.0	22.337232999999998	17.202384	46.374828	15.453060999999998	0.860624	0.56681	0.798559	0.37264	66.837491	1.0	92.485712	39.931038	1.0	0.015738	2.2500709999999997	5.0	68.287283	6.171319	1.0	75.340251	52.267334000000005	2.0	54.034789	35.110074	6.0	0.010662	2.606186	4.0	64.904258	4.5031989999999995	3.0	43.769828000000004
900.0	3.0	79.66214699999999	6.277233	21.779644	86.649121	0.3346	0.9057350000000001	0.9716530000000001	0.339086	36.824829	2.0	26.684621999999997	73.458519	2.0	0.6324850000000001	5.884086	3.0	15.903313	5.76121	2.0	15.282239	57.279416000000005	2.0	49.030896000000006	46.705009000000004	1.0	0.031889	2.219999	5.0	11.302045	4.4648010000000005	2.0	77.703378
1204.0	3.0	33.079522	12.10004	19.855584	77.74846	0.48561000000000004	0.995194	0.522798	0.238183	24.159347	3.0	2.224678	37.671146	3.0	0.011629	2.5261560000000003	6.0	82.56249100000001	4.272041000000001	6.0	95.046816	60.029571	5.0	85.887885	18.104079000000002	1.0	0.020787	0.933169	6.0	63.210266000000004	5.774156	1.0	93.64954200000001
1331.0	3.0	93.890472	10.165828	68.865596	85.90104000000001	0.42026899999999995	0.8332930000000001	0.30989099999999997	0.456276	65.870019	3.0	21.944735	17.335304999999998	5.0	0.011614	3.923599	4.0	10.527389999999999	2.344539	6.0	24.839699	17.503144	6.0	28.484945	3.301871	6.0	0.056033000000000006	3.119189	4.0	84.360845	2.946494	5.0	28.446152
1333.0	3.0	72.664058	6.268862	10.355713	41.427033	0.8787020000000001	0.8449260000000001	0.21715700000000002	0.616961	8.153441	6.0	18.308270999999998	1.7784209999999998	4.0	0.04239	0.205429	2.0	47.006554	5.962028	2.0	11.905918	26.232148	6.0	97.81665500000001	56.685778000000006	3.0	0.036808999999999995	1.5552030000000001	2.0	11.490669	3.339222	6.0	69.36271500000001
1503.0	3.0	7.161257000000001	14.223044	73.300248	28.749534999999998	0.6976060000000001	0.728554	0.777081	0.24951900000000002	18.708296	1.0	17.990723000000003	12.995346000000001	6.0	0.010045	2.664804	4.0	69.669781	0.738798	6.0	24.315538	22.799667000000003	4.0	20.898884	22.103404	1.0	0.010045	3.213639	2.0	43.386491	4.29102	4.0	58.008586
1508.0	3.0	98.947509	8.505477	56.455183	25.898444	0.600986	0.580144	0.406887	0.124569	60.188196	6.0	21.245744000000002	21.529931	1.0	0.013493999999999999	2.8131209999999998	2.0	76.74604699999999	5.207547	5.0	85.448787	39.100375	6.0	90.980118	69.407578	5.0	0.012464	3.467389	5.0	59.355484	4.8796610000000005	6.0	98.575956
1549.0	3.0	92.26286	6.905295	16.504381	95.54330999999999	0.367542	0.457697	0.523764	0.215527	75.120349	2.0	47.260294	17.681445	3.0	0.010054	6.182447	1.0	42.497409000000005	3.955575	5.0	17.119094	32.592594	2.0	17.759869000000002	0.8383729999999999	2.0	0.016176	4.34575	6.0	77.22212900000001	2.340159	4.0	90.336538
1577.0	3.0	71.18825600000001	13.952257999999999	10.609519	56.738816	0.627354	0.785741	0.542946	0.6124430000000001	32.009778000000004	2.0	17.503535	67.95282900000001	6.0	0.254841	6.055552	2.0	56.633671	5.6230519999999995	2.0	61.81261800000001	19.242445	1.0	60.41273399999999	56.096577	6.0	0.011396	4.987687	3.0	24.358837	4.429916	5.0	65.948149
1688.0	3.0	85.004654	1.8914689999999998	30.808532	94.24895	0.699752	0.94691	0.699006	0.22630300000000003	20.087598	1.0	83.454036	72.09142800000001	2.0	0.010062	1.4344	5.0	98.258278	5.775969	2.0	16.911952	51.127998999999996	5.0	12.606542	51.422968	3.0	0.043953	4.8278	3.0	46.474364	4.672877	5.0	52.554784
1719.0	3.0	57.261035	16.767678	49.347757	70.981105	0.547233	0.958249	0.177765	0.711145	25.559397	4.0	53.803688	59.827279000000004	2.0	0.010620000000000001	2.753784	4.0	2.1005830000000003	3.001416	1.0	6.734128	67.39872199999999	4.0	62.009617000000006	44.546572	5.0	0.013011000000000002	2.725947	4.0	70.57417099999999	3.55931	3.0	35.362093
1786.0	3.0	35.995069	19.645751999999998	7.067325	52.854542	0.948627	0.399241	0.192698	0.619201	63.739941	4.0	26.885146000000002	43.684007	3.0	0.014068	0.33514499999999997	6.0	76.10665999999999	5.9488449999999995	6.0	84.123755	44.264657	6.0	36.996934	6.501868	1.0	0.013031000000000001	5.57377	2.0	82.848638	4.68766	2.0	29.94293
1831.0	3.0	90.827444	14.131105999999999	52.83181999999999	52.48938199999999	0.730625	0.861359	0.572708	0.268802	25.415048000000002	4.0	16.84702	36.825934000000004	5.0	0.100606	2.633377	2.0	98.910169	2.460121	2.0	66.17299100000001	38.419247999999996	4.0	73.05114	32.870703999999996	1.0	0.018361000000000002	1.4417959999999999	3.0	92.412028	1.758933	2.0	34.005398
1901.0	3.0	22.687859	9.493946000000001	15.904972	32.791748	0.9121379999999999	0.572	0.325853	0.55115	13.34099	3.0	97.271046	11.558652	6.0	0.046058999999999996	3.973185	1.0	29.188903999999997	0.279928	6.0	23.936846	50.605937	6.0	67.578845	22.782356	4.0	0.21404299999999998	4.85889	4.0	25.827307	4.836132	6.0	19.074354
1902.0	3.0	96.668962	1.432576	64.98859300000001	50.957194	0.778343	0.519208	0.7300439999999999	0.933941	42.43333	2.0	34.718028000000004	25.935651999999997	1.0	0.010213	5.672315	3.0	54.54565	0.24639899999999998	1.0	77.625376	30.773255	2.0	24.453542000000002	5.107941	5.0	0.08746699999999999	5.170016	5.0	52.034721000000005	0.818753	6.0	3.770806
1956.0	3.0	12.54091	13.187026000000001	5.439698	68.168777	0.514303	0.728351	0.139121	0.384498	8.170589999999999	4.0	90.871566	59.751862	6.0	0.010573	1.2058229999999999	6.0	2.282029	4.493932	3.0	40.874781	60.142815	6.0	49.575413	35.69931	3.0	0.035855	1.934843	2.0	80.158049	2.206773	6.0	25.691067999999998
2082.0	3.0	48.392133	16.767223	61.533903	91.013224	0.9070959999999999	0.9782	0.5918680000000001	0.9894120000000001	28.322896999999998	4.0	71.409882	5.9629010000000005	5.0	0.072486	2.226382	2.0	90.85792	0.887214	2.0	36.397889	57.277876	1.0	65.933963	48.069016999999995	1.0	0.023127	3.7951019999999995	4.0	8.467195	4.77632	4.0	83.45036
2095.0	3.0	53.713269	9.544597999999999	78.800616	16.681488	0.418155	0.970633	0.805163	0.69912	37.600856	1.0	51.891498999999996	10.683233	4.0	0.028467000000000003	3.521978	3.0	90.527152	3.2833919999999996	5.0	60.123819	4.250306	3.0	41.625248	15.289488	6.0	0.014934000000000001	5.8129800000000005	1.0	45.392538	4.046775	2.0	39.967659999999995
2108.0	3.0	55.175791000000004	5.363498	90.995721	28.853399	0.8372200000000001	0.443337	0.47694899999999996	0.46821999999999997	55.275613	2.0	65.13857800000001	36.939392	4.0	0.010674	1.194338	5.0	51.097383	1.4424780000000001	2.0	63.182168000000004	68.621312	3.0	57.840320999999996	77.13230899999999	4.0	0.011987000000000001	4.522458	1.0	30.603938	1.2230940000000001	4.0	85.257976
2243.0	3.0	69.252664	6.435185	25.697824	27.398173999999997	0.772993	0.602718	0.121857	0.34016199999999996	31.307406	1.0	32.486321999999994	57.221405000000004	6.0	0.036704	2.878972	6.0	44.000045	1.661186	1.0	96.800207	66.389786	1.0	95.478581	38.960606	3.0	0.014766	3.330145	5.0	11.514746	5.282339	5.0	42.275921000000004
2375.0	3.0	77.058583	1.381931	58.61329	65.92630600000001	0.6588510000000001	0.873474	0.409512	0.254079	67.782529	6.0	23.744388	50.485856	2.0	0.045155	0.7865479999999999	4.0	49.504214000000005	0.967593	5.0	60.085947	10.597445	3.0	99.683317	70.145873	4.0	0.012137	4.520633999999999	6.0	15.658701	5.047201	6.0	58.5458
2426.0	3.0	26.982244	11.800571000000001	95.553022	61.395478000000004	0.301316	0.573944	0.711687	0.29086300000000004	3.0394759999999996	5.0	56.940853000000004	33.824933	2.0	0.022257	4.975189	3.0	58.929109999999994	4.105866000000001	1.0	26.273577000000003	28.434826	3.0	32.463144	33.090070000000004	3.0	0.068098	0.643249	5.0	45.700922	3.591518	2.0	92.104209
2585.0	3.0	42.157009	9.416536	75.259685	12.090179	0.9671629999999999	0.692998	0.428932	0.2082	8.169358	3.0	29.835604999999997	20.057391	6.0	0.017802000000000002	4.211962000000001	2.0	87.82189699999999	4.9183069999999995	3.0	80.763525	12.145926	4.0	77.007129	46.697348	5.0	0.010369	3.600378	6.0	62.810843000000006	0.47183400000000003	4.0	26.193595000000002
2595.0	3.0	33.111437	16.4039	90.469877	88.672433	0.351711	0.905101	0.558388	0.667502	22.390954	4.0	60.543006000000005	24.263354999999997	1.0	0.015927	2.700822	2.0	32.675582	5.717542	2.0	68.162924	60.019270999999996	3.0	88.031284	51.851857	6.0	0.019434	4.7031019999999994	6.0	90.702704	4.777988	6.0	21.315975
2616.0	3.0	97.17183	6.812452	22.343985999999997	78.710607	0.1299	0.552034	0.48111000000000004	0.860665	8.165768	5.0	75.14043199999999	8.441675	1.0	0.03203	3.6406440000000004	5.0	10.181989	3.214925	4.0	7.67815	43.266529	2.0	50.246974	3.102574	5.0	0.012525	2.9698759999999997	5.0	14.641370000000002	4.002145	5.0	18.427141
2739.0	3.0	24.873692000000002	8.770647	66.07374200000001	48.45306	0.176783	0.771151	0.625101	0.9109889999999999	49.434204	1.0	63.287389000000005	31.209384000000004	2.0	0.061398	2.468163	2.0	36.164603	5.602224	1.0	70.216717	27.485943	5.0	59.377933999999996	77.231174	6.0	0.022501	4.387379	1.0	93.249202	3.639017	2.0	62.013082999999995
2808.0	3.0	66.319311	7.176819	15.100245999999999	97.15621800000001	0.128687	0.472732	0.946785	0.487887	66.84129300000001	3.0	89.72369599999999	42.195763	6.0	0.018682	4.37067	6.0	86.850541	5.798024	2.0	5.725308	19.141377	1.0	94.629395	16.932907	5.0	0.013587	1.229149	3.0	92.78308100000001	1.844657	4.0	98.388426
2902.0	3.0	49.938157000000004	4.6355949999999995	50.364082	73.88165	0.483295	0.45768500000000006	0.45725	0.275594	41.622522	2.0	52.241796	71.197194	3.0	0.049736	2.650001	1.0	79.146709	0.346441	4.0	55.948839	70.93333	5.0	10.877575	71.45988100000001	3.0	0.028325	5.008276	6.0	13.441752	4.6467480000000005	6.0	83.001395
2976.0	3.0	51.2072	12.791382	99.97175	46.920956	0.520016	0.8676360000000001	0.842217	0.7073149999999999	35.104401	3.0	4.103027	35.43124	6.0	0.011776	5.427226	6.0	92.95275	0.92925	4.0	75.04095799999999	51.027867	1.0	98.05856800000001	74.42962800000001	6.0	0.02729	3.7219599999999997	6.0	88.125814	3.46519	4.0	56.598762
3015.0	3.0	95.49200400000001	2.979325	22.665287	64.274491	0.7039810000000001	0.293375	0.942591	0.880381	64.000904	6.0	86.108588	56.548204000000005	6.0	0.024465999999999998	0.935897	2.0	68.884496	4.760807	1.0	60.413115000000005	1.291403	4.0	93.19743100000001	50.987238	3.0	0.036017	2.538738	6.0	66.38287199999999	0.47713	4.0	96.846867
3045.0	3.0	79.054132	13.651622	91.379134	40.674388	0.96	0.799608	0.659876	0.907259	13.804385	2.0	17.62921	68.315565	5.0	0.012259	4.324788	1.0	51.716002	2.535193	6.0	70.853239	46.196742	4.0	91.913257	11.763521	4.0	0.012977	4.321111	1.0	53.565037	5.461921	1.0	31.329266999999998
3063.0	3.0	74.518547	1.053228	76.028485	94.063705	0.702284	0.731529	0.5755979999999999	0.533339	16.734513	1.0	44.645199	54.848355000000005	4.0	0.01641	5.885432	5.0	56.85754	3.8404519999999995	5.0	54.0625	42.592887	3.0	91.118152	46.505223	5.0	0.036532	2.9996869999999998	1.0	9.956357	5.5291	4.0	33.965196
3324.0	3.0	82.246948	2.062425	36.337939	68.11402	0.614637	0.774748	0.202153	0.79686	12.306433	6.0	48.694349	24.156418	6.0	0.013706	1.297731	5.0	39.343519	2.021433	4.0	29.829828999999997	16.627192	1.0	56.168814000000005	46.496390000000005	5.0	0.017716	5.815035	6.0	38.065053999999996	2.470589	6.0	92.451679
3344.0	3.0	31.048015999999997	28.074295000000003	37.993553999999996	44.539971	0.978584	0.557081	0.759336	0.798111	74.852293	2.0	30.683465999999996	59.321378	3.0	0.08426	5.6933300000000004	5.0	5.838114	5.022396	1.0	6.153363	51.897317	6.0	30.619739000000003	59.829591	3.0	0.090921	0.793117	6.0	72.798876	4.003266	2.0	98.7041
3446.0	3.0	5.6738480000000004	21.032358	89.817332	39.559739	0.808579	0.6940729999999999	0.9282870000000001	0.6301479999999999	61.046799	1.0	67.82420400000001	27.893065999999997	2.0	0.016099000000000002	1.412048	5.0	11.084543	0.434957	1.0	80.920098	33.583808000000005	2.0	90.37769399999999	11.285741999999999	6.0	0.016409	0.273177	6.0	35.6741	4.150318	4.0	80.101017
3474.0	3.0	9.749943	4.116401000000001	72.660441	27.572937	0.72278	0.763354	0.675945	0.1153	15.040251999999999	1.0	48.115501	8.38312	5.0	0.011691	1.060794	1.0	9.637524	1.273911	5.0	47.657908	9.459516	4.0	72.72465600000001	41.728485	3.0	0.058752	5.049373	5.0	86.706978	3.634768	5.0	55.636686
3485.0	3.0	99.94517900000001	1.765998	20.086393	61.824186	0.36430999999999997	0.7563479999999999	0.752676	0.617337	51.858978	1.0	76.39169	23.840111	4.0	0.013893	5.773849	5.0	15.288247	5.623364	4.0	97.407876	53.620676	2.0	67.12447399999999	30.822713	6.0	0.010520999999999999	2.4460830000000002	2.0	32.284872	4.733889	3.0	5.798419
3498.0	3.0	57.712439	10.834706	40.493995	13.925007999999998	0.7714810000000001	0.8878389999999999	0.276405	0.9656600000000001	38.088625	1.0	94.972562	72.897623	6.0	0.017868000000000002	3.083752	3.0	37.052631	4.853772	5.0	5.551132	16.412770000000002	6.0	62.16206	1.871939	3.0	0.015634000000000002	5.2874099999999995	4.0	92.328404	3.233853	2.0	83.68726600000001
3645.0	3.0	55.276681999999994	11.518382	88.452543	69.964478	0.427756	0.7688189999999999	0.6333260000000001	0.691976	73.15554	4.0	98.075818	72.188728	3.0	0.020202	0.699704	6.0	95.938627	3.153746	3.0	71.695189	20.313532000000002	4.0	52.521255000000004	20.047267	1.0	0.015951	3.719704	1.0	70.44408	0.44872399999999996	5.0	70.07469
3679.0	3.0	24.185732	3.8437989999999997	63.90440699999999	71.587209	0.44973500000000005	0.735615	0.291717	0.134575	50.246243	4.0	8.352312	21.309520000000003	4.0	0.010775	3.419207	6.0	65.463915	5.29574	4.0	96.388364	19.482385999999998	6.0	91.224828	9.552774000000001	5.0	0.011497	3.457357	4.0	12.525126	1.6831909999999999	4.0	79.915687
3726.0	3.0	36.078684	1.518846	83.944614	63.620343999999996	0.253473	0.240234	0.7525	0.8715280000000001	76.626198	1.0	12.993846000000001	39.115026	3.0	0.011087999999999999	4.896721	6.0	72.432775	5.465948	3.0	84.174172	54.446417000000004	3.0	83.388576	14.799514000000002	5.0	0.07684500000000001	1.255224	2.0	62.404996999999995	2.038061	6.0	70.894834
3750.0	3.0	17.018126000000002	1.567136	34.585167	39.382892	0.8487950000000001	0.120996	0.841267	0.895961	8.120474	4.0	40.755866999999995	15.945485000000001	3.0	0.010693000000000001	5.719088	4.0	14.966095999999999	5.126354	6.0	95.284522	49.705194	3.0	34.098791999999996	49.639741	4.0	0.135304	2.439875	4.0	95.906178	3.760583	5.0	78.996332
3785.0	3.0	43.203726	14.29633	66.635798	48.411339	0.26559	0.846934	0.34529	0.6073729999999999	43.871965	2.0	64.459981	60.968934999999995	1.0	0.029602	3.771772	2.0	69.70984399999999	5.430318	6.0	61.382101	36.857507	2.0	34.053993	67.783937	1.0	0.408921	1.3915389999999999	6.0	61.94989399999999	3.047637	6.0	26.723906
3791.0	3.0	34.324259999999995	14.042198999999998	15.675067000000002	61.649044999999994	0.438308	0.93847	0.437659	0.443459	69.52010899999999	5.0	27.406438	28.045221	2.0	0.010869	1.1532850000000001	4.0	17.469962	2.760282	4.0	69.621349	38.643096	3.0	98.92042	32.316924	2.0	0.08477	0.659787	4.0	43.972986999999996	1.0502639999999999	4.0	73.352327
3875.0	3.0	54.897977000000004	5.240876	12.463077	55.819261	0.524025	0.477657	0.688653	0.761163	76.550331	1.0	62.712926	45.710557	2.0	0.052078	4.777811	5.0	51.632554	4.446598000000001	3.0	76.829758	3.635565	5.0	47.991694	19.999039	1.0	0.022333000000000002	4.962207	6.0	68.519568	2.3452439999999997	5.0	82.254139
4029.0	3.0	86.07329	2.96501	24.534966	61.69803	0.898568	0.550676	0.952153	0.211932	44.846183	1.0	27.713175	64.22558000000001	5.0	0.011835	3.8914370000000003	1.0	69.81666899999999	4.189126	6.0	98.371061	43.772908	5.0	87.902498	64.435114	6.0	0.091822	3.311584	2.0	61.89844599999999	3.863573	2.0	29.966452
4101.0	3.0	17.109931	5.452229	46.654596999999995	22.303569	0.47477600000000003	0.27961199999999997	0.49682299999999996	0.91201	40.023257	5.0	64.557061	67.690689	3.0	0.01022	0.820326	2.0	44.509195	0.27078800000000003	5.0	47.703548	2.445817	6.0	62.384111	6.693294	5.0	0.043016000000000006	4.534456	6.0	69.049627	1.592251	6.0	52.841014
4137.0	3.0	73.503991	8.789826	92.444523	65.086015	0.39781700000000003	0.78943	0.599019	0.350838	17.835183999999998	2.0	79.262007	64.757414	3.0	0.011056999999999999	1.9580119999999999	4.0	96.476029	0.56333	3.0	87.01764	30.776823999999998	5.0	63.555119	57.273417	5.0	0.026733999999999997	1.388816	4.0	48.719865000000006	3.9979169999999997	5.0	78.334777
4229.0	3.0	97.986882	6.368094	22.450838	58.31589	0.232287	0.337865	0.28767	0.300435	28.244612	2.0	44.157196	70.096749	2.0	0.012086	1.396667	3.0	43.648680999999996	2.339811	4.0	41.817279	66.676383	3.0	1.4690020000000001	9.360609	6.0	0.011344	0.8524809999999999	2.0	14.229939000000002	1.265924	1.0	51.306049
4357.0	3.0	9.729834	16.000581	19.553325	81.525979	0.442821	0.829526	0.394874	0.433183	11.916121	6.0	73.063728	37.578817	2.0	0.016478	1.000579	2.0	35.76313	4.662382	3.0	61.68595500000001	41.787525	6.0	91.324967	11.423223	1.0	0.095126	2.178865	4.0	57.079685	0.636321	4.0	85.92143100000001
4399.0	3.0	10.722982	19.155952	65.624859	29.048813	0.3757	0.9489360000000001	0.7761979999999999	0.462392	71.796635	1.0	8.742632	38.906304	3.0	0.012025	2.622051	5.0	18.643696	4.548673	1.0	76.808799	26.465989	6.0	40.221176	5.389298999999999	1.0	0.01659	4.31234	1.0	90.845437	5.545283	4.0	23.811601
4467.0	3.0	67.35634300000001	9.004166	68.241766	13.304806	0.772016	0.8107850000000001	0.190853	0.44502600000000003	14.375587	3.0	94.414354	12.912303999999999	5.0	0.020031999999999998	4.938326999999999	1.0	82.39548	4.593797	2.0	60.316340000000004	10.074227	2.0	36.594879	43.65775	6.0	0.023556999999999998	0.8652120000000001	6.0	78.41852	5.129391	3.0	26.312702
4649.0	3.0	74.837765	5.291453	73.661485	45.866223	0.728457	0.7475510000000001	0.5998979999999999	0.534759	56.692493999999996	1.0	83.55335600000001	35.857948	4.0	0.011772	1.8928619999999998	5.0	37.936923	3.263659	6.0	22.975095	65.149124	5.0	46.481840000000005	75.544238	5.0	0.058574	3.290944	6.0	74.34371999999999	3.564179	4.0	59.604554
4656.0	3.0	49.105278000000006	6.304349	62.33694499999999	77.218887	0.446273	0.661855	0.338996	0.624305	54.235136	2.0	26.368848999999997	48.619077000000004	4.0	0.010261	2.72302	3.0	88.891942	0.980987	4.0	76.82795899999999	26.852039	2.0	12.151658	34.889452	1.0	0.024943	3.391462	5.0	98.14913	1.326663	2.0	92.425709
4681.0	3.0	95.585015	7.158302000000001	36.581103999999996	37.287606	0.204449	0.8806120000000001	0.571749	0.724283	52.984421	2.0	87.798227	45.599162	4.0	0.01826	4.210874	3.0	95.44913199999999	0.926408	1.0	43.776255	45.245928	3.0	94.543392	70.015782	3.0	0.026256	4.300515	4.0	8.592494	2.299906	6.0	64.13985
4692.0	3.0	84.598905	6.416430999999999	56.894408	61.334365000000005	0.163749	0.639698	0.145093	0.603934	57.729627	6.0	85.783105	28.220001	2.0	0.125606	1.16495	6.0	19.838262	0.23735	1.0	58.266372	54.376499	1.0	55.396698	71.698593	6.0	0.013766	5.2046730000000005	4.0	94.477598	2.527731	5.0	98.424031
4700.0	3.0	44.839621	3.14958	37.841357	68.369968	0.535219	0.402312	0.8507600000000001	0.817339	58.858532999999994	1.0	54.794063	26.818679	3.0	0.026001999999999997	4.4363529999999995	3.0	22.658123	4.84985	4.0	58.343564	65.065618	4.0	33.988298	7.351742	3.0	0.024716	4.395452	3.0	13.185091	4.9165410000000005	5.0	73.299868
4744.0	3.0	13.729826999999998	13.434628	14.020682999999998	14.687044	0.263047	0.6778569999999999	0.904645	0.208497	18.809198000000002	6.0	7.483553999999999	12.328842	6.0	0.010749	1.845694	4.0	67.927626	5.50402	2.0	29.750265999999996	26.859267	1.0	35.376439000000005	38.802357	4.0	0.019635	0.564516	6.0	65.665511	3.8190129999999995	6.0	27.306516
4912.0	3.0	75.307142	7.370992	34.44684	77.691282	0.531223	0.745354	0.925948	0.264716	32.024267	5.0	83.135979	14.410004	1.0	0.010126000000000001	0.956506	5.0	14.833022	1.496413	4.0	87.626226	30.427225	5.0	40.599737	34.561693	3.0	0.036789999999999996	4.252493	4.0	74.501459	0.577724	4.0	67.182652
4928.0	3.0	85.356629	2.692825	31.90966	96.60136	0.739243	0.228375	0.591707	0.37245700000000004	12.554283	4.0	27.165042	47.708024	3.0	0.010217	2.9516150000000003	1.0	46.917215	3.1224830000000003	6.0	25.556979000000002	61.983380000000004	6.0	88.474685	34.39627	1.0	0.017591	2.574591	4.0	11.478524	5.805734999999999	2.0	72.303828
5077.0	3.0	58.14000600000001	5.235908	16.783009	96.240037	0.832083	0.270351	0.364477	0.608721	7.411941000000001	6.0	34.249365000000004	32.076648999999996	2.0	0.034133	5.148744000000001	2.0	8.876698	3.488985	3.0	32.383846999999996	50.85269	4.0	21.492520000000003	75.368002	1.0	0.027006	2.0137169999999998	6.0	38.653776	0.789812	3.0	45.487806
5104.0	3.0	32.732634999999995	16.192562	61.757565	48.006439	0.9628040000000001	0.8854200000000001	0.862917	0.201493	64.565226	2.0	15.040453	9.197381	1.0	0.012098999999999999	0.369399	4.0	35.467909000000006	1.736475	4.0	47.964332	23.554864000000002	3.0	41.059138	71.712278	6.0	0.045021	5.709272	1.0	92.38801600000001	2.868277	2.0	72.465499
5115.0	3.0	60.781126	13.141687	20.96088	85.031609	0.175976	0.762624	0.37148200000000003	0.246108	18.117820000000002	5.0	23.231293	30.966884999999998	2.0	0.011511	2.332804	4.0	41.846833000000004	5.157624	4.0	25.673704	54.637163	2.0	43.094570000000004	57.506717	6.0	0.01237	5.3006519999999995	4.0	45.656151	2.217732	6.0	5.025199
5143.0	3.0	24.584993	6.827947999999999	55.891728	95.542019	0.7636539999999999	0.6638930000000001	0.552809	0.535821	67.37053399999999	1.0	69.255287	12.247803999999999	2.0	0.067859	2.104037	5.0	13.000974000000001	1.028217	1.0	21.164323	70.740412	5.0	86.559303	34.047058	5.0	0.018131	3.004096	6.0	29.977534999999996	0.39006599999999997	3.0	68.001706
5160.0	3.0	86.48535	9.437967	73.965769	42.118603	0.957257	0.515353	0.651275	0.392579	21.560643	5.0	74.367094	20.432755	1.0	0.019939	5.119389	3.0	58.69743100000001	2.737034	2.0	31.516129	69.589446	4.0	24.303884	37.092438	2.0	0.011736	1.974668	6.0	12.195222	5.25132	4.0	53.933262
5197.0	3.0	38.06425	8.536466	65.90464	38.999742	0.324825	0.723862	0.290153	0.9532139999999999	9.27975	6.0	45.596185999999996	9.968568	5.0	0.029224	5.825227	1.0	28.000844	6.140349	2.0	62.897535999999995	48.048066999999996	3.0	22.741426999999998	31.930809000000004	4.0	0.026871	2.26858	5.0	88.882931	4.4759139999999995	1.0	5.013051
5446.0	3.0	53.480371999999996	8.849115	12.953342	53.346906000000004	0.631893	0.751654	0.575178	0.226056	6.500604	5.0	31.426052000000002	69.79309	6.0	0.010948999999999999	3.7063379999999997	2.0	10.137971	5.1994370000000005	6.0	91.567094	39.070915	1.0	74.909901	65.100569	1.0	0.013221	2.898318	3.0	73.826989	1.220026	6.0	72.412537
5480.0	3.0	72.315688	3.3379809999999996	85.334135	69.901463	0.9406479999999999	0.877842	0.6792050000000001	0.697901	19.601306	1.0	52.735808999999996	39.783103000000004	1.0	0.026833999999999997	3.410365	6.0	72.565012	5.954551	6.0	80.114783	72.08365500000001	2.0	6.164011	17.338506	1.0	0.019407	2.404493	6.0	89.745118	4.064921	1.0	23.782173
5490.0	3.0	35.787418	13.2583	81.86270999999999	11.760574	0.5858979999999999	0.772134	0.662351	0.43140100000000003	21.567009	4.0	75.770402	12.456903	2.0	0.038794999999999996	2.100425	3.0	54.729705	4.52632	3.0	32.296336	12.010615	2.0	76.578648	68.121666	1.0	0.013911000000000001	3.524986	4.0	2.688314	5.038092	5.0	17.92302
5494.0	3.0	30.587988	4.023578	85.512118	99.10214	0.647721	0.366728	0.693712	0.179747	48.730588	1.0	81.58283399999999	30.239372999999997	6.0	0.024175	2.2058	5.0	52.467939	1.226577	6.0	32.958706	53.969188	3.0	85.500999	31.792261	3.0	0.013972	1.9629990000000002	6.0	17.013773	5.311332	3.0	44.8563
5505.0	3.0	60.260369999999995	41.111902	76.515411	10.523071	0.645174	0.974356	0.787297	0.568932	72.39370600000001	6.0	87.743655	54.247657999999994	1.0	0.050838	0.073773	6.0	44.803765999999996	6.199602	5.0	20.400603	45.879324	5.0	29.199272999999998	13.219095999999999	4.0	0.016362	1.192182	5.0	45.026721	2.520294	4.0	8.876274
5552.0	3.0	67.092393	1.974156	28.98234	82.20721999999999	0.995959	0.49386499999999994	0.823759	0.576221	17.369749	1.0	58.502781000000006	19.492863	4.0	0.017625	1.648023	4.0	34.174713	6.098435	4.0	46.698882	72.187236	2.0	63.626303	39.491755	4.0	0.013432	4.009332	6.0	32.574287	2.777732	3.0	20.799644
5556.0	3.0	30.783092	7.402777	86.401365	71.318848	0.785632	0.552431	0.774746	0.17723699999999998	10.128459	3.0	37.81689	23.866967000000002	6.0	0.071043	5.356814	2.0	65.27020300000001	0.149294	6.0	75.61168599999999	61.525355000000005	2.0	44.534209999999995	61.114689	5.0	0.018785	5.703171	5.0	25.620783	5.572093	2.0	67.209772
5570.0	3.0	53.218678000000004	2.042298	46.191743	78.256977	0.282505	0.581663	0.912998	0.717928	47.306094	4.0	35.991172999999996	60.049978	2.0	0.16680599999999998	2.644586	3.0	19.38749	0.823264	2.0	37.445559	61.403369999999995	5.0	13.108437	26.874084000000003	1.0	0.011694	5.59667	5.0	79.29010500000001	3.269566	6.0	44.347321
5589.0	3.0	29.227509	5.578314	18.322183	15.558232	0.246167	0.6829270000000001	0.994208	0.243815	58.40248199999999	1.0	64.758059	46.450198	6.0	0.014324000000000002	4.25873	5.0	22.807993	4.815064	4.0	96.84651099999999	37.034847	3.0	34.216738	59.59103199999999	1.0	0.010948000000000001	3.610335	5.0	36.995705	0.8598469999999999	2.0	69.15691600000001
5675.0	3.0	46.956416	3.200298	34.968098	71.198871	0.678661	0.5855130000000001	0.6389090000000001	0.800637	4.556426	4.0	24.081325	20.650412	5.0	0.01712	3.3789839999999995	2.0	76.83829	4.151294999999999	6.0	65.647322	30.605990000000002	2.0	81.9233	24.865952	3.0	0.117096	3.326796	2.0	54.079308999999995	0.181575	3.0	49.716688
5681.0	3.0	55.29795	6.299831	7.481197	79.185686	0.50666	0.617131	0.25998699999999997	0.8379030000000001	3.3317980000000005	5.0	41.889664	12.768725	6.0	0.012657999999999999	2.616766	2.0	22.622606	3.222322	2.0	58.507551	15.523375	1.0	24.321523000000003	73.25465200000001	5.0	0.7753680000000001	3.018769	3.0	74.591499	5.563208	2.0	14.244789
5693.0	3.0	9.121497999999999	13.511079999999998	62.87465400000001	14.66911	0.9648450000000001	0.8987280000000001	0.760616	0.533126	9.227198	6.0	91.985669	24.87124	3.0	0.018718000000000002	1.909159	3.0	88.738355	2.878707	1.0	4.884424	43.693107	1.0	84.32668699999999	34.183443	2.0	0.026079	3.4827220000000003	4.0	95.109512	1.4444860000000002	4.0	36.374244
5720.0	3.0	72.20268100000001	1.912064	31.362851000000003	64.789198	0.606141	0.787008	0.265875	0.9067790000000001	43.877817	6.0	87.913539	8.823887	6.0	0.010764	0.445267	6.0	20.761753	0.924464	1.0	66.487248	40.379802000000005	3.0	93.006522	2.903944	3.0	0.010442	5.352665	4.0	47.30365	1.382254	1.0	35.445149
5865.0	3.0	72.24005600000001	5.183326999999999	26.767201	45.042825	0.45886400000000005	0.369626	0.632463	0.922673	24.642287	5.0	43.587064	18.246135	3.0	0.070476	1.079076	3.0	43.249414	0.577285	1.0	18.940817000000003	29.008166999999997	6.0	54.74153199999999	65.803966	6.0	0.014591999999999999	2.978225	4.0	5.969787	0.341492	5.0	54.47837
5935.0	3.0	40.27217	9.530548	47.069508	41.295818	0.20843299999999998	0.699641	0.8247129999999999	0.7046100000000001	43.421151	2.0	77.245939	6.301435	4.0	0.031647	4.4904779999999995	3.0	7.74874	2.1910529999999997	1.0	30.412415999999997	31.946577	1.0	10.591315	45.888245	6.0	0.8730559999999999	2.402638	3.0	76.266612	3.738265	2.0	86.8257
6166.0	3.0	70.297455	4.641204	85.532107	16.362638	0.267499	0.8277329999999999	0.11161300000000002	0.22795300000000002	18.780952	1.0	87.760715	31.169169	5.0	0.017943999999999998	2.445435	4.0	39.989153	4.4024	2.0	67.03170300000001	42.731698	2.0	54.963612	72.20841999999999	5.0	0.023406	5.170147	4.0	22.989776000000003	3.351307	6.0	80.488285
6220.0	3.0	32.991226	7.985396000000001	77.00353299999999	55.48523	0.193998	0.709801	0.729707	0.549894	27.15225	1.0	33.039566	29.504903000000002	4.0	0.021943	1.237308	5.0	87.283168	2.0875310000000002	4.0	64.12437299999999	73.4413	1.0	44.014742	41.035509999999995	5.0	0.014681999999999999	5.062175	2.0	68.352873	4.3007800000000005	3.0	78.67636800000001
6274.0	3.0	71.017072	12.202486	22.581954	62.140162	0.7673909999999999	0.738963	0.7483270000000001	0.18036	43.637217	2.0	23.531119	29.624081	3.0	0.018703	5.633061	6.0	55.953931000000004	1.208869	3.0	7.851468	34.56443	4.0	1.265436	71.239106	1.0	0.020073	4.678123	6.0	73.69332	5.415181	2.0	16.541002
6374.0	3.0	68.58385600000001	7.849882000000001	83.683448	36.243398	0.949066	0.6798529999999999	0.621027	0.26045100000000004	33.048027000000005	1.0	81.613188	23.037032999999997	1.0	0.013377000000000002	2.420952	6.0	16.4683	1.120826	3.0	51.652105	27.19768	5.0	72.70886899999999	21.62078	3.0	0.06808600000000001	3.6899629999999997	5.0	43.344246999999996	4.220843	5.0	99.05860899999999
6430.0	3.0	80.892978	6.079343	83.505573	47.170558	0.254067	0.688716	0.325279	0.277127	76.74538000000001	5.0	34.6761	8.352003	6.0	0.026044	2.999171	5.0	16.156774	1.49452	5.0	70.968133	66.918371	4.0	29.485791	22.527029000000002	5.0	0.037291000000000005	3.9885089999999996	4.0	88.882257	2.708727	3.0	52.170937
6434.0	3.0	8.091983	2.569147	5.731892	87.814415	0.217795	0.21489899999999998	0.607403	0.642465	22.76826	1.0	42.313192	26.336368	1.0	0.025911	3.694571	5.0	69.85685	5.999562	2.0	43.16238	72.435167	5.0	16.000492	28.876919	5.0	0.012211	3.436431	5.0	60.004913	0.43222700000000003	2.0	70.076613
6511.0	3.0	73.397374	12.636035000000001	28.888707	17.587125	0.33528800000000003	0.7543850000000001	0.9407780000000001	0.338442	11.284917	2.0	76.06389200000001	71.735425	1.0	0.01431	0.381494	4.0	35.453137	4.3817260000000005	3.0	79.68305699999999	62.72998199999999	1.0	87.027956	12.741931	5.0	0.013084	4.127132	3.0	65.695973	2.388012	1.0	58.76430500000001
6537.0	3.0	17.669317000000003	17.548044	78.830489	57.850138	0.606062	0.8956370000000001	0.625119	0.613404	17.496279	4.0	19.66113	64.488617	1.0	0.012348999999999999	0.844972	5.0	10.376986	5.457053	1.0	11.480571000000001	56.250836	5.0	5.654146	9.608477	2.0	0.012551	2.386386	6.0	67.945566	4.130912	6.0	87.98335300000001
6550.0	3.0	68.975267	9.425618	23.327834	78.58755500000001	0.950738	0.8231879999999999	0.8795209999999999	0.6161939999999999	67.800214	1.0	93.091309	72.693345	6.0	0.266148	3.493703	2.0	19.720609	4.685592	3.0	26.169781	59.25759	6.0	99.04828	45.45687	3.0	0.023097	2.250355	1.0	74.496062	1.121674	4.0	69.22654
6670.0	3.0	61.897606999999994	15.747824	70.8712	89.695561	0.580125	0.9903420000000001	0.991289	0.275465	65.762283	1.0	8.408895	53.361375	3.0	0.092721	4.867497	5.0	42.555203000000006	0.286599	5.0	44.346748999999996	37.228705	3.0	74.770471	3.7407160000000004	5.0	0.010311	2.476604	3.0	58.219878	2.949694	4.0	38.229708
6737.0	3.0	31.157984000000003	15.488817000000001	59.17061999999999	90.845546	0.982678	0.756372	0.43979300000000005	0.462269	23.576045	2.0	54.227315000000004	27.683559999999996	6.0	0.011822	2.5383869999999997	6.0	81.499287	1.180911	1.0	91.721535	62.762842000000006	5.0	71.223445	36.531201	2.0	0.054908000000000005	0.5846979999999999	6.0	53.8995	3.6874	1.0	68.727886
6866.0	3.0	81.570338	2.388619	20.525512	96.73028599999999	0.7935810000000001	0.377183	0.564228	0.6706340000000001	18.614495	2.0	14.822192999999999	54.070166	4.0	0.010870999999999999	1.782507	2.0	68.767815	4.860532	3.0	65.864441	38.641861999999996	2.0	47.816707	3.016747	4.0	0.049224000000000004	0.343343	4.0	44.439879	5.594926	2.0	63.429087
7070.0	3.0	98.621145	2.2490509999999997	7.840362	45.770782000000004	0.660716	0.270005	0.785327	0.23549699999999998	12.773368	4.0	43.026651	59.856692	5.0	0.050066	2.166424	5.0	61.60560400000001	3.724535	5.0	51.290679	15.910444	1.0	87.077186	60.866055	4.0	0.011222	0.896497	5.0	41.940728	2.3992009999999997	2.0	41.609811
7158.0	3.0	2.843698	98.411745	55.886171	62.022895	0.436855	0.477875	0.85516	0.37794	31.662983	2.0	82.001164	3.5098510000000003	3.0	0.022825	3.4203080000000003	2.0	83.54486	1.043072	4.0	75.325641	72.24189	6.0	92.20570699999999	18.011027	5.0	0.256938	0.213815	2.0	81.689251	3.627093	3.0	58.316869
7241.0	3.0	96.067952	9.945321	33.669041	82.623149	0.14821099999999998	0.8473569999999999	0.762443	0.679176	77.689977	1.0	92.269164	1.696275	2.0	0.010014	3.6491260000000003	4.0	87.18326	3.507048	2.0	25.241964000000003	24.222476999999998	3.0	87.454972	6.755544	1.0	0.011504	0.68207	3.0	64.776767	0.606047	1.0	63.549652
7304.0	3.0	93.834843	2.029258	31.760634000000003	97.693242	0.693763	0.948132	0.429845	0.24469499999999997	29.651054	6.0	67.979872	21.958138	1.0	0.025925	4.91795	6.0	41.494353000000004	1.6889830000000001	6.0	18.70116	70.524855	3.0	87.005176	1.464234	1.0	0.011484000000000001	3.824736	5.0	73.209333	0.15113800000000002	4.0	72.44613199999999
7367.0	3.0	59.084984	4.487161	64.489855	46.078203	0.92595	0.337863	0.547115	0.954883	14.524301000000001	3.0	25.078823	37.998134	3.0	0.024156	5.94684	2.0	14.320322	3.070281	4.0	32.509467	68.004273	6.0	21.670332000000002	15.129819	6.0	0.011115	2.839976	6.0	83.99161600000001	2.735388	4.0	70.361176
7525.0	3.0	56.329755000000006	22.818159	14.788735	39.94522	0.857966	0.9151299999999999	0.697854	0.5364720000000001	62.954717	4.0	67.68996	55.193117	6.0	0.014757	3.389125	3.0	21.334517	5.1159669999999995	5.0	22.192038	11.019238	6.0	21.958955	5.366043	2.0	0.013134999999999999	3.3949190000000002	4.0	34.053771000000005	0.10696300000000002	5.0	56.293665000000004
7701.0	3.0	19.885791	5.8217419999999995	40.980979	70.07859499999999	0.652763	0.252206	0.920646	0.27007	77.058989	3.0	35.245438	56.223895	5.0	0.023043	4.869916	3.0	76.984616	3.547175	2.0	36.95327	44.046463	4.0	99.79903399999999	64.232862	6.0	0.098572	5.4824269999999995	6.0	30.129145	3.158548	1.0	33.982009000000005
7855.0	3.0	95.232534	2.807824	72.58918	67.118256	0.623214	0.9234709999999999	0.667587	0.895228	55.150635	1.0	66.439776	73.225432	4.0	0.010294	5.796907	5.0	68.891724	0.089134	3.0	46.806521000000004	43.005749	3.0	32.044470000000004	16.496221	5.0	0.0219	3.956993	4.0	47.224563	5.572479	1.0	31.644008000000003
7858.0	3.0	81.15607800000001	7.14393	23.798969	44.589496999999994	0.8097810000000001	0.49655699999999997	0.998985	0.518494	22.380668	6.0	55.41755500000001	39.403196	3.0	0.013047999999999999	0.9781129999999999	4.0	11.917117	0.906177	6.0	36.152521	12.025628	6.0	83.90643299999999	14.308492000000001	6.0	0.012183	5.7357569999999996	1.0	40.057527	2.574255	2.0	78.594324
8114.0	3.0	57.563520999999994	4.218178	36.749842	24.834167	0.838586	0.314768	0.8661260000000001	0.541952	67.39639	2.0	37.296677	59.823623	2.0	0.030893	0.934485	5.0	44.062951	5.158555000000001	4.0	16.110713	60.494508999999994	1.0	67.663921	62.805002	6.0	0.12473599999999999	1.5353430000000001	1.0	58.304343	1.6516529999999998	3.0	43.456051
8121.0	3.0	43.955559	15.444506	11.106699	93.621666	0.530701	0.82714	0.435407	0.98406	45.999311	2.0	67.923028	24.171782	2.0	0.013441	1.0688469999999999	3.0	52.057607	0.902539	2.0	77.669078	50.17988	3.0	50.748661	50.472681	3.0	0.01139	0.489447	2.0	57.493582999999994	1.748547	3.0	69.69303000000001
8127.0	3.0	28.183391999999998	8.031962	22.554203	91.86797800000001	0.799164	0.378259	0.13300599999999999	0.572228	27.510554	2.0	22.491204	37.51785	1.0	0.040217	0.352662	4.0	24.078867000000002	3.028899	1.0	76.87777	55.58894	2.0	51.93065	4.476935	1.0	0.010687	1.739642	4.0	94.703785	2.8205720000000003	6.0	34.157128
8246.0	3.0	24.053473999999998	14.074064000000002	50.276705	58.574436999999996	0.292702	0.44793599999999995	0.9457209999999999	0.456876	59.468689000000005	5.0	13.043747999999999	58.905409	5.0	0.011037	3.617557	6.0	33.204669	5.913192	2.0	28.045598	33.929936	6.0	84.14054	42.124805	4.0	0.012387	1.7924470000000001	5.0	9.597263	5.260622	1.0	99.257122
8278.0	3.0	55.976085999999995	5.880506	13.469323000000001	80.129349	0.912441	0.8940899999999999	0.152923	0.7689739999999999	13.092056	3.0	44.117835	73.052828	1.0	0.02665	1.436841	6.0	83.026815	1.9245860000000001	4.0	41.381128000000004	43.076615999999994	2.0	80.103103	42.758152	5.0	0.010277	3.4670629999999996	4.0	57.387174	3.678035	2.0	72.173472
8500.0	3.0	25.309333	4.348882	37.718437	42.313241999999995	0.561929	0.374868	0.530471	0.12942	26.052668	1.0	93.766903	69.140698	6.0	0.011693	1.559352	5.0	40.327193	4.673221	2.0	33.184422999999995	14.471476999999998	3.0	72.992485	22.063835	6.0	0.143593	1.596912	6.0	63.508456	4.814118	3.0	64.141441
8518.0	3.0	63.99798199999999	7.773163	42.397374	74.84743399999999	0.9521850000000001	0.7781640000000001	0.23632899999999998	0.466683	66.09259200000001	1.0	51.553565	68.147801	1.0	0.051099	5.016947	6.0	89.840091	1.523397	5.0	96.20199699999999	38.335884	5.0	73.123768	29.358464	1.0	0.012046	4.145118	5.0	24.340364	3.9963339999999996	6.0	82.60141
8543.0	3.0	76.425579	3.5025769999999996	77.703513	44.937344	0.9546610000000001	0.991667	0.204288	0.735153	54.420609999999996	6.0	7.575303	10.701194000000001	2.0	0.026841000000000004	2.700355	5.0	66.021221	3.6634510000000002	5.0	11.271552	62.743739	6.0	51.868373	33.601762	4.0	0.1474	4.888443	4.0	91.559523	0.146643	4.0	67.68430699999999
8547.0	3.0	99.842659	6.258357	14.792748999999999	92.232671	0.719223	0.706597	0.357822	0.66759	54.752880000000005	1.0	24.519576999999998	67.30680600000001	6.0	0.024808	2.048962	5.0	99.880707	0.5941569999999999	6.0	38.163552	32.89882	2.0	69.40344300000001	27.919957	6.0	0.01193	1.574057	6.0	30.989669	0.106216	5.0	72.394931
8669.0	3.0	27.856973999999997	1.378275	24.620143	74.40014000000001	0.537929	0.762171	0.32858000000000004	0.8710629999999999	26.337325	2.0	6.002354	38.416419	3.0	0.058007	1.1633120000000001	4.0	46.987699	3.560169	3.0	78.269198	40.070675	5.0	49.320707	23.586185	3.0	0.049797	4.4605690000000005	4.0	36.93196	5.131627	4.0	15.762156
8717.0	3.0	97.331869	5.733548000000001	80.254616	47.885409	0.732317	0.8447680000000001	0.5386	0.832865	41.872132	1.0	48.911037	44.263203999999995	1.0	0.079961	4.697039	2.0	42.893640999999995	4.016908	4.0	68.776187	60.788249	4.0	83.85985699999999	7.575805	2.0	0.010284	5.017357	6.0	9.868094000000001	0.634667	3.0	92.245871
8727.0	3.0	9.062249000000001	2.7160919999999997	27.385371000000003	26.558339	0.650393	0.180773	0.716238	0.875027	5.854451999999999	4.0	28.10551	13.283152	3.0	0.018373	3.688252	4.0	23.286255	0.733785	2.0	19.373032000000002	29.145119	6.0	57.721483	5.954753	4.0	0.010737	5.301541	2.0	68.245078	0.871361	2.0	77.958117
9045.0	3.0	30.243596999999998	4.4421349999999995	25.67225	50.306476	0.48961099999999996	0.349308	0.8264319999999999	0.33360300000000004	17.572675	5.0	27.213472999999997	32.061524	2.0	0.012522	0.47203900000000004	4.0	70.80375699999999	0.567557	2.0	61.876847999999995	34.991038	1.0	39.065265000000004	56.327895999999996	1.0	0.227793	2.468745	2.0	42.599066	1.041841	2.0	60.10273299999999
9169.0	3.0	48.62972	2.906654	57.624475	39.291340000000005	0.5758439999999999	0.20416199999999998	0.565851	0.856992	64.288823	6.0	29.656976	9.171688	4.0	0.28409	0.48499	3.0	40.684402	0.7659189999999999	1.0	85.196275	15.747245999999999	4.0	97.674374	38.799044	6.0	0.010865999999999999	4.973162	6.0	40.116837	0.8656729999999999	6.0	94.439011
9183.0	3.0	66.807307	9.953605	73.38996999999999	43.146784000000004	0.719301	0.807437	0.9806219999999999	0.854801	25.369684	1.0	28.880290999999996	22.584343	3.0	0.025907	1.046166	3.0	73.516351	2.0102290000000003	3.0	90.374876	18.37741	6.0	37.406883	63.374192	3.0	0.023146	0.6787380000000001	5.0	45.251624	2.71882	5.0	4.512773
9351.0	3.0	85.715374	6.133812	10.593098	97.954982	0.165299	0.813371	0.20385599999999998	0.947105	60.13796899999999	2.0	89.00516800000001	43.380588	5.0	0.015156000000000001	3.615762	5.0	99.576621	5.865744	4.0	49.788647999999995	68.62684200000001	4.0	86.28835600000001	47.673389	6.0	0.04162	0.8699469999999999	6.0	20.804929	4.328874	4.0	33.049467
9404.0	3.0	80.546368	2.982854	73.31545200000001	43.386815000000006	0.9408	0.642442	0.994182	0.252888	3.1382849999999998	1.0	80.48657800000001	2.72471	6.0	0.027027	4.5802830000000005	6.0	11.134986999999999	1.495118	5.0	55.827459999999995	64.002809	4.0	61.039213000000004	74.820353	6.0	0.1053	5.316816	4.0	46.4968	3.6447830000000003	3.0	72.376103
9498.0	3.0	58.246287	9.182767	82.452744	10.292658	0.8496370000000001	0.76969	0.575055	0.468135	14.195619	3.0	28.305815000000003	31.006040999999996	6.0	0.013853	1.21638	1.0	18.712485	5.473733	3.0	75.23515400000001	60.921227	6.0	26.311621999999996	19.837607000000002	5.0	0.023604	2.794693	2.0	18.173879	0.729073	1.0	46.847722999999995
9507.0	3.0	61.45425899999999	2.8150020000000002	63.450182999999996	76.767145	0.70077	0.290003	0.698292	0.676714	3.302565	3.0	31.080075	24.713318	5.0	0.0291	3.8980059999999996	3.0	93.376971	4.8026290000000005	1.0	32.11014	39.821436	6.0	99.914295	64.254231	4.0	0.6009899999999999	0.938299	4.0	13.680201	3.085588	1.0	12.582724
9573.0	3.0	17.986944	15.854323999999998	56.896129	52.314896000000005	0.23329899999999998	0.990516	0.577236	0.969541	45.031038	2.0	57.27928299999999	34.901271	5.0	0.014608000000000001	3.9863	4.0	88.77929	3.013754	4.0	96.036128	61.237686	4.0	24.643576	61.45995500000001	5.0	0.023316999999999997	5.32627	6.0	67.382885	4.018868	1.0	78.886542
9659.0	3.0	89.973871	15.821786	40.276140999999996	92.684258	0.9173979999999999	0.852914	0.140879	0.730658	3.134319	2.0	47.422562	57.037769	3.0	0.012498	6.196461	5.0	84.186537	2.851886	1.0	55.760206999999994	13.69045	3.0	86.117482	8.745151	6.0	0.026849	0.47256099999999995	6.0	55.35085600000001	4.724371	2.0	64.27033
9865.0	3.0	54.270914000000005	16.709931	29.714297	21.296826	0.32472199999999996	0.9741770000000001	0.9529270000000001	0.670122	3.166372	5.0	78.754345	47.021011	5.0	0.010153	5.392155000000001	3.0	23.599421	5.004254	3.0	11.836771	24.743568	4.0	12.804909	7.986253	2.0	0.044768	5.12975	5.0	11.935350999999999	4.05339	6.0	47.161483000000004
9890.0	3.0	86.232465	3.1450169999999997	16.226121	66.338245	0.44971300000000003	0.5513020000000001	0.5130859999999999	0.7830729999999999	68.580875	3.0	20.942379000000003	5.766774	5.0	0.19339	1.6321459999999999	4.0	30.14858	4.53817	2.0	22.211413	19.855874	6.0	78.56469799999999	16.206004	6.0	0.012486	2.957958	5.0	23.050033	1.261837	1.0	82.136564
9935.0	3.0	79.861735	5.931831	37.349716	79.888313	0.8886219999999999	0.883975	0.834777	0.9003059999999999	7.546246000000001	3.0	14.388739999999999	41.642514	6.0	0.064587	2.595382	6.0	42.416533	5.546214	1.0	14.463787	60.373598	4.0	5.984776	5.915716000000001	3.0	0.013305	0.9103450000000001	5.0	45.019622999999996	4.107254	5.0	17.483806
9978.0	3.0	64.49409	4.170033999999999	83.655427	39.891477	0.596666	0.268757	0.689286	0.205643	25.084916	1.0	28.560143	56.911587	2.0	0.010576	4.635307	3.0	39.20644	3.234756	1.0	34.003443	9.83517	3.0	60.00931	56.978937	1.0	0.010554000000000001	4.326498	5.0	62.327293000000004	2.865939	6.0	70.23659
113.0	3.0	97.36263199999999	10.147535000000001	66.681095	56.984897	0.906517	0.8438399999999999	0.825151	0.999724	26.851863	2.0	82.720499	1.300533	4.0	0.021797999999999998	2.813302	4.0	65.781515	4.743456	1.0	24.634522	16.970903	4.0	40.764527	57.64900600000001	1.0	0.021003	5.55863	5.0	94.681415	0.8635079999999999	1.0	34.928517
167.0	3.0	48.823366	18.042729	36.169896	91.1127	0.8341709999999999	0.9889760000000001	0.874331	0.273792	1.366277	6.0	70.358049	38.058101	6.0	0.010301000000000001	1.35277	1.0	80.942351	0.11776500000000001	2.0	83.10954	28.007796999999997	6.0	84.990066	21.071778	4.0	0.021726	4.786345	4.0	98.023578	0.242252	6.0	26.384609
289.0	3.0	74.240408	8.755519999999999	7.506850999999999	97.871287	0.480792	0.905566	0.699235	0.915949	13.651551000000001	3.0	69.793949	54.4587	5.0	0.39359	1.597359	1.0	61.352761	5.272291	2.0	73.733866	46.470912	3.0	86.986818	11.106164	1.0	0.045071	4.054912	4.0	40.60705	1.296606	2.0	83.451126
298.0	3.0	82.003812	8.075429	45.565113000000004	41.198875	0.681453	0.775756	0.575549	0.188376	68.654226	1.0	13.907535000000001	28.496633000000003	6.0	0.02414	6.030572	6.0	43.682376	1.9207349999999999	1.0	97.88725	24.857246	4.0	17.918925	73.288337	5.0	0.013142	1.025299	6.0	82.804149	0.9648209999999999	6.0	70.740533
303.0	3.0	24.838178	14.849378	57.361788	52.608008999999996	0.144728	0.820593	0.950742	0.9472729999999999	40.269760999999995	1.0	45.987577	11.69097	4.0	0.270649	2.140575	2.0	32.045435999999995	1.0439200000000002	4.0	97.56689399999999	38.088205	3.0	40.939855	11.694317999999999	6.0	0.043648	3.869621	4.0	10.735496000000001	5.359788	3.0	90.090519
324.0	3.0	53.36251800000001	5.336771	16.029028	58.649708999999994	0.67615	0.8282069999999999	0.144861	0.24361	18.576656	1.0	23.223085	39.811279	3.0	0.170012	5.418807	6.0	69.198684	5.978502	2.0	48.668059	68.087726	4.0	38.561107	43.23785	3.0	0.011023999999999999	5.395894999999999	4.0	65.565866	3.853943	3.0	15.981619
350.0	3.0	94.089511	5.508557	9.967017	45.064246000000004	0.9277639999999999	0.48489799999999994	0.628297	0.234698	15.002253	6.0	29.301717	55.836653000000005	2.0	0.016853	0.39112800000000003	3.0	98.234876	5.383186	1.0	61.341426	17.197252	2.0	66.690922	73.58385600000001	1.0	0.216588	3.177429	6.0	93.166289	1.072518	2.0	60.018063
482.0	3.0	22.337232999999998	17.202384	46.374828	15.453060999999998	0.860624	0.56681	0.798559	0.37264	66.837491	1.0	92.485712	39.931038	1.0	0.015738	2.2500709999999997	5.0	68.287283	6.171319	1.0	75.340251	52.267334000000005	2.0	54.034789	35.110074	6.0	0.010662	2.606186	4.0	64.904258	4.5031989999999995	3.0	43.769828000000004
900.0	3.0	79.66214699999999	6.277233	21.779644	86.649121	0.3346	0.9057350000000001	0.9716530000000001	0.339086	36.824829	2.0	26.684621999999997	73.458519	2.0	0.6324850000000001	5.884086	3.0	15.903313	5.76121	2.0	15.282239	57.279416000000005	2.0	49.030896000000006	46.705009000000004	1.0	0.031889	2.219999	5.0	11.302045	4.4648010000000005	2.0	77.703378
1204.0	3.0	33.079522	12.10004	19.855584	77.74846	0.48561000000000004	0.995194	0.522798	0.238183	24.159347	3.0	2.224678	37.671146	3.0	0.011629	2.5261560000000003	6.0	82.56249100000001	4.272041000000001	6.0	95.046816	60.029571	5.0	85.887885	18.104079000000002	1.0	0.020787	0.933169	6.0	63.210266000000004	5.774156	1.0	93.64954200000001
1331.0	3.0	93.890472	10.165828	68.865596	85.90104000000001	0.42026899999999995	0.8332930000000001	0.30989099999999997	0.456276	65.870019	3.0	21.944735	17.335304999999998	5.0	0.011614	3.923599	4.0	10.527389999999999	2.344539	6.0	24.839699	17.503144	6.0	28.484945	3.301871	6.0	0.056033000000000006	3.119189	4.0	84.360845	2.946494	5.0	28.446152
1333.0	3.0	72.664058	6.268862	10.355713	41.427033	0.8787020000000001	0.8449260000000001	0.21715700000000002	0.616961	8.153441	6.0	18.308270999999998	1.7784209999999998	4.0	0.04239	0.205429	2.0	47.006554	5.962028	2.0	11.905918	26.232148	6.0	97.81665500000001	56.685778000000006	3.0	0.036808999999999995	1.5552030000000001	2.0	11.490669	3.339222	6.0	69.36271500000001
1503.0	3.0	7.161257000000001	14.223044	73.300248	28.749534999999998	0.6976060000000001	0.728554	0.777081	0.24951900000000002	18.708296	1.0	17.990723000000003	12.995346000000001	6.0	0.010045	2.664804	4.0	69.669781	0.738798	6.0	24.315538	22.799667000000003	4.0	20.898884	22.103404	1.0	0.010045	3.213639	2.0	43.386491	4.29102	4.0	58.008586
1508.0	3.0	98.947509	8.505477	56.455183	25.898444	0.600986	0.580144	0.406887	0.124569	60.188196	6.0	21.245744000000002	21.529931	1.0	0.013493999999999999	2.8131209999999998	2.0	76.74604699999999	5.207547	5.0	85.448787	39.100375	6.0	90.980118	69.407578	5.0	0.012464	3.467389	5.0	59.355484	4.8796610000000005	6.0	98.575956
1549.0	3.0	92.26286	6.905295	16.504381	95.54330999999999	0.367542	0.457697	0.523764	0.215527	75.120349	2.0	47.260294	17.681445	3.0	0.010054	6.182447	1.0	42.497409000000005	3.955575	5.0	17.119094	32.592594	2.0	17.759869000000002	0.8383729999999999	2.0	0.016176	4.34575	6.0	77.22212900000001	2.340159	4.0	90.336538
1577.0	3.0	71.18825600000001	13.952257999999999	10.609519	56.738816	0.627354	0.785741	0.542946	0.6124430000000001	32.009778000000004	2.0	17.503535	67.95282900000001	6.0	0.254841	6.055552	2.0	56.633671	5.6230519999999995	2.0	61.81261800000001	19.242445	1.0	60.41273399999999	56.096577	6.0	0.011396	4.987687	3.0	24.358837	4.429916	5.0	65.948149
1688.0	3.0	85.004654	1.8914689999999998	30.808532	94.24895	0.699752	0.94691	0.699006	0.22630300000000003	20.087598	1.0	83.454036	72.09142800000001	2.0	0.010062	1.4344	5.0	98.258278	5.775969	2.0	16.911952	51.127998999999996	5.0	12.606542	51.422968	3.0	0.043953	4.8278	3.0	46.474364	4.672877	5.0	52.554784
1719.0	3.0	57.261035	16.767678	49.347757	70.981105	0.547233	0.958249	0.177765	0.711145	25.559397	4.0	53.803688	59.827279000000004	2.0	0.010620000000000001	2.753784	4.0	2.1005830000000003	3.001416	1.0	6.734128	67.39872199999999	4.0	62.009617000000006	44.546572	5.0	0.013011000000000002	2.725947	4.0	70.57417099999999	3.55931	3.0	35.362093
1786.0	3.0	35.995069	19.645751999999998	7.067325	52.854542	0.948627	0.399241	0.192698	0.619201	63.739941	4.0	26.885146000000002	43.684007	3.0	0.014068	0.33514499999999997	6.0	76.10665999999999	5.9488449999999995	6.0	84.123755	44.264657	6.0	36.996934	6.501868	1.0	0.013031000000000001	5.57377	2.0	82.848638	4.68766	2.0	29.94293
1831.0	3.0	90.827444	14.131105999999999	52.83181999999999	52.48938199999999	0.730625	0.861359	0.572708	0.268802	25.415048000000002	4.0	16.84702	36.825934000000004	5.0	0.100606	2.633377	2.0	98.910169	2.460121	2.0	66.17299100000001	38.419247999999996	4.0	73.05114	32.870703999999996	1.0	0.018361000000000002	1.4417959999999999	3.0	92.412028	1.758933	2.0	34.005398
1901.0	3.0	22.687859	9.493946000000001	15.904972	32.791748	0.9121379999999999	0.572	0.325853	0.55115	13.34099	3.0	97.271046	11.558652	6.0	0.046058999999999996	3.973185	1.0	29.188903999999997	0.279928	6.0	23.936846	50.605937	6.0	67.578845	22.782356	4.0	0.21404299999999998	4.85889	4.0	25.827307	4.836132	6.0	19.074354
1902.0	3.0	96.668962	1.432576	64.98859300000001	50.957194	0.778343	0.519208	0.7300439999999999	0.933941	42.43333	2.0	34.718028000000004	25.935651999999997	1.0	0.010213	5.672315	3.0	54.54565	0.24639899999999998	1.0	77.625376	30.773255	2.0	24.453542000000002	5.107941	5.0	0.08746699999999999	5.170016	5.0	52.034721000000005	0.818753	6.0	3.770806
1956.0	3.0	12.54091	13.187026000000001	5.439698	68.168777	0.514303	0.728351	0.139121	0.384498	8.170589999999999	4.0	90.871566	59.751862	6.0	0.010573	1.2058229999999999	6.0	2.282029	4.493932	3.0	40.874781	60.142815	6.0	49.575413	35.69931	3.0	0.035855	1.934843	2.0	80.158049	2.206773	6.0	25.691067999999998
2082.0	3.0	48.392133	16.767223	61.533903	91.013224	0.9070959999999999	0.9782	0.5918680000000001	0.9894120000000001	28.322896999999998	4.0	71.409882	5.9629010000000005	5.0	0.072486	2.226382	2.0	90.85792	0.887214	2.0	36.397889	57.277876	1.0	65.933963	48.069016999999995	1.0	0.023127	3.7951019999999995	4.0	8.467195	4.77632	4.0	83.45036
2095.0	3.0	53.713269	9.544597999999999	78.800616	16.681488	0.418155	0.970633	0.805163	0.69912	37.600856	1.0	51.891498999999996	10.683233	4.0	0.028467000000000003	3.521978	3.0	90.527152	3.2833919999999996	5.0	60.123819	4.250306	3.0	41.625248	15.289488	6.0	0.014934000000000001	5.8129800000000005	1.0	45.392538	4.046775	2.0	39.967659999999995
2108.0	3.0	55.175791000000004	5.363498	90.995721	28.853399	0.8372200000000001	0.443337	0.47694899999999996	0.46821999999999997	55.275613	2.0	65.13857800000001	36.939392	4.0	0.010674	1.194338	5.0	51.097383	1.4424780000000001	2.0	63.182168000000004	68.621312	3.0	57.840320999999996	77.13230899999999	4.0	0.011987000000000001	4.522458	1.0	30.603938	1.2230940000000001	4.0	85.257976
2243.0	3.0	69.252664	6.435185	25.697824	27.398173999999997	0.772993	0.602718	0.121857	0.34016199999999996	31.307406	1.0	32.486321999999994	57.221405000000004	6.0	0.036704	2.878972	6.0	44.000045	1.661186	1.0	96.800207	66.389786	1.0	95.478581	38.960606	3.0	0.014766	3.330145	5.0	11.514746	5.282339	5.0	42.275921000000004
2375.0	3.0	77.058583	1.381931	58.61329	65.92630600000001	0.6588510000000001	0.873474	0.409512	0.254079	67.782529	6.0	23.744388	50.485856	2.0	0.045155	0.7865479999999999	4.0	49.504214000000005	0.967593	5.0	60.085947	10.597445	3.0	99.683317	70.145873	4.0	0.012137	4.520633999999999	6.0	15.658701	5.047201	6.0	58.5458
2426.0	3.0	26.982244	11.800571000000001	95.553022	61.395478000000004	0.301316	0.573944	0.711687	0.29086300000000004	3.0394759999999996	5.0	56.940853000000004	33.824933	2.0	0.022257	4.975189	3.0	58.929109999999994	4.105866000000001	1.0	26.273577000000003	28.434826	3.0	32.463144	33.090070000000004	3.0	0.068098	0.643249	5.0	45.700922	3.591518	2.0	92.104209
2585.0	3.0	42.157009	9.416536	75.259685	12.090179	0.9671629999999999	0.692998	0.428932	0.2082	8.169358	3.0	29.835604999999997	20.057391	6.0	0.017802000000000002	4.211962000000001	2.0	87.82189699999999	4.9183069999999995	3.0	80.763525	12.145926	4.0	77.007129	46.697348	5.0	0.010369	3.600378	6.0	62.810843000000006	0.47183400000000003	4.0	26.193595000000002
2595.0	3.0	33.111437	16.4039	90.469877	88.672433	0.351711	0.905101	0.558388	0.667502	22.390954	4.0	60.543006000000005	24.263354999999997	1.0	0.015927	2.700822	2.0	32.675582	5.717542	2.0	68.162924	60.019270999999996	3.0	88.031284	51.851857	6.0	0.019434	4.7031019999999994	6.0	90.702704	4.777988	6.0	21.315975
2616.0	3.0	97.17183	6.812452	22.343985999999997	78.710607	0.1299	0.552034	0.48111000000000004	0.860665	8.165768	5.0	75.14043199999999	8.441675	1.0	0.03203	3.6406440000000004	5.0	10.181989	3.214925	4.0	7.67815	43.266529	2.0	50.246974	3.102574	5.0	0.012525	2.9698759999999997	5.0	14.641370000000002	4.002145	5.0	18.427141
2739.0	3.0	24.873692000000002	8.770647	66.07374200000001	48.45306	0.176783	0.771151	0.625101	0.9109889999999999	49.434204	1.0	63.287389000000005	31.209384000000004	2.0	0.061398	2.468163	2.0	36.164603	5.602224	1.0	70.216717	27.485943	5.0	59.377933999999996	77.231174	6.0	0.022501	4.387379	1.0	93.249202	3.639017	2.0	62.013082999999995
2808.0	3.0	66.319311	7.176819	15.100245999999999	97.15621800000001	0.128687	0.472732	0.946785	0.487887	66.84129300000001	3.0	89.72369599999999	42.195763	6.0	0.018682	4.37067	6.0	86.850541	5.798024	2.0	5.725308	19.141377	1.0	94.629395	16.932907	5.0	0.013587	1.229149	3.0	92.78308100000001	1.844657	4.0	98.388426
2902.0	3.0	49.938157000000004	4.6355949999999995	50.364082	73.88165	0.483295	0.45768500000000006	0.45725	0.275594	41.622522	2.0	52.241796	71.197194	3.0	0.049736	2.650001	1.0	79.146709	0.346441	4.0	55.948839	70.93333	5.0	10.877575	71.45988100000001	3.0	0.028325	5.008276	6.0	13.441752	4.6467480000000005	6.0	83.001395
2976.0	3.0	51.2072	12.791382	99.97175	46.920956	0.520016	0.8676360000000001	0.842217	0.7073149999999999	35.104401	3.0	4.103027	35.43124	6.0	0.011776	5.427226	6.0	92.95275	0.92925	4.0	75.04095799999999	51.027867	1.0	98.05856800000001	74.42962800000001	6.0	0.02729	3.7219599999999997	6.0	88.125814	3.46519	4.0	56.598762
3015.0	3.0	95.49200400000001	2.979325	22.665287	64.274491	0.7039810000000001	0.293375	0.942591	0.880381	64.000904	6.0	86.108588	56.548204000000005	6.0	0.024465999999999998	0.935897	2.0	68.884496	4.760807	1.0	60.413115000000005	1.291403	4.0	93.19743100000001	50.987238	3.0	0.036017	2.538738	6.0	66.38287199999999	0.47713	4.0	96.846867
3045.0	3.0	79.054132	13.651622	91.379134	40.674388	0.96	0.799608	0.659876	0.907259	13.804385	2.0	17.62921	68.315565	5.0	0.012259	4.324788	1.0	51.716002	2.535193	6.0	70.853239	46.196742	4.0	91.913257	11.763521	4.0	0.012977	4.321111	1.0	53.565037	5.461921	1.0	31.329266999999998
3063.0	3.0	74.518547	1.053228	76.028485	94.063705	0.702284	0.731529	0.5755979999999999	0.533339	16.734513	1.0	44.645199	54.848355000000005	4.0	0.01641	5.885432	5.0	56.85754	3.8404519999999995	5.0	54.0625	42.592887	3.0	91.118152	46.505223	5.0	0.036532	2.9996869999999998	1.0	9.956357	5.5291	4.0	33.965196
3324.0	3.0	82.246948	2.062425	36.337939	68.11402	0.614637	0.774748	0.202153	0.79686	12.306433	6.0	48.694349	24.156418	6.0	0.013706	1.297731	5.0	39.343519	2.021433	4.0	29.829828999999997	16.627192	1.0	56.168814000000005	46.496390000000005	5.0	0.017716	5.815035	6.0	38.065053999999996	2.470589	6.0	92.451679
3344.0	3.0	31.048015999999997	28.074295000000003	37.993553999999996	44.539971	0.978584	0.557081	0.759336	0.798111	74.852293	2.0	30.683465999999996	59.321378	3.0	0.08426	5.6933300000000004	5.0	5.838114	5.022396	1.0	6.153363	51.897317	6.0	30.619739000000003	59.829591	3.0	0.090921	0.793117	6.0	72.798876	4.003266	2.0	98.7041
3446.0	3.0	5.6738480000000004	21.032358	89.817332	39.559739	0.808579	0.6940729999999999	0.9282870000000001	0.6301479999999999	61.046799	1.0	67.82420400000001	27.893065999999997	2.0	0.016099000000000002	1.412048	5.0	11.084543	0.434957	1.0	80.920098	33.583808000000005	2.0	90.37769399999999	11.285741999999999	6.0	0.016409	0.273177	6.0	35.6741	4.150318	4.0	80.101017
3474.0	3.0	9.749943	4.116401000000001	72.660441	27.572937	0.72278	0.763354	0.675945	0.1153	15.040251999999999	1.0	48.115501	8.38312	5.0	0.011691	1.060794	1.0	9.637524	1.273911	5.0	47.657908	9.459516	4.0	72.72465600000001	41.728485	3.0	0.058752	5.049373	5.0	86.706978	3.634768	5.0	55.636686
3485.0	3.0	99.94517900000001	1.765998	20.086393	61.824186	0.36430999999999997	0.7563479999999999	0.752676	0.617337	51.858978	1.0	76.39169	23.840111	4.0	0.013893	5.773849	5.0	15.288247	5.623364	4.0	97.407876	53.620676	2.0	67.12447399999999	30.822713	6.0	0.010520999999999999	2.4460830000000002	2.0	32.284872	4.733889	3.0	5.798419
3498.0	3.0	57.712439	10.834706	40.493995	13.925007999999998	0.7714810000000001	0.8878389999999999	0.276405	0.9656600000000001	38.088625	1.0	94.972562	72.897623	6.0	0.017868000000000002	3.083752	3.0	37.052631	4.853772	5.0	5.551132	16.412770000000002	6.0	62.16206	1.871939	3.0	0.015634000000000002	5.2874099999999995	4.0	92.328404	3.233853	2.0	83.68726600000001
3645.0	3.0	55.276681999999994	11.518382	88.452543	69.964478	0.427756	0.7688189999999999	0.6333260000000001	0.691976	73.15554	4.0	98.075818	72.188728	3.0	0.020202	0.699704	6.0	95.938627	3.153746	3.0	71.695189	20.313532000000002	4.0	52.521255000000004	20.047267	1.0	0.015951	3.719704	1.0	70.44408	0.44872399999999996	5.0	70.07469
3679.0	3.0	24.185732	3.8437989999999997	63.90440699999999	71.587209	0.44973500000000005	0.735615	0.291717	0.134575	50.246243	4.0	8.352312	21.309520000000003	4.0	0.010775	3.419207	6.0	65.463915	5.29574	4.0	96.388364	19.482385999999998	6.0	91.224828	9.552774000000001	5.0	0.011497	3.457357	4.0	12.525126	1.6831909999999999	4.0	79.915687
3726.0	3.0	36.078684	1.518846	83.944614	63.620343999999996	0.253473	0.240234	0.7525	0.8715280000000001	76.626198	1.0	12.993846000000001	39.115026	3.0	0.011087999999999999	4.896721	6.0	72.432775	5.465948	3.0	84.174172	54.446417000000004	3.0	83.388576	14.799514000000002	5.0	0.07684500000000001	1.255224	2.0	62.404996999999995	2.038061	6.0	70.894834
3750.0	3.0	17.018126000000002	1.567136	34.585167	39.382892	0.8487950000000001	0.120996	0.841267	0.895961	8.120474	4.0	40.755866999999995	15.945485000000001	3.0	0.010693000000000001	5.719088	4.0	14.966095999999999	5.126354	6.0	95.284522	49.705194	3.0	34.098791999999996	49.639741	4.0	0.135304	2.439875	4.0	95.906178	3.760583	5.0	78.996332
3785.0	3.0	43.203726	14.29633	66.635798	48.411339	0.26559	0.846934	0.34529	0.6073729999999999	43.871965	2.0	64.459981	60.968934999999995	1.0	0.029602	3.771772	2.0	69.70984399999999	5.430318	6.0	61.382101	36.857507	2.0	34.053993	67.783937	1.0	0.408921	1.3915389999999999	6.0	61.94989399999999	3.047637	6.0	26.723906
3791.0	3.0	34.324259999999995	14.042198999999998	15.675067000000002	61.649044999999994	0.438308	0.93847	0.437659	0.443459	69.52010899999999	5.0	27.406438	28.045221	2.0	0.010869	1.1532850000000001	4.0	17.469962	2.760282	4.0	69.621349	38.643096	3.0	98.92042	32.316924	2.0	0.08477	0.659787	4.0	43.972986999999996	1.0502639999999999	4.0	73.352327
3875.0	3.0	54.897977000000004	5.240876	12.463077	55.819261	0.524025	0.477657	0.688653	0.761163	76.550331	1.0	62.712926	45.710557	2.0	0.052078	4.777811	5.0	51.632554	4.446598000000001	3.0	76.829758	3.635565	5.0	47.991694	19.999039	1.0	0.022333000000000002	4.962207	6.0	68.519568	2.3452439999999997	5.0	82.254139
4029.0	3.0	86.07329	2.96501	24.534966	61.69803	0.898568	0.550676	0.952153	0.211932	44.846183	1.0	27.713175	64.22558000000001	5.0	0.011835	3.8914370000000003	1.0	69.81666899999999	4.189126	6.0	98.371061	43.772908	5.0	87.902498	64.435114	6.0	0.091822	3.311584	2.0	61.89844599999999	3.863573	2.0	29.966452
4101.0	3.0	17.109931	5.452229	46.654596999999995	22.303569	0.47477600000000003	0.27961199999999997	0.49682299999999996	0.91201	40.023257	5.0	64.557061	67.690689	3.0	0.01022	0.820326	2.0	44.509195	0.27078800000000003	5.0	47.703548	2.445817	6.0	62.384111	6.693294	5.0	0.043016000000000006	4.534456	6.0	69.049627	1.592251	6.0	52.841014
4137.0	3.0	73.503991	8.789826	92.444523	65.086015	0.39781700000000003	0.78943	0.599019	0.350838	17.835183999999998	2.0	79.262007	64.757414	3.0	0.011056999999999999	1.9580119999999999	4.0	96.476029	0.56333	3.0	87.01764	30.776823999999998	5.0	63.555119	57.273417	5.0	0.026733999999999997	1.388816	4.0	48.719865000000006	3.9979169999999997	5.0	78.334777
4229.0	3.0	97.986882	6.368094	22.450838	58.31589	0.232287	0.337865	0.28767	0.300435	28.244612	2.0	44.157196	70.096749	2.0	0.012086	1.396667	3.0	43.648680999999996	2.339811	4.0	41.817279	66.676383	3.0	1.4690020000000001	9.360609	6.0	0.011344	0.8524809999999999	2.0	14.229939000000002	1.265924	1.0	51.306049
4357.0	3.0	9.729834	16.000581	19.553325	81.525979	0.442821	0.829526	0.394874	0.433183	11.916121	6.0	73.063728	37.578817	2.0	0.016478	1.000579	2.0	35.76313	4.662382	3.0	61.68595500000001	41.787525	6.0	91.324967	11.423223	1.0	0.095126	2.178865	4.0	57.079685	0.636321	4.0	85.92143100000001
4399.0	3.0	10.722982	19.155952	65.624859	29.048813	0.3757	0.9489360000000001	0.7761979999999999	0.462392	71.796635	1.0	8.742632	38.906304	3.0	0.012025	2.622051	5.0	18.643696	4.548673	1.0	76.808799	26.465989	6.0	40.221176	5.389298999999999	1.0	0.01659	4.31234	1.0	90.845437	5.545283	4.0	23.811601
4467.0	3.0	67.35634300000001	9.004166	68.241766	13.304806	0.772016	0.8107850000000001	0.190853	0.44502600000000003	14.375587	3.0	94.414354	12.912303999999999	5.0	0.020031999999999998	4.938326999999999	1.0	82.39548	4.593797	2.0	60.316340000000004	10.074227	2.0	36.594879	43.65775	6.0	0.023556999999999998	0.8652120000000001	6.0	78.41852	5.129391	3.0	26.312702
4649.0	3.0	74.837765	5.291453	73.661485	45.866223	0.728457	0.7475510000000001	0.5998979999999999	0.534759	56.692493999999996	1.0	83.55335600000001	35.857948	4.0	0.011772	1.8928619999999998	5.0	37.936923	3.263659	6.0	22.975095	65.149124	5.0	46.481840000000005	75.544238	5.0	0.058574	3.290944	6.0	74.34371999999999	3.564179	4.0	59.604554
4656.0	3.0	49.105278000000006	6.304349	62.33694499999999	77.218887	0.446273	0.661855	0.338996	0.624305	54.235136	2.0	26.368848999999997	48.619077000000004	4.0	0.010261	2.72302	3.0	88.891942	0.980987	4.0	76.82795899999999	26.852039	2.0	12.151658	34.889452	1.0	0.024943	3.391462	5.0	98.14913	1.326663	2.0	92.425709
4681.0	3.0	95.585015	7.158302000000001	36.581103999999996	37.287606	0.204449	0.8806120000000001	0.571749	0.724283	52.984421	2.0	87.798227	45.599162	4.0	0.01826	4.210874	3.0	95.44913199999999	0.926408	1.0	43.776255	45.245928	3.0	94.543392	70.015782	3.0	0.026256	4.300515	4.0	8.592494	2.299906	6.0	64.13985
4692.0	3.0	84.598905	6.416430999999999	56.894408	61.334365000000005	0.163749	0.639698	0.145093	0.603934	57.729627	6.0	85.783105	28.220001	2.0	0.125606	1.16495	6.0	19.838262	0.23735	1.0	58.266372	54.376499	1.0	55.396698	71.698593	6.0	0.013766	5.2046730000000005	4.0	94.477598	2.527731	5.0	98.424031
4700.0	3.0	44.839621	3.14958	37.841357	68.369968	0.535219	0.402312	0.8507600000000001	0.817339	58.858532999999994	1.0	54.794063	26.818679	3.0	0.026001999999999997	4.4363529999999995	3.0	22.658123	4.84985	4.0	58.343564	65.065618	4.0	33.988298	7.351742	3.0	0.024716	4.395452	3.0	13.185091	4.9165410000000005	5.0	73.299868
4744.0	3.0	13.729826999999998	13.434628	14.020682999999998	14.687044	0.263047	0.6778569999999999	0.904645	0.208497	18.809198000000002	6.0	7.483553999999999	12.328842	6.0	0.010749	1.845694	4.0	67.927626	5.50402	2.0	29.750265999999996	26.859267	1.0	35.376439000000005	38.802357	4.0	0.019635	0.564516	6.0	65.665511	3.8190129999999995	6.0	27.306516
4912.0	3.0	75.307142	7.370992	34.44684	77.691282	0.531223	0.745354	0.925948	0.264716	32.024267	5.0	83.135979	14.410004	1.0	0.010126000000000001	0.956506	5.0	14.833022	1.496413	4.0	87.626226	30.427225	5.0	40.599737	34.561693	3.0	0.036789999999999996	4.252493	4.0	74.501459	0.577724	4.0	67.182652
4928.0	3.0	85.356629	2.692825	31.90966	96.60136	0.739243	0.228375	0.591707	0.37245700000000004	12.554283	4.0	27.165042	47.708024	3.0	0.010217	2.9516150000000003	1.0	46.917215	3.1224830000000003	6.0	25.556979000000002	61.983380000000004	6.0	88.474685	34.39627	1.0	0.017591	2.574591	4.0	11.478524	5.805734999999999	2.0	72.303828
5077.0	3.0	58.14000600000001	5.235908	16.783009	96.240037	0.832083	0.270351	0.364477	0.608721	7.411941000000001	6.0	34.249365000000004	32.076648999999996	2.0	0.034133	5.148744000000001	2.0	8.876698	3.488985	3.0	32.383846999999996	50.85269	4.0	21.492520000000003	75.368002	1.0	0.027006	2.0137169999999998	6.0	38.653776	0.789812	3.0	45.487806
5104.0	3.0	32.732634999999995	16.192562	61.757565	48.006439	0.9628040000000001	0.8854200000000001	0.862917	0.201493	64.565226	2.0	15.040453	9.197381	1.0	0.012098999999999999	0.369399	4.0	35.467909000000006	1.736475	4.0	47.964332	23.554864000000002	3.0	41.059138	71.712278	6.0	0.045021	5.709272	1.0	92.38801600000001	2.868277	2.0	72.465499
5115.0	3.0	60.781126	13.141687	20.96088	85.031609	0.175976	0.762624	0.37148200000000003	0.246108	18.117820000000002	5.0	23.231293	30.966884999999998	2.0	0.011511	2.332804	4.0	41.846833000000004	5.157624	4.0	25.673704	54.637163	2.0	43.094570000000004	57.506717	6.0	0.01237	5.3006519999999995	4.0	45.656151	2.217732	6.0	5.025199
5143.0	3.0	24.584993	6.827947999999999	55.891728	95.542019	0.7636539999999999	0.6638930000000001	0.552809	0.535821	67.37053399999999	1.0	69.255287	12.247803999999999	2.0	0.067859	2.104037	5.0	13.000974000000001	1.028217	1.0	21.164323	70.740412	5.0	86.559303	34.047058	5.0	0.018131	3.004096	6.0	29.977534999999996	0.39006599999999997	3.0	68.001706
5160.0	3.0	86.48535	9.437967	73.965769	42.118603	0.957257	0.515353	0.651275	0.392579	21.560643	5.0	74.367094	20.432755	1.0	0.019939	5.119389	3.0	58.69743100000001	2.737034	2.0	31.516129	69.589446	4.0	24.303884	37.092438	2.0	0.011736	1.974668	6.0	12.195222	5.25132	4.0	53.933262
5197.0	3.0	38.06425	8.536466	65.90464	38.999742	0.324825	0.723862	0.290153	0.9532139999999999	9.27975	6.0	45.596185999999996	9.968568	5.0	0.029224	5.825227	1.0	28.000844	6.140349	2.0	62.897535999999995	48.048066999999996	3.0	22.741426999999998	31.930809000000004	4.0	0.026871	2.26858	5.0	88.882931	4.4759139999999995	1.0	5.013051
5446.0	3.0	53.480371999999996	8.849115	12.953342	53.346906000000004	0.631893	0.751654	0.575178	0.226056	6.500604	5.0	31.426052000000002	69.79309	6.0	0.010948999999999999	3.7063379999999997	2.0	10.137971	5.1994370000000005	6.0	91.567094	39.070915	1.0	74.909901	65.100569	1.0	0.013221	2.898318	3.0	73.826989	1.220026	6.0	72.412537
5480.0	3.0	72.315688	3.3379809999999996	85.334135	69.901463	0.9406479999999999	0.877842	0.6792050000000001	0.697901	19.601306	1.0	52.735808999999996	39.783103000000004	1.0	0.026833999999999997	3.410365	6.0	72.565012	5.954551	6.0	80.114783	72.08365500000001	2.0	6.164011	17.338506	1.0	0.019407	2.404493	6.0	89.745118	4.064921	1.0	23.782173
5490.0	3.0	35.787418	13.2583	81.86270999999999	11.760574	0.5858979999999999	0.772134	0.662351	0.43140100000000003	21.567009	4.0	75.770402	12.456903	2.0	0.038794999999999996	2.100425	3.0	54.729705	4.52632	3.0	32.296336	12.010615	2.0	76.578648	68.121666	1.0	0.013911000000000001	3.524986	4.0	2.688314	5.038092	5.0	17.92302
5494.0	3.0	30.587988	4.023578	85.512118	99.10214	0.647721	0.366728	0.693712	0.179747	48.730588	1.0	81.58283399999999	30.239372999999997	6.0	0.024175	2.2058	5.0	52.467939	1.226577	6.0	32.958706	53.969188	3.0	85.500999	31.792261	3.0	0.013972	1.9629990000000002	6.0	17.013773	5.311332	3.0	44.8563
5505.0	3.0	60.260369999999995	41.111902	76.515411	10.523071	0.645174	0.974356	0.787297	0.568932	72.39370600000001	6.0	87.743655	54.247657999999994	1.0	0.050838	0.073773	6.0	44.803765999999996	6.199602	5.0	20.400603	45.879324	5.0	29.199272999999998	13.219095999999999	4.0	0.016362	1.192182	5.0	45.026721	2.520294	4.0	8.876274
5552.0	3.0	67.092393	1.974156	28.98234	82.20721999999999	0.995959	0.49386499999999994	0.823759	0.576221	17.369749	1.0	58.502781000000006	19.492863	4.0	0.017625	1.648023	4.0	34.174713	6.098435	4.0	46.698882	72.187236	2.0	63.626303	39.491755	4.0	0.013432	4.009332	6.0	32.574287	2.777732	3.0	20.799644
5556.0	3.0	30.783092	7.402777	86.401365	71.318848	0.785632	0.552431	0.774746	0.17723699999999998	10.128459	3.0	37.81689	23.866967000000002	6.0	0.071043	5.356814	2.0	65.27020300000001	0.149294	6.0	75.61168599999999	61.525355000000005	2.0	44.534209999999995	61.114689	5.0	0.018785	5.703171	5.0	25.620783	5.572093	2.0	67.209772
5570.0	3.0	53.218678000000004	2.042298	46.191743	78.256977	0.282505	0.581663	0.912998	0.717928	47.306094	4.0	35.991172999999996	60.049978	2.0	0.16680599999999998	2.644586	3.0	19.38749	0.823264	2.0	37.445559	61.403369999999995	5.0	13.108437	26.874084000000003	1.0	0.011694	5.59667	5.0	79.29010500000001	3.269566	6.0	44.347321
5589.0	3.0	29.227509	5.578314	18.322183	15.558232	0.246167	0.6829270000000001	0.994208	0.243815	58.40248199999999	1.0	64.758059	46.450198	6.0	0.014324000000000002	4.25873	5.0	22.807993	4.815064	4.0	96.84651099999999	37.034847	3.0	34.216738	59.59103199999999	1.0	0.010948000000000001	3.610335	5.0	36.995705	0.8598469999999999	2.0	69.15691600000001
5675.0	3.0	46.956416	3.200298	34.968098	71.198871	0.678661	0.5855130000000001	0.6389090000000001	0.800637	4.556426	4.0	24.081325	20.650412	5.0	0.01712	3.3789839999999995	2.0	76.83829	4.151294999999999	6.0	65.647322	30.605990000000002	2.0	81.9233	24.865952	3.0	0.117096	3.326796	2.0	54.079308999999995	0.181575	3.0	49.716688
5681.0	3.0	55.29795	6.299831	7.481197	79.185686	0.50666	0.617131	0.25998699999999997	0.8379030000000001	3.3317980000000005	5.0	41.889664	12.768725	6.0	0.012657999999999999	2.616766	2.0	22.622606	3.222322	2.0	58.507551	15.523375	1.0	24.321523000000003	73.25465200000001	5.0	0.7753680000000001	3.018769	3.0	74.591499	5.563208	2.0	14.244789
5693.0	3.0	9.121497999999999	13.511079999999998	62.87465400000001	14.66911	0.9648450000000001	0.8987280000000001	0.760616	0.533126	9.227198	6.0	91.985669	24.87124	3.0	0.018718000000000002	1.909159	3.0	88.738355	2.878707	1.0	4.884424	43.693107	1.0	84.32668699999999	34.183443	2.0	0.026079	3.4827220000000003	4.0	95.109512	1.4444860000000002	4.0	36.374244
5720.0	3.0	72.20268100000001	1.912064	31.362851000000003	64.789198	0.606141	0.787008	0.265875	0.9067790000000001	43.877817	6.0	87.913539	8.823887	6.0	0.010764	0.445267	6.0	20.761753	0.924464	1.0	66.487248	40.379802000000005	3.0	93.006522	2.903944	3.0	0.010442	5.352665	4.0	47.30365	1.382254	1.0	35.445149
5865.0	3.0	72.24005600000001	5.183326999999999	26.767201	45.042825	0.45886400000000005	0.369626	0.632463	0.922673	24.642287	5.0	43.587064	18.246135	3.0	0.070476	1.079076	3.0	43.249414	0.577285	1.0	18.940817000000003	29.008166999999997	6.0	54.74153199999999	65.803966	6.0	0.014591999999999999	2.978225	4.0	5.969787	0.341492	5.0	54.47837
5935.0	3.0	40.27217	9.530548	47.069508	41.295818	0.20843299999999998	0.699641	0.8247129999999999	0.7046100000000001	43.421151	2.0	77.245939	6.301435	4.0	0.031647	4.4904779999999995	3.0	7.74874	2.1910529999999997	1.0	30.412415999999997	31.946577	1.0	10.591315	45.888245	6.0	0.8730559999999999	2.402638	3.0	76.266612	3.738265	2.0	86.8257
6166.0	3.0	70.297455	4.641204	85.532107	16.362638	0.267499	0.8277329999999999	0.11161300000000002	0.22795300000000002	18.780952	1.0	87.760715	31.169169	5.0	0.017943999999999998	2.445435	4.0	39.989153	4.4024	2.0	67.03170300000001	42.731698	2.0	54.963612	72.20841999999999	5.0	0.023406	5.170147	4.0	22.989776000000003	3.351307	6.0	80.488285
6220.0	3.0	32.991226	7.985396000000001	77.00353299999999	55.48523	0.193998	0.709801	0.729707	0.549894	27.15225	1.0	33.039566	29.504903000000002	4.0	0.021943	1.237308	5.0	87.283168	2.0875310000000002	4.0	64.12437299999999	73.4413	1.0	44.014742	41.035509999999995	5.0	0.014681999999999999	5.062175	2.0	68.352873	4.3007800000000005	3.0	78.67636800000001
6274.0	3.0	71.017072	12.202486	22.581954	62.140162	0.7673909999999999	0.738963	0.7483270000000001	0.18036	43.637217	2.0	23.531119	29.624081	3.0	0.018703	5.633061	6.0	55.953931000000004	1.208869	3.0	7.851468	34.56443	4.0	1.265436	71.239106	1.0	0.020073	4.678123	6.0	73.69332	5.415181	2.0	16.541002
6374.0	3.0	68.58385600000001	7.849882000000001	83.683448	36.243398	0.949066	0.6798529999999999	0.621027	0.26045100000000004	33.048027000000005	1.0	81.613188	23.037032999999997	1.0	0.013377000000000002	2.420952	6.0	16.4683	1.120826	3.0	51.652105	27.19768	5.0	72.70886899999999	21.62078	3.0	0.06808600000000001	3.6899629999999997	5.0	43.344246999999996	4.220843	5.0	99.05860899999999
6430.0	3.0	80.892978	6.079343	83.505573	47.170558	0.254067	0.688716	0.325279	0.277127	76.74538000000001	5.0	34.6761	8.352003	6.0	0.026044	2.999171	5.0	16.156774	1.49452	5.0	70.968133	66.918371	4.0	29.485791	22.527029000000002	5.0	0.037291000000000005	3.9885089999999996	4.0	88.882257	2.708727	3.0	52.170937
6434.0	3.0	8.091983	2.569147	5.731892	87.814415	0.217795	0.21489899999999998	0.607403	0.642465	22.76826	1.0	42.313192	26.336368	1.0	0.025911	3.694571	5.0	69.85685	5.999562	2.0	43.16238	72.435167	5.0	16.000492	28.876919	5.0	0.012211	3.436431	5.0	60.004913	0.43222700000000003	2.0	70.076613
6511.0	3.0	73.397374	12.636035000000001	28.888707	17.587125	0.33528800000000003	0.7543850000000001	0.9407780000000001	0.338442	11.284917	2.0	76.06389200000001	71.735425	1.0	0.01431	0.381494	4.0	35.453137	4.3817260000000005	3.0	79.68305699999999	62.72998199999999	1.0	87.027956	12.741931	5.0	0.013084	4.127132	3.0	65.695973	2.388012	1.0	58.76430500000001
6537.0	3.0	17.669317000000003	17.548044	78.830489	57.850138	0.606062	0.8956370000000001	0.625119	0.613404	17.496279	4.0	19.66113	64.488617	1.0	0.012348999999999999	0.844972	5.0	10.376986	5.457053	1.0	11.480571000000001	56.250836	5.0	5.654146	9.608477	2.0	0.012551	2.386386	6.0	67.945566	4.130912	6.0	87.98335300000001
6550.0	3.0	68.975267	9.425618	23.327834	78.58755500000001	0.950738	0.8231879999999999	0.8795209999999999	0.6161939999999999	67.800214	1.0	93.091309	72.693345	6.0	0.266148	3.493703	2.0	19.720609	4.685592	3.0	26.169781	59.25759	6.0	99.04828	45.45687	3.0	0.023097	2.250355	1.0	74.496062	1.121674	4.0	69.22654
6670.0	3.0	61.897606999999994	15.747824	70.8712	89.695561	0.580125	0.9903420000000001	0.991289	0.275465	65.762283	1.0	8.408895	53.361375	3.0	0.092721	4.867497	5.0	42.555203000000006	0.286599	5.0	44.346748999999996	37.228705	3.0	74.770471	3.7407160000000004	5.0	0.010311	2.476604	3.0	58.219878	2.949694	4.0	38.229708
6737.0	3.0	31.157984000000003	15.488817000000001	59.17061999999999	90.845546	0.982678	0.756372	0.43979300000000005	0.462269	23.576045	2.0	54.227315000000004	27.683559999999996	6.0	0.011822	2.5383869999999997	6.0	81.499287	1.180911	1.0	91.721535	62.762842000000006	5.0	71.223445	36.531201	2.0	0.054908000000000005	0.5846979999999999	6.0	53.8995	3.6874	1.0	68.727886
6866.0	3.0	81.570338	2.388619	20.525512	96.73028599999999	0.7935810000000001	0.377183	0.564228	0.6706340000000001	18.614495	2.0	14.822192999999999	54.070166	4.0	0.010870999999999999	1.782507	2.0	68.767815	4.860532	3.0	65.864441	38.641861999999996	2.0	47.816707	3.016747	4.0	0.049224000000000004	0.343343	4.0	44.439879	5.594926	2.0	63.429087
7070.0	3.0	98.621145	2.2490509999999997	7.840362	45.770782000000004	0.660716	0.270005	0.785327	0.23549699999999998	12.773368	4.0	43.026651	59.856692	5.0	0.050066	2.166424	5.0	61.60560400000001	3.724535	5.0	51.290679	15.910444	1.0	87.077186	60.866055	4.0	0.011222	0.896497	5.0	41.940728	2.3992009999999997	2.0	41.609811
7158.0	3.0	2.843698	98.411745	55.886171	62.022895	0.436855	0.477875	0.85516	0.37794	31.662983	2.0	82.001164	3.5098510000000003	3.0	0.022825	3.4203080000000003	2.0	83.54486	1.043072	4.0	75.325641	72.24189	6.0	92.20570699999999	18.011027	5.0	0.256938	0.213815	2.0	81.689251	3.627093	3.0	58.316869
7241.0	3.0	96.067952	9.945321	33.669041	82.623149	0.14821099999999998	0.8473569999999999	0.762443	0.679176	77.689977	1.0	92.269164	1.696275	2.0	0.010014	3.6491260000000003	4.0	87.18326	3.507048	2.0	25.241964000000003	24.222476999999998	3.0	87.454972	6.755544	1.0	0.011504	0.68207	3.0	64.776767	0.606047	1.0	63.549652
7304.0	3.0	93.834843	2.029258	31.760634000000003	97.693242	0.693763	0.948132	0.429845	0.24469499999999997	29.651054	6.0	67.979872	21.958138	1.0	0.025925	4.91795	6.0	41.494353000000004	1.6889830000000001	6.0	18.70116	70.524855	3.0	87.005176	1.464234	1.0	0.011484000000000001	3.824736	5.0	73.209333	0.15113800000000002	4.0	72.44613199999999
7367.0	3.0	59.084984	4.487161	64.489855	46.078203	0.92595	0.337863	0.547115	0.954883	14.524301000000001	3.0	25.078823	37.998134	3.0	0.024156	5.94684	2.0	14.320322	3.070281	4.0	32.509467	68.004273	6.0	21.670332000000002	15.129819	6.0	0.011115	2.839976	6.0	83.99161600000001	2.735388	4.0	70.361176
7525.0	3.0	56.329755000000006	22.818159	14.788735	39.94522	0.857966	0.9151299999999999	0.697854	0.5364720000000001	62.954717	4.0	67.68996	55.193117	6.0	0.014757	3.389125	3.0	21.334517	5.1159669999999995	5.0	22.192038	11.019238	6.0	21.958955	5.366043	2.0	0.013134999999999999	3.3949190000000002	4.0	34.053771000000005	0.10696300000000002	5.0	56.293665000000004
7701.0	3.0	19.885791	5.8217419999999995	40.980979	70.07859499999999	0.652763	0.252206	0.920646	0.27007	77.058989	3.0	35.245438	56.223895	5.0	0.023043	4.869916	3.0	76.984616	3.547175	2.0	36.95327	44.046463	4.0	99.79903399999999	64.232862	6.0	0.098572	5.4824269999999995	6.0	30.129145	3.158548	1.0	33.982009000000005
7855.0	3.0	95.232534	2.807824	72.58918	67.118256	0.623214	0.9234709999999999	0.667587	0.895228	55.150635	1.0	66.439776	73.225432	4.0	0.010294	5.796907	5.0	68.891724	0.089134	3.0	46.806521000000004	43.005749	3.0	32.044470000000004	16.496221	5.0	0.0219	3.956993	4.0	47.224563	5.572479	1.0	31.644008000000003
7858.0	3.0	81.15607800000001	7.14393	23.798969	44.589496999999994	0.8097810000000001	0.49655699999999997	0.998985	0.518494	22.380668	6.0	55.41755500000001	39.403196	3.0	0.013047999999999999	0.9781129999999999	4.0	11.917117	0.906177	6.0	36.152521	12.025628	6.0	83.90643299999999	14.308492000000001	6.0	0.012183	5.7357569999999996	1.0	40.057527	2.574255	2.0	78.594324
8114.0	3.0	57.563520999999994	4.218178	36.749842	24.834167	0.838586	0.314768	0.8661260000000001	0.541952	67.39639	2.0	37.296677	59.823623	2.0	0.030893	0.934485	5.0	44.062951	5.158555000000001	4.0	16.110713	60.494508999999994	1.0	67.663921	62.805002	6.0	0.12473599999999999	1.5353430000000001	1.0	58.304343	1.6516529999999998	3.0	43.456051
8121.0	3.0	43.955559	15.444506	11.106699	93.621666	0.530701	0.82714	0.435407	0.98406	45.999311	2.0	67.923028	24.171782	2.0	0.013441	1.0688469999999999	3.0	52.057607	0.902539	2.0	77.669078	50.17988	3.0	50.748661	50.472681	3.0	0.01139	0.489447	2.0	57.493582999999994	1.748547	3.0	69.69303000000001
8127.0	3.0	28.183391999999998	8.031962	22.554203	91.86797800000001	0.799164	0.378259	0.13300599999999999	0.572228	27.510554	2.0	22.491204	37.51785	1.0	0.040217	0.352662	4.0	24.078867000000002	3.028899	1.0	76.87777	55.58894	2.0	51.93065	4.476935	1.0	0.010687	1.739642	4.0	94.703785	2.8205720000000003	6.0	34.157128
8246.0	3.0	24.053473999999998	14.074064000000002	50.276705	58.574436999999996	0.292702	0.44793599999999995	0.9457209999999999	0.456876	59.468689000000005	5.0	13.043747999999999	58.905409	5.0	0.011037	3.617557	6.0	33.204669	5.913192	2.0	28.045598	33.929936	6.0	84.14054	42.124805	4.0	0.012387	1.7924470000000001	5.0	9.597263	5.260622	1.0	99.257122
8278.0	3.0	55.976085999999995	5.880506	13.469323000000001	80.129349	0.912441	0.8940899999999999	0.152923	0.7689739999999999	13.092056	3.0	44.117835	73.052828	1.0	0.02665	1.436841	6.0	83.026815	1.9245860000000001	4.0	41.381128000000004	43.076615999999994	2.0	80.103103	42.758152	5.0	0.010277	3.4670629999999996	4.0	57.387174	3.678035	2.0	72.173472
8500.0	3.0	25.309333	4.348882	37.718437	42.313241999999995	0.561929	0.374868	0.530471	0.12942	26.052668	1.0	93.766903	69.140698	6.0	0.011693	1.559352	5.0	40.327193	4.673221	2.0	33.184422999999995	14.471476999999998	3.0	72.992485	22.063835	6.0	0.143593	1.596912	6.0	63.508456	4.814118	3.0	64.141441
8518.0	3.0	63.99798199999999	7.773163	42.397374	74.84743399999999	0.9521850000000001	0.7781640000000001	0.23632899999999998	0.466683	66.09259200000001	1.0	51.553565	68.147801	1.0	0.051099	5.016947	6.0	89.840091	1.523397	5.0	96.20199699999999	38.335884	5.0	73.123768	29.358464	1.0	0.012046	4.145118	5.0	24.340364	3.9963339999999996	6.0	82.60141
8543.0	3.0	76.425579	3.5025769999999996	77.703513	44.937344	0.9546610000000001	0.991667	0.204288	0.735153	54.420609999999996	6.0	7.575303	10.701194000000001	2.0	0.026841000000000004	2.700355	5.0	66.021221	3.6634510000000002	5.0	11.271552	62.743739	6.0	51.868373	33.601762	4.0	0.1474	4.888443	4.0	91.559523	0.146643	4.0	67.68430699999999
8547.0	3.0	99.842659	6.258357	14.792748999999999	92.232671	0.719223	0.706597	0.357822	0.66759	54.752880000000005	1.0	24.519576999999998	67.30680600000001	6.0	0.024808	2.048962	5.0	99.880707	0.5941569999999999	6.0	38.163552	32.89882	2.0	69.40344300000001	27.919957	6.0	0.01193	1.574057	6.0	30.989669	0.106216	5.0	72.394931
8669.0	3.0	27.856973999999997	1.378275	24.620143	74.40014000000001	0.537929	0.762171	0.32858000000000004	0.8710629999999999	26.337325	2.0	6.002354	38.416419	3.0	0.058007	1.1633120000000001	4.0	46.987699	3.560169	3.0	78.269198	40.070675	5.0	49.320707	23.586185	3.0	0.049797	4.4605690000000005	4.0	36.93196	5.131627	4.0	15.762156
8717.0	3.0	97.331869	5.733548000000001	80.254616	47.885409	0.732317	0.8447680000000001	0.5386	0.832865	41.872132	1.0	48.911037	44.263203999999995	1.0	0.079961	4.697039	2.0	42.893640999999995	4.016908	4.0	68.776187	60.788249	4.0	83.85985699999999	7.575805	2.0	0.010284	5.017357	6.0	9.868094000000001	0.634667	3.0	92.245871
8727.0	3.0	9.062249000000001	2.7160919999999997	27.385371000000003	26.558339	0.650393	0.180773	0.716238	0.875027	5.854451999999999	4.0	28.10551	13.283152	3.0	0.018373	3.688252	4.0	23.286255	0.733785	2.0	19.373032000000002	29.145119	6.0	57.721483	5.954753	4.0	0.010737	5.301541	2.0	68.245078	0.871361	2.0	77.958117
9045.0	3.0	30.243596999999998	4.4421349999999995	25.67225	50.306476	0.48961099999999996	0.349308	0.8264319999999999	0.33360300000000004	17.572675	5.0	27.213472999999997	32.061524	2.0	0.012522	0.47203900000000004	4.0	70.80375699999999	0.567557	2.0	61.876847999999995	34.991038	1.0	39.065265000000004	56.327895999999996	1.0	0.227793	2.468745	2.0	42.599066	1.041841	2.0	60.10273299999999
9169.0	3.0	48.62972	2.906654	57.624475	39.291340000000005	0.5758439999999999	0.20416199999999998	0.565851	0.856992	64.288823	6.0	29.656976	9.171688	4.0	0.28409	0.48499	3.0	40.684402	0.7659189999999999	1.0	85.196275	15.747245999999999	4.0	97.674374	38.799044	6.0	0.010865999999999999	4.973162	6.0	40.116837	0.8656729999999999	6.0	94.439011
9183.0	3.0	66.807307	9.953605	73.38996999999999	43.146784000000004	0.719301	0.807437	0.9806219999999999	0.854801	25.369684	1.0	28.880290999999996	22.584343	3.0	0.025907	1.046166	3.0	73.516351	2.0102290000000003	3.0	90.374876	18.37741	6.0	37.406883	63.374192	3.0	0.023146	0.6787380000000001	5.0	45.251624	2.71882	5.0	4.512773
9351.0	3.0	85.715374	6.133812	10.593098	97.954982	0.165299	0.813371	0.20385599999999998	0.947105	60.13796899999999	2.0	89.00516800000001	43.380588	5.0	0.015156000000000001	3.615762	5.0	99.576621	5.865744	4.0	49.788647999999995	68.62684200000001	4.0	86.28835600000001	47.673389	6.0	0.04162	0.8699469999999999	6.0	20.804929	4.328874	4.0	33.049467
9404.0	3.0	80.546368	2.982854	73.31545200000001	43.386815000000006	0.9408	0.642442	0.994182	0.252888	3.1382849999999998	1.0	80.48657800000001	2.72471	6.0	0.027027	4.5802830000000005	6.0	11.134986999999999	1.495118	5.0	55.827459999999995	64.002809	4.0	61.039213000000004	74.820353	6.0	0.1053	5.316816	4.0	46.4968	3.6447830000000003	3.0	72.376103
9498.0	3.0	58.246287	9.182767	82.452744	10.292658	0.8496370000000001	0.76969	0.575055	0.468135	14.195619	3.0	28.305815000000003	31.006040999999996	6.0	0.013853	1.21638	1.0	18.712485	5.473733	3.0	75.23515400000001	60.921227	6.0	26.311621999999996	19.837607000000002	5.0	0.023604	2.794693	2.0	18.173879	0.729073	1.0	46.847722999999995
9507.0	3.0	61.45425899999999	2.8150020000000002	63.450182999999996	76.767145	0.70077	0.290003	0.698292	0.676714	3.302565	3.0	31.080075	24.713318	5.0	0.0291	3.8980059999999996	3.0	93.376971	4.8026290000000005	1.0	32.11014	39.821436	6.0	99.914295	64.254231	4.0	0.6009899999999999	0.938299	4.0	13.680201	3.085588	1.0	12.582724
9573.0	3.0	17.986944	15.854323999999998	56.896129	52.314896000000005	0.23329899999999998	0.990516	0.577236	0.969541	45.031038	2.0	57.27928299999999	34.901271	5.0	0.014608000000000001	3.9863	4.0	88.77929	3.013754	4.0	96.036128	61.237686	4.0	24.643576	61.45995500000001	5.0	0.023316999999999997	5.32627	6.0	67.382885	4.018868	1.0	78.886542
9659.0	3.0	89.973871	15.821786	40.276140999999996	92.684258	0.9173979999999999	0.852914	0.140879	0.730658	3.134319	2.0	47.422562	57.037769	3.0	0.012498	6.196461	5.0	84.186537	2.851886	1.0	55.760206999999994	13.69045	3.0	86.117482	8.745151	6.0	0.026849	0.47256099999999995	6.0	55.35085600000001	4.724371	2.0	64.27033
9865.0	3.0	54.270914000000005	16.709931	29.714297	21.296826	0.32472199999999996	0.9741770000000001	0.9529270000000001	0.670122	3.166372	5.0	78.754345	47.021011	5.0	0.010153	5.392155000000001	3.0	23.599421	5.004254	3.0	11.836771	24.743568	4.0	12.804909	7.986253	2.0	0.044768	5.12975	5.0	11.935350999999999	4.05339	6.0	47.161483000000004
9890.0	3.0	86.232465	3.1450169999999997	16.226121	66.338245	0.44971300000000003	0.5513020000000001	0.5130859999999999	0.7830729999999999	68.580875	3.0	20.942379000000003	5.766774	5.0	0.19339	1.6321459999999999	4.0	30.14858	4.53817	2.0	22.211413	19.855874	6.0	78.56469799999999	16.206004	6.0	0.012486	2.957958	5.0	23.050033	1.261837	1.0	82.136564
9935.0	3.0	79.861735	5.931831	37.349716	79.888313	0.8886219999999999	0.883975	0.834777	0.9003059999999999	7.546246000000001	3.0	14.388739999999999	41.642514	6.0	0.064587	2.595382	6.0	42.416533	5.546214	1.0	14.463787	60.373598	4.0	5.984776	5.915716000000001	3.0	0.013305	0.9103450000000001	5.0	45.019622999999996	4.107254	5.0	17.483806
9978.0	3.0	64.49409	4.170033999999999	83.655427	39.891477	0.596666	0.268757	0.689286	0.205643	25.084916	1.0	28.560143	56.911587	2.0	0.010576	4.635307	3.0	39.20644	3.234756	1.0	34.003443	9.83517	3.0	60.00931	56.978937	1.0	0.010554000000000001	4.326498	5.0	62.327293000000004	2.865939	6.0	70.23659
