53.0	1.0	95.441405	5.877807	27.291271999999996	3.0463009999999997	0.972377	0.668572	0.8935549999999999	0.617059	20.948216	5.0	36.800818	19.126288	3.0	69.49829	3.758554	5.0	40.231522	14.802997	4.0	42.394189000000004	1.475111	4.0	66.719719	0.737609	1.0	0.012053	5.1318790000000005	6.0	85.152979	0.608945	2.0	53.838347999999996	19.892366	6.0	37.776464000000004
133.0	1.0	17.643428	91.843455	1.298778	73.552658	0.7223890000000001	0.865577	0.9000879999999999	0.89617	18.408828	6.0	19.107934	15.656241	2.0	28.891526000000002	20.504765	6.0	61.937385	22.287803	2.0	42.571164	19.352249	1.0	15.248102	3.055517	6.0	0.021442	4.730718	3.0	67.901276	4.598172	2.0	70.248338	14.64374	3.0	53.7616
267.0	1.0	85.00809	12.19012	57.92490600000001	1.501025	0.433832	0.9431069999999999	0.432584	0.440957	2.932861	5.0	98.00589699999999	10.749892	4.0	72.47851800000001	14.388843	3.0	61.146266000000004	22.595579	6.0	94.722291	13.115379999999998	6.0	54.53303100000001	22.846255	3.0	0.046308999999999996	3.591767	2.0	11.417674	3.9209300000000002	5.0	37.678306	9.441772	4.0	80.96651899999999
291.0	1.0	50.447038	38.498529	22.794784	8.360992999999999	0.895418	0.556601	0.8756450000000001	0.692647	22.725957	5.0	18.027122	13.5693	2.0	56.755078000000005	22.01151	1.0	85.20885600000001	18.862119	2.0	49.295909	1.38344	4.0	55.034639	11.3618	1.0	0.010884	1.742114	4.0	31.383290999999996	3.69625	3.0	95.663446	6.609558	2.0	71.256949
341.0	1.0	56.577633999999996	7.184081	4.645264	5.979125	0.828048	0.990669	0.493432	0.5472670000000001	18.652867999999998	1.0	94.04954000000001	1.672983	2.0	73.144396	9.935832000000001	4.0	74.496619	22.168814	2.0	52.080612	23.046833	2.0	95.508314	19.849107	3.0	0.012102	1.720027	3.0	10.876543	3.790092	5.0	59.91061800000001	11.723775	6.0	84.19080500000001
372.0	1.0	7.946287	32.238227	98.48781600000001	3.826364	0.490073	0.892639	0.491342	0.446201	0.323438	6.0	49.360408	18.481643	5.0	21.803304	9.374419	6.0	37.437883	5.316457	2.0	10.611772	5.702493	2.0	83.316913	3.6579650000000004	5.0	0.011188	3.8659269999999997	5.0	72.425552	1.035988	6.0	19.921414000000002	17.266212	5.0	24.702932
386.0	1.0	11.723085000000001	36.817105	73.757641	2.9881860000000002	0.6843859999999999	0.504102	0.848533	0.6223310000000001	24.057928	2.0	46.677589000000005	2.155628	2.0	5.027538	22.308646	2.0	42.109315	18.705553	4.0	71.795975	3.838457	2.0	39.422915	17.679481	5.0	0.028562	3.029276	4.0	16.517666000000002	0.970195	3.0	99.753685	15.763538	3.0	61.04600799999999
394.0	1.0	66.46524000000001	17.641884	92.006963	11.901710000000001	0.574253	0.94006	0.52898	0.9991549999999999	8.342478	3.0	41.962882	4.718694999999999	3.0	51.075441	20.69745	3.0	91.075696	20.665877	2.0	31.296798	15.763329	3.0	54.991149	1.639034	2.0	0.39044	3.007562	5.0	10.590069	2.390095	6.0	45.285472999999996	17.024031	4.0	55.266284999999996
462.0	1.0	7.794844	1.666753	1.8301	32.392002000000005	0.6579079999999999	0.691723	0.440984	0.458779	7.184444	5.0	43.547579	4.175079	3.0	36.288646	17.034703	6.0	68.830423	16.725169	2.0	6.801433	9.4563	1.0	41.410119	3.5273839999999996	1.0	0.013269	4.650612000000001	3.0	51.318296000000004	1.044677	1.0	7.909966000000001	19.20711	6.0	90.190715
512.0	1.0	5.752889	82.36954	90.559262	5.670325	0.572227	0.7742600000000001	0.935693	0.9120149999999999	16.939836	1.0	78.33254699999999	9.974908000000001	5.0	7.642622	1.56541	6.0	50.693395	4.508837000000001	2.0	71.144283	10.719841	5.0	38.458729999999996	3.086564	4.0	0.010522	5.546893	3.0	12.838368	5.349241	6.0	17.776088	10.753368	6.0	84.824076
593.0	1.0	12.497602	12.160025	1.6890509999999999	44.270827000000004	0.30929	0.587997	0.514518	0.230508	16.024010999999998	3.0	79.500528	22.146473999999998	2.0	12.212964999999999	11.508341	2.0	39.688571	8.503022999999999	1.0	97.449409	13.919518	6.0	80.073327	23.390025	1.0	0.013881999999999999	5.1741980000000005	1.0	66.949101	0.486367	4.0	13.758779999999998	8.549501	3.0	29.331558
595.0	1.0	91.616741	20.138243	40.449719	7.687226	0.752606	0.9761479999999999	0.9043479999999999	0.915759	15.933842000000002	4.0	91.180036	6.810548	2.0	81.384591	12.022735	5.0	25.172003	24.207705999999998	1.0	90.73826	12.510502	1.0	88.989868	21.995304	4.0	0.023518999999999998	1.040178	3.0	74.650801	3.4233830000000003	1.0	14.548482	12.27158	5.0	50.654612
626.0	1.0	2.367648	34.271592	13.066637	3.771275	0.574765	0.45505	0.325627	0.401305	14.861170999999999	1.0	56.135481000000006	1.534649	1.0	27.324447999999997	22.409856	6.0	68.121884	6.028827	3.0	1.684494	24.178938	2.0	10.386194	10.320321	2.0	0.033279	3.7657230000000004	1.0	91.604661	5.197735	4.0	61.980923	11.440363	5.0	56.746352
671.0	1.0	66.70463000000001	4.60546	51.382426	6.406953	0.999547	0.250573	0.30889099999999997	0.456675	21.771774	5.0	74.99644	0.795022	1.0	1.439323	14.105323	2.0	5.627726999999999	14.369063	6.0	54.802308999999994	6.980855	6.0	99.114387	7.774308	2.0	0.038422000000000005	2.885395	5.0	99.231116	0.289008	6.0	3.188201	10.329314	4.0	85.592626
673.0	1.0	86.582303	1.007474	44.178866	8.217821	0.339597	0.960939	0.32922199999999996	0.764749	14.643075	5.0	38.291146999999995	21.307713	6.0	64.182572	2.578479	1.0	65.788706	23.64995	5.0	39.292515	20.085804	3.0	67.482623	8.649156	6.0	0.017536000000000003	5.3488809999999996	5.0	82.653808	1.37315	6.0	27.176643	7.481552000000001	6.0	52.18858
677.0	1.0	33.388714	18.102151	1.7631169999999998	7.264506	0.44089799999999996	0.9459559999999999	0.686473	0.371502	7.150510000000001	3.0	40.389421999999996	21.911433	2.0	4.6752400000000005	7.856764999999999	2.0	26.43269	11.607417	1.0	73.474626	16.818015	2.0	46.831486	18.335910000000002	1.0	0.037458	0.15382	4.0	15.759178	0.890907	5.0	98.52424	14.633528	4.0	48.430446
970.0	1.0	1.1471209999999998	99.105416	90.779218	7.564106	0.978218	0.574221	0.379815	0.87541	21.736968	6.0	14.563479000000001	0.320967	2.0	8.889491	20.733178	4.0	81.469269	8.770280999999999	3.0	75.537976	3.6546790000000002	5.0	80.611027	21.331798000000003	2.0	0.03119	5.851328	1.0	37.139856	3.047201	5.0	14.230312	23.680667	2.0	70.124946
1085.0	1.0	6.569014	5.773668	1.746218	55.989072	0.48402	0.255644	0.566214	0.822355	11.988095	3.0	55.904949	14.996606	4.0	43.940937	22.177514000000002	6.0	74.329552	11.740985	1.0	67.26446	1.4551610000000001	3.0	3.867051	5.173107	6.0	0.013218	4.730572	3.0	89.86692	2.672154	2.0	48.585333	20.855127	4.0	33.716114000000005
1127.0	1.0	9.083019	42.956998	98.251657	19.944004	0.748965	0.965102	0.568142	0.9363520000000001	9.085714999999999	4.0	62.050417	11.170684	6.0	7.84819	4.55484	2.0	24.293598	12.007438	4.0	73.933687	2.398417	5.0	93.158951	7.374733999999999	2.0	0.013331	4.252242	5.0	10.616626	2.8675509999999997	4.0	89.079941	22.690332	2.0	79.129017
1179.0	1.0	87.656182	5.532815	11.365401	17.391206	0.70214	0.531149	0.862818	0.36487800000000004	16.490964	3.0	6.400229	18.036524	3.0	55.147968000000006	4.468718	2.0	65.891586	24.164304	6.0	95.759212	23.616085	2.0	84.720668	7.5594	3.0	0.034361	5.946332	1.0	94.263397	4.638256	6.0	84.97990300000001	21.588681	3.0	76.88592
1181.0	1.0	8.390088	45.276555	20.246419	4.681773000000001	0.521061	0.562034	0.272753	0.8212299999999999	11.411514	3.0	52.886617	3.526158	3.0	21.343111999999998	19.546055	4.0	16.919979	13.506294	5.0	72.631364	23.901442000000003	6.0	52.200982	8.623028	4.0	0.014403000000000001	1.334071	1.0	67.055257	2.3921639999999997	5.0	82.252835	1.289959	2.0	29.504669
1218.0	1.0	11.436908	3.6726080000000003	91.462631	8.378508	0.6207630000000001	0.5216649999999999	0.861584	0.7542399999999999	9.400214	2.0	44.882740000000005	18.746349	5.0	74.95099499999999	16.360638	3.0	93.231258	2.5156	5.0	37.279066	20.510348	4.0	85.87789599999999	20.066449	3.0	0.011039	3.9025730000000003	2.0	16.498267000000002	4.780879	4.0	21.222925	8.818612	6.0	86.045378
1292.0	1.0	43.153643	11.994938000000001	33.336927	18.451971	0.77089	0.898432	0.9743229999999999	0.8539959999999999	10.807360000000001	3.0	97.586407	11.826694	1.0	45.84868	14.912876999999998	2.0	41.344651	1.405825	3.0	16.166807000000002	24.806993	4.0	8.216458	21.843657999999998	6.0	0.02121	2.820815	3.0	67.879464	0.662047	4.0	67.55882199999999	18.098124	1.0	64.401247
1395.0	1.0	4.955058999999999	13.911285000000001	33.765176000000004	26.997715000000003	0.975899	0.594119	0.44694399999999995	0.7388899999999999	9.987846000000001	2.0	78.733467	17.692370999999998	1.0	61.00559200000001	2.151281	4.0	28.700184000000004	1.4844709999999999	2.0	65.69923	7.714894	5.0	30.810202	23.750526	1.0	0.010659	5.84267	6.0	47.260296000000004	3.807926	1.0	14.4888	21.847976	5.0	78.812576
1399.0	1.0	45.602266	12.994605	1.170748	64.465935	0.147145	0.892077	0.140034	0.117691	3.8590430000000002	4.0	77.8686	7.106628999999999	1.0	36.164355	1.282938	4.0	8.960458000000001	24.246363	1.0	47.98638	21.815217999999998	5.0	10.862979	0.352549	4.0	0.011104000000000001	4.826347	4.0	81.70857	4.110329	4.0	63.059338000000004	10.715376	4.0	50.3336
1404.0	1.0	45.633756	1.737265	1.345225	78.18150899999999	0.23488499999999998	0.8548889999999999	0.885316	0.39084800000000003	17.192703	3.0	45.311108000000004	13.076497999999999	6.0	14.19685	9.135850999999999	3.0	60.374491000000006	19.450924	2.0	61.431275	7.258306	6.0	8.422103	14.973624	4.0	0.024371	1.3400729999999998	4.0	30.290731	1.396121	5.0	49.694885	5.540019999999999	6.0	49.569072999999996
1498.0	1.0	17.565711	7.622203	28.734409000000003	6.287086	0.365573	0.725384	0.91837	0.522618	8.623741	5.0	24.212914	5.241366999999999	3.0	29.199747	15.184639	4.0	77.361086	15.454142000000001	3.0	30.34569	0.598224	5.0	38.190265000000004	18.161772	3.0	0.023880000000000002	0.752026	3.0	87.26482299999999	1.727632	1.0	26.600998999999998	15.691359	4.0	67.842224
1505.0	1.0	16.284653	44.777933000000004	60.161049	8.705430999999999	0.8042159999999999	0.671787	0.777733	0.68285	21.428472	3.0	20.165868	12.836457000000001	4.0	54.034493999999995	16.064823	4.0	62.467110999999996	11.271897000000001	1.0	22.303182999999997	8.801058	6.0	18.507386	11.567611	1.0	0.015388999999999998	4.684101999999999	6.0	68.970493	2.259101	6.0	27.909924	21.880829000000002	2.0	65.141225
1535.0	1.0	95.85671500000001	21.90677	1.280011	5.64487	0.531734	0.802532	0.767725	0.148547	14.144107	4.0	66.261338	12.145595	3.0	29.559404999999998	21.014547	5.0	78.515691	17.906431	6.0	31.005485999999998	1.8078830000000001	3.0	93.040456	20.218299	1.0	0.01043	1.057666	1.0	67.56769	3.096823	6.0	77.03693	5.007897	3.0	18.570307
1572.0	1.0	24.525188	73.362209	24.025323999999998	21.397821	0.852299	0.439504	0.381281	0.871091	16.468532999999997	3.0	86.74155	16.228610999999997	3.0	45.564440000000005	2.778828	5.0	10.440288	21.195652	4.0	63.096621	17.788657999999998	4.0	87.631846	18.120166	1.0	0.015475999999999998	5.545656	2.0	18.751023999999997	5.660556	5.0	34.061484	16.449466	2.0	8.322295
1574.0	1.0	6.670501	88.745266	12.030529	7.1262300000000005	0.49228500000000003	0.225252	0.6630199999999999	0.241277	6.525978	6.0	54.112618000000005	13.281270999999998	3.0	32.826657	14.446335999999999	6.0	97.97228	17.342126	4.0	24.658102	9.319726	4.0	65.439286	3.7463559999999996	2.0	0.03603	3.7057949999999997	4.0	92.072725	2.360518	5.0	98.967555	19.277542	2.0	30.236638
1633.0	1.0	28.617607	3.171953	2.418454	33.125095	0.441454	0.596605	0.655404	0.691134	15.980676999999998	4.0	93.361671	4.936679	1.0	28.675924	16.886831	4.0	89.6835	7.35808	4.0	4.505642	24.575782999999998	3.0	68.38754499999999	12.090282	5.0	0.087677	4.381653	1.0	52.459929	4.4812	1.0	65.907457	15.488759	3.0	93.753036
1676.0	1.0	29.658153999999996	13.376446	16.58204	4.674932	0.356722	0.992956	0.933343	0.819836	19.51814	4.0	85.951359	12.261511	5.0	32.978602	17.869498	1.0	57.075131999999996	3.360193	1.0	85.157737	7.0959270000000005	5.0	80.501749	15.567163	2.0	0.030007	0.108521	1.0	48.966175	5.899266000000001	6.0	44.327649	12.206918	1.0	39.056411
1679.0	1.0	68.86883399999999	7.279227000000001	5.748414	7.7503210000000005	0.748699	0.8838030000000001	0.213761	0.554258	9.408774000000001	3.0	34.643041	5.179753	6.0	38.997212	7.168089	2.0	19.43027	10.193895	6.0	77.344654	22.489065	6.0	63.177749	15.587198999999998	3.0	0.080603	4.6176379999999995	4.0	99.73342	5.186147	4.0	88.995085	7.138453	2.0	88.89235500000001
1775.0	1.0	55.694821999999995	5.883904	55.99316700000001	5.274556	0.942166	0.45412600000000003	0.5872930000000001	0.528788	10.299951	1.0	77.340181	21.999797	4.0	48.559179	10.456362	4.0	41.867759	20.080223999999998	6.0	79.868052	4.742287	5.0	54.360202	9.379783	2.0	0.012176000000000001	3.8393599999999997	5.0	30.116915999999996	3.3027349999999998	5.0	38.273801	8.267151	4.0	61.138627
1815.0	1.0	2.732491	39.146871000000004	7.159426	7.6459779999999995	0.5081289999999999	0.55834	0.167212	0.748957	3.785975	3.0	90.119985	14.083351	1.0	66.686748	1.018322	1.0	46.808689	9.47362	3.0	24.413157	17.061159	4.0	59.929924	14.838729	6.0	0.035707	5.243248	1.0	74.268354	3.750854	1.0	44.299939	5.847479	6.0	95.140392
1836.0	1.0	71.514179	11.818931	76.68903399999999	17.190082	0.787696	0.840974	0.46074799999999994	0.800059	10.150969	6.0	58.876291	18.93957	2.0	94.353307	23.197132999999997	4.0	56.025734	24.185098	2.0	36.573245	2.0460130000000003	5.0	39.580707000000004	15.711670999999999	6.0	0.076065	3.9665470000000003	1.0	86.60150300000001	4.869591000000001	6.0	54.36119	19.124987	2.0	30.758886999999998
1918.0	1.0	9.886836	35.938234	2.943661	2.9926169999999996	0.814619	0.637759	0.975382	0.9911530000000001	18.938066	4.0	97.446508	11.20469	4.0	29.318372999999998	0.67867	4.0	68.786271	22.633999	5.0	27.236643	5.457766	6.0	26.059944	1.472466	6.0	0.020498	2.006396	5.0	79.157303	3.5461480000000005	2.0	46.415649	19.958997	5.0	87.405475
1930.0	1.0	9.060186999999999	33.000882	15.878658999999999	7.40508	0.35673299999999997	0.9170159999999999	0.812824	0.346982	13.902822	6.0	75.536253	19.191031	5.0	96.093703	10.516607	5.0	85.800256	22.241654	3.0	72.016237	13.587875	1.0	86.331224	0.869023	2.0	0.011325	1.7774880000000002	4.0	84.521688	1.0635940000000002	1.0	61.817603000000005	23.586029	5.0	33.725929
1966.0	1.0	3.50481	48.174706	3.526619	9.408664	0.454559	0.888868	0.727341	0.526759	17.803212	6.0	25.30537	21.882704	1.0	14.573023000000001	11.425248	2.0	41.362840999999996	15.164492999999998	2.0	62.120411	19.146732	5.0	72.53759699999999	3.020893	2.0	0.195792	1.609367	6.0	76.73455799999999	3.168752	5.0	30.177507000000002	15.223656	3.0	31.386913
1980.0	1.0	12.794016000000001	27.582554	75.380705	14.099255	0.200939	0.9147959999999999	0.636101	0.888916	9.951572	1.0	46.951671999999995	5.817737999999999	1.0	53.506896999999995	5.886405	6.0	55.430901	20.094438	2.0	31.628667	1.098396	4.0	39.275763	6.945626	3.0	0.013847	4.116504	4.0	22.983614000000003	5.909344	5.0	35.965032	14.353529	3.0	36.811332
1992.0	1.0	13.943956	36.606842	47.635558	2.5176939999999997	0.990181	0.682279	0.9667049999999999	0.272534	14.262682999999999	1.0	64.058091	14.947459	2.0	99.208206	3.942426	6.0	99.62040999999999	3.4229839999999996	6.0	4.443845	18.911054	6.0	22.715849	9.839932000000001	1.0	0.131522	1.243809	4.0	26.467727000000004	2.48182	5.0	34.310665	16.122069	5.0	63.657357
2120.0	1.0	5.343644	52.407508	7.408973	22.273315	0.22851799999999997	0.2597	0.9791620000000001	0.35143	4.400856	1.0	76.885019	18.014984	3.0	22.048435	4.64393	2.0	15.307151999999999	18.630122	6.0	21.949689000000003	17.551920000000003	3.0	47.438468	10.091733999999999	4.0	0.019361	4.6902800000000004	3.0	89.75938000000001	4.145049	3.0	5.405618	9.075247000000001	5.0	49.001946999999994
2183.0	1.0	2.831695	34.458666	15.292425	8.503458	0.772846	0.34397300000000003	0.793891	0.805619	23.365804	1.0	90.745734	20.310260999999997	4.0	69.98350699999999	4.751564	6.0	86.252589	12.116384	4.0	8.791897	17.644586999999998	2.0	24.547194	18.325758999999998	5.0	0.030366000000000004	1.8007919999999997	2.0	99.65026	3.7234559999999997	2.0	59.132192	15.222684	4.0	66.325882
2185.0	1.0	5.089913	11.660266	21.852370999999998	2.2723009999999997	0.350581	0.807723	0.891094	0.5911310000000001	22.967894	3.0	28.576517	15.151428	6.0	48.060928000000004	7.917447	4.0	94.339636	3.8927389999999997	3.0	65.067361	13.642523	1.0	17.018339	18.958389999999998	5.0	0.014419	4.1375980000000006	2.0	44.904908	0.5481050000000001	4.0	12.492186	13.210734	5.0	76.395599
2195.0	1.0	2.673701	75.212614	25.552439	5.374168	0.459571	0.387924	0.713591	0.873138	6.915439	6.0	61.675225	22.159824	6.0	38.641763	21.577783	1.0	56.227146999999995	23.244782999999998	5.0	29.206453999999997	10.487287	6.0	96.967834	19.114324	1.0	0.010212	2.304582	6.0	55.140558999999996	0.415914	2.0	75.60522900000001	10.304442	1.0	13.828671
2286.0	1.0	20.317042999999998	22.193111	81.247219	8.349160000000001	0.871742	0.537972	0.560443	0.9862780000000001	14.65598	5.0	99.40191300000001	12.428218	6.0	12.324794	21.909934	5.0	25.339984	4.190016	6.0	12.766444	1.865018	5.0	79.89633	15.998017	5.0	0.01544	5.717527	4.0	12.089729	5.633922	1.0	95.913214	6.360953	4.0	28.72833
2330.0	1.0	89.243498	18.997754	32.812019	3.247733	0.708507	0.9195540000000001	0.15473900000000002	0.978974	8.497116	2.0	59.66584399999999	13.128097	5.0	62.637190000000004	21.902519	2.0	79.257786	10.878378	4.0	27.073722999999998	7.798143	5.0	48.021426	11.031456	4.0	0.018182	4.519344	2.0	16.887299	2.399763	6.0	98.64990300000001	5.539377	5.0	97.02624
2381.0	1.0	42.105714	3.789211	78.799229	4.999015	0.790535	0.716295	0.8466959999999999	0.445582	1.413994	5.0	23.379502	5.232302	3.0	65.22072299999999	22.447109	3.0	43.66656	5.920604	5.0	11.102917	18.654920999999998	2.0	38.381049	5.034773	5.0	0.035305	3.0858119999999998	5.0	67.411962	4.068876	3.0	66.895212	13.049147999999999	4.0	76.607977
2398.0	1.0	4.383264	85.005868	4.931257	30.385707	0.861124	0.158946	0.994432	0.579708	15.93583	5.0	34.266832	5.550697	5.0	53.44430799999999	23.173323	2.0	66.94564100000001	17.822994	4.0	83.600712	3.612455	6.0	12.547871	2.301699	1.0	0.012481	3.7646879999999996	5.0	91.807365	1.278877	1.0	26.686837	2.598013	6.0	54.96246
2486.0	1.0	35.38458	19.934816	12.935072	5.8412690000000005	0.754967	0.558662	0.9238559999999999	0.223625	13.220735999999999	4.0	60.964996	11.560842	2.0	97.398103	5.409743	1.0	46.597977	22.838041	3.0	99.162258	5.387776000000001	3.0	93.36705699999999	23.083662	4.0	0.011895000000000001	1.401468	6.0	41.319395	2.171811	2.0	2.20507	22.598207000000002	1.0	98.16551899999999
2534.0	1.0	82.62145500000001	8.191644	65.224988	7.831022	0.5625899999999999	0.64483	0.35179	0.36707199999999995	21.739352	3.0	96.09841	19.354945	2.0	66.758122	22.3984	3.0	60.27991	17.826523	5.0	18.285508	10.207145	5.0	47.369813	17.22883	2.0	0.017713999999999997	3.686232	2.0	20.042129	1.374982	2.0	43.79115	15.965482000000002	6.0	51.165226000000004
2558.0	1.0	12.743739999999999	9.625055999999999	12.564813000000001	6.552512999999999	0.388606	0.529353	0.61465	0.649388	8.505455	6.0	69.116089	4.570168	2.0	2.460069	1.0453	1.0	79.186888	24.156295999999998	1.0	76.127602	6.0627510000000004	5.0	59.427679000000005	18.216809	2.0	0.012440000000000001	3.988586	1.0	88.86637900000001	4.209326	4.0	90.960083	7.01803	6.0	88.426579
2562.0	1.0	4.19271	13.308506	78.938434	6.515249	0.855643	0.788629	0.66386	0.35878000000000004	9.055043	4.0	16.172197	22.780236	5.0	15.252404	9.45606	6.0	97.209636	18.575985	5.0	76.443395	14.385589999999999	2.0	21.453793	9.506574	6.0	0.011225	5.664186	2.0	36.161660999999995	0.19256600000000001	1.0	78.854731	20.201266	3.0	81.266677
2628.0	1.0	25.587947	10.887414999999999	3.000644	1.618205	0.8653569999999999	0.17463900000000002	0.79724	0.277356	16.029121	3.0	72.481663	17.80443	6.0	11.157585000000001	3.6757660000000003	6.0	88.822385	2.231574	5.0	50.120089	4.433043	6.0	73.55668	15.754622	6.0	0.018581999999999998	5.927835	3.0	20.879144	4.081254	5.0	55.466840000000005	6.5966830000000005	4.0	27.699741999999997
2633.0	1.0	6.94681	18.65849	38.492855	2.962551	0.273372	0.10934300000000001	0.797312	0.796617	12.664482000000001	2.0	65.442495	22.797994	5.0	80.516391	4.379278	3.0	11.710158	10.826839999999999	3.0	60.630584	9.58342	4.0	28.298111	18.406203	4.0	0.011611	2.1490169999999997	1.0	30.331189000000002	5.8031239999999995	4.0	98.292063	24.843564999999998	4.0	81.335243
2772.0	1.0	14.419139000000001	20.334081	77.469769	4.523162999999999	0.9238569999999999	0.27281500000000003	0.843317	0.701331	15.191825	3.0	37.80782	3.359768	5.0	43.399833	22.598507	1.0	85.751715	10.843085	1.0	24.583323	22.180889999999998	5.0	22.677062	6.8770240000000005	5.0	0.061319000000000005	2.706777	3.0	35.877798999999996	5.453602	5.0	72.76757099999999	24.367332	6.0	43.71221
2844.0	1.0	1.4001059999999999	54.416118999999995	25.216274	14.676639999999999	0.127872	0.36889	0.30230799999999997	0.659464	17.934239	5.0	41.323643	1.226075	3.0	72.949614	15.443764999999999	5.0	56.205188	8.372995	1.0	51.93005	17.26804	3.0	81.96618199999999	20.573771	5.0	0.070194	4.925616000000001	6.0	46.583368	3.557858	6.0	84.493657	13.422606	6.0	20.664657000000002
2889.0	1.0	54.496111	1.717481	3.18215	82.638423	0.8735639999999999	0.564105	0.671242	0.9311659999999999	18.319259	1.0	93.968122	7.907439	2.0	73.57814499999999	16.165747	6.0	46.995076	10.701238	2.0	99.53880600000001	1.439181	2.0	75.25406600000001	1.265452	5.0	0.041432	4.678386	1.0	31.118640000000003	2.583355	5.0	73.568608	24.027623000000002	3.0	77.44131
2905.0	1.0	2.225904	94.839572	5.872795	4.405622	0.505285	0.773695	0.8214940000000001	0.8928709999999999	10.251938	3.0	51.597246000000005	17.00188	2.0	20.587073999999998	0.651767	1.0	54.284292	24.150301000000002	3.0	60.895155	24.81614	2.0	18.012216	11.518257	1.0	0.023594999999999998	3.873558	1.0	53.641757999999996	1.7122389999999998	2.0	18.822211	23.24916	2.0	3.389876
2968.0	1.0	89.80193100000001	2.155215	3.143737	20.122217000000003	0.713132	0.199971	0.8543120000000001	0.7179479999999999	16.064552	2.0	4.20822	5.1845300000000005	2.0	17.821718	22.848091	6.0	83.15214399999999	8.876072	5.0	92.735685	4.337789	6.0	26.755971999999996	10.488822	6.0	0.168018	4.168431	5.0	31.287152000000003	2.732949	3.0	82.354176	20.432660000000002	3.0	41.212134000000006
2983.0	1.0	3.5953230000000005	48.320512	4.927909	39.143406	0.614829	0.9515450000000001	0.73577	0.795511	3.9542410000000006	5.0	74.66523000000001	6.555185000000001	6.0	31.721277	6.587244	3.0	79.717169	21.347597	1.0	99.83742099999999	19.152816	5.0	47.843574	20.28606	2.0	0.010756	4.272419	6.0	60.160188	1.1977879999999999	5.0	28.926554	21.182394	2.0	77.112573
2988.0	1.0	63.058992	4.159336	39.747692	14.250147	0.352478	0.68224	0.7993060000000001	0.617185	11.488036	5.0	46.611385	11.400902	3.0	90.570413	3.800736	4.0	56.64343	6.880114999999999	2.0	41.017873	10.657587	2.0	75.77099	14.556968	3.0	0.019823	1.203462	1.0	1.453131	2.4662349999999997	5.0	87.394594	23.561473	3.0	37.280573
3028.0	1.0	37.951218	11.166259	97.958718	3.572168	0.658217	0.44941400000000004	0.350542	0.33132	21.233586	5.0	21.481039000000003	1.543267	1.0	77.860061	14.986785999999999	4.0	86.526381	5.766239	6.0	34.281546	24.062695	6.0	96.90254499999999	7.682661	1.0	0.019633	4.177864	4.0	51.215918	3.9998910000000003	1.0	7.170601	5.8540790000000005	5.0	85.50055
3047.0	1.0	16.534461	88.37599	3.091443	48.222844	0.6268060000000001	0.9314120000000001	0.8810819999999999	0.790583	22.941346	4.0	59.393765	14.550444	2.0	45.012652	6.8243149999999995	3.0	13.540254000000001	12.454174	3.0	66.126864	7.023347	2.0	60.24104200000001	4.922683999999999	5.0	0.010942	1.683355	3.0	87.007177	5.069791	3.0	9.390245	15.87231	2.0	11.279017999999999
3102.0	1.0	13.234838	10.212952	81.388707	17.18236	0.49622799999999995	0.56187	0.7803140000000001	0.43463199999999996	15.907537	3.0	50.842815	4.040138	6.0	98.36454599999999	22.514762	2.0	24.917181	21.525510999999998	4.0	16.267001999999998	24.420816000000002	4.0	78.310969	16.385416	6.0	0.010883	5.684621	5.0	30.842834000000003	4.7660279999999995	3.0	50.086490000000005	24.682082	4.0	90.69582
3118.0	1.0	4.406638	49.253184000000005	24.177884	10.371767	0.9026959999999999	0.365149	0.46110200000000007	0.682551	1.3895469999999999	4.0	10.985771000000002	15.656153	6.0	37.113138	15.206688	5.0	69.058577	15.134142	1.0	34.036703	9.558649	6.0	63.695	3.446418	2.0	0.010039	2.463108	6.0	14.352729	0.060738	4.0	66.663223	16.148938	5.0	59.817671999999995
3119.0	1.0	59.027614	7.2450470000000005	21.438528	15.831906	0.441284	0.42428	0.128553	0.875066	6.7476020000000005	2.0	77.60003499999999	4.199848	5.0	7.325819999999999	19.63867	3.0	92.871273	15.073554000000001	6.0	36.936485	1.575041	4.0	45.084711	0.521928	3.0	0.010752	5.4689	2.0	69.931485	2.530147	6.0	51.034715999999996	24.302906	5.0	61.141611
3146.0	1.0	3.984147	13.009683	44.341914	16.211722	0.165991	0.23869	0.253906	0.673204	19.581179000000002	3.0	33.170162	8.651342	6.0	54.067273	22.137355	3.0	81.31221	10.609852	6.0	70.745931	5.509817	6.0	50.798792999999996	0.492493	3.0	0.018452	5.343594	4.0	39.936446999999994	4.288025	4.0	45.711939	24.513167000000003	6.0	75.742244
3152.0	1.0	2.3493470000000003	72.938833	1.259703	56.814328	0.191973	0.8928780000000001	0.45814399999999994	0.856195	20.082419	6.0	44.612072	20.153444	4.0	30.574183	19.37646	5.0	23.809242	1.0021209999999998	2.0	18.912808	25.033549	5.0	20.472886	2.635194	2.0	0.010151	3.739751	1.0	97.71843299999999	1.448835	4.0	59.62240500000001	6.782108	3.0	43.005528000000005
3232.0	1.0	8.457647999999999	38.144134	86.153796	10.816678999999999	0.639573	0.31854499999999997	0.75434	0.500516	6.182479	2.0	1.514022	1.041692	1.0	96.678473	19.907548000000002	6.0	16.875297	23.280987	3.0	10.758813	3.1735279999999997	4.0	25.398668	2.916887	6.0	0.040702999999999996	3.7738480000000005	4.0	39.578097	0.582799	2.0	70.440795	21.684403	5.0	56.406989
3240.0	1.0	63.370424	5.230486	19.186831	11.487445	0.8934110000000001	0.571615	0.12498	0.992165	19.234116	4.0	67.473903	10.558375	4.0	95.681196	2.761323	4.0	65.971591	22.097853	1.0	48.952908	18.465539	2.0	94.158298	2.221825	4.0	0.018219	2.390473	3.0	53.570913	1.345071	1.0	81.333839	17.149216	3.0	8.962479
3276.0	1.0	55.360403000000005	1.316023	1.510102	74.814877	0.970348	0.407542	0.9300950000000001	0.369121	8.126177	2.0	29.138537	4.026466	4.0	59.034403000000005	15.600403	3.0	64.464458	19.756134	3.0	58.384528	21.779148	2.0	5.941569	16.477474	3.0	0.018156	1.4420520000000001	2.0	93.110843	3.161766	2.0	95.734884	10.315487	4.0	26.958135
3291.0	1.0	5.612438	51.800059000000005	1.46391	13.726528	0.857399	0.9051440000000001	0.9441129999999999	0.769794	8.625928	6.0	9.622753999999999	20.650838	1.0	25.451639	3.753196	2.0	58.159305	2.3384400000000003	2.0	37.167201	24.114126000000002	3.0	88.590862	3.016116	6.0	0.011007	4.044201999999999	5.0	51.453371000000004	5.122033999999999	6.0	35.376088	21.984481	5.0	21.225348999999998
3305.0	1.0	19.742670999999998	45.025146	2.031136	38.771017	0.970582	0.887389	0.716996	0.588841	4.550266000000001	6.0	37.110667	13.201178	5.0	74.479377	8.10485	3.0	71.772986	22.151673000000002	6.0	15.996469	12.367602999999999	6.0	94.265538	19.473348	2.0	0.041883	3.9876519999999998	3.0	38.602841999999995	4.056211	6.0	7.240130000000001	7.0079899999999995	5.0	21.580679999999997
3320.0	1.0	5.405417	79.798034	11.582136	29.494904	0.421491	0.91845	0.571032	0.746857	18.538917	1.0	77.76485799999999	14.353193	2.0	15.310157	9.285302	5.0	12.627919	19.272515	1.0	11.062575	16.930670000000003	3.0	74.569037	13.010473	5.0	0.034393	2.1017810000000003	1.0	57.823280000000004	2.044997	4.0	20.867046	22.57745	3.0	97.66378
3324.0	1.0	3.3366730000000002	35.692935	22.116938	9.123938	0.43795600000000007	0.518785	0.735633	0.759578	12.663947	3.0	41.367765000000006	9.298693	4.0	89.61173199999999	22.009176999999998	5.0	44.147341	21.330501	6.0	26.043215	15.605623000000001	6.0	11.215581	18.424776	4.0	0.015087999999999999	3.109835	3.0	62.90858299999999	1.338484	3.0	9.519278	14.127953	1.0	71.438542
3325.0	1.0	95.203712	18.162103	99.041092	11.007692	0.992057	0.427386	0.5980840000000001	0.718305	21.742415	3.0	72.384423	14.795192000000002	1.0	62.369319	17.640391	2.0	60.859460999999996	23.28605	3.0	85.420574	17.221335999999997	5.0	91.14757	19.209785999999998	1.0	0.106696	2.818837	1.0	39.687211	3.852962	1.0	24.827033	14.342301	1.0	29.938609000000003
3482.0	1.0	25.729779	2.42501	63.11206800000001	32.844454999999996	0.49812399999999996	0.140337	0.92605	0.8379479999999999	18.733427	5.0	66.028352	8.522979	5.0	19.593216	18.136615	5.0	37.763477	17.83093	4.0	33.165347	12.395896	1.0	97.059062	20.70164	4.0	0.015868	1.7524939999999998	3.0	80.703148	0.966949	2.0	5.293671	23.493807999999998	2.0	91.93589
3497.0	1.0	17.440533	44.290183	3.883578	52.727523	0.507369	0.49391599999999997	0.50781	0.430961	16.088051	1.0	89.901756	22.45881	3.0	53.36394	18.871405	2.0	36.487171999999994	6.0023089999999995	4.0	3.790964	4.55277	4.0	19.179485999999997	4.8228349999999995	1.0	0.012751	4.372141	3.0	44.294907	3.7996199999999996	2.0	21.431729	11.078856	3.0	81.901009
3544.0	1.0	70.082145	10.759707	6.020997	51.489	0.47083500000000006	0.6070720000000001	0.9383290000000001	0.251259	16.623029000000002	1.0	1.501541	7.8301110000000005	5.0	8.246634	2.220164	4.0	16.973156	17.983734	6.0	56.836716	20.883359	3.0	33.25998	10.281246000000001	2.0	0.026198000000000003	4.770201999999999	4.0	60.436689	4.174832	2.0	83.718775	13.045258	6.0	90.929602
3545.0	1.0	28.323026000000002	86.03164699999999	29.662169	1.6656360000000001	0.712816	0.14666099999999999	0.464653	0.108974	20.989933999999998	3.0	29.319188	20.451931	2.0	62.328511	13.382026999999999	3.0	95.91913000000001	9.159259	5.0	77.360552	0.42211099999999996	3.0	77.134247	11.907621	3.0	0.018787	3.169543	3.0	77.828069	4.145768	3.0	40.318634	21.079954	2.0	63.868874
3558.0	1.0	11.698878	3.309382	61.124281999999994	5.056523	0.44804099999999997	0.279276	0.962585	0.840618	12.699873	1.0	91.927198	11.65574	2.0	76.08885699999999	5.434334	2.0	14.87033	8.987846000000001	4.0	73.781685	17.716093	1.0	68.422605	16.312117999999998	4.0	0.014136000000000001	5.383793	4.0	47.001148	3.832247	2.0	85.779684	18.816879	4.0	5.902501
3575.0	1.0	11.449761	54.424715	52.357145	2.930733	0.7920020000000001	0.8539450000000001	0.15903499999999998	0.6142529999999999	16.289542	6.0	22.709965	6.422585	5.0	23.132303	15.054738	2.0	42.977325	21.467357999999997	2.0	26.496551	13.120277999999999	5.0	94.26055799999999	8.110824000000001	1.0	0.067333	3.313357	2.0	15.396667	0.305109	6.0	93.364818	1.175651	6.0	55.365252000000005
3595.0	1.0	9.220692	68.09778299999999	39.800408000000004	16.718657999999998	0.520917	0.961526	0.756881	0.7622359999999999	21.435774	5.0	87.961185	13.921147	6.0	12.099089	8.593142	5.0	29.392421000000002	8.92147	1.0	39.56333	23.704461	3.0	91.374946	15.603416000000001	2.0	0.017933	1.6581810000000001	1.0	74.122974	5.625303	1.0	14.828076999999999	17.845676	2.0	40.106874
3629.0	1.0	12.884294	38.422595	5.444682	55.381629000000004	0.940722	0.385286	0.699381	0.436734	8.759236999999999	2.0	62.654106999999996	16.122471	2.0	67.178321	11.742933	4.0	64.005395	9.915617999999998	3.0	21.429154999999998	13.56794	4.0	87.347247	8.701102	4.0	0.051026	5.4020209999999995	2.0	50.867117	3.871692	4.0	38.726037	22.915029999999998	4.0	45.539509
3661.0	1.0	16.481424	2.725444	4.521538	13.056571	0.873417	0.536212	0.277812	0.742915	20.646264000000002	6.0	27.751627000000003	8.385997999999999	1.0	2.5003889999999998	19.7375	3.0	79.889921	24.167223999999997	1.0	97.923741	8.591358	3.0	57.841228	4.298941	6.0	0.014578	4.730199	6.0	43.357741	3.000843	2.0	25.304747	13.637139999999999	2.0	36.273876
3703.0	1.0	57.920161	1.875055	21.116426999999998	1.621896	0.46413000000000004	0.9307200000000001	0.69899	0.49294099999999996	9.179191000000001	3.0	16.740636	7.105554	5.0	63.979831999999995	4.712182	6.0	1.8706209999999999	5.180872	5.0	51.490955	22.273917	6.0	41.285035	9.357263	3.0	0.010203	0.210458	1.0	19.433316	2.178233	5.0	38.3943	17.25519	3.0	38.695955
3812.0	1.0	2.271038	43.551053	1.011279	74.55403199999999	0.432334	0.213741	0.705924	0.253131	11.673397	3.0	91.918581	3.448526	1.0	21.838769	8.431221	2.0	25.72085	8.503467	5.0	80.014765	2.744675	5.0	28.447237	18.430282000000002	2.0	0.052313	3.7964	6.0	64.186565	2.762637	5.0	12.400774	18.084848	4.0	88.33466999999999
3881.0	1.0	11.422583	60.903599	58.140299	2.744787	0.731053	0.657365	0.684974	0.780881	7.282591	5.0	20.692798	10.569682	6.0	83.53051500000001	21.522509	5.0	56.429364	4.253643	6.0	17.337868	20.754419	1.0	94.078026	14.626591000000001	2.0	0.053391999999999995	1.527562	2.0	89.433355	2.3159259999999997	4.0	9.31057	4.240471	3.0	44.534071999999995
3882.0	1.0	52.058499	1.448333	43.788447999999995	4.7272940000000006	0.797488	0.8552629999999999	0.49993699999999996	0.26174899999999995	20.20739	4.0	86.80974300000001	13.527801	5.0	82.38899	6.507328	2.0	80.479362	19.327258	6.0	87.53048100000001	10.703816999999999	5.0	55.450185999999995	5.423539	6.0	0.025059	4.491707	3.0	89.052927	3.4036699999999995	5.0	53.417715	19.251352999999998	4.0	49.212894
3921.0	1.0	17.041351000000002	29.007793	55.978939000000004	27.619238	0.947332	0.803461	0.6719069999999999	0.785712	14.528644	2.0	43.224090999999994	21.826717000000002	5.0	76.628855	1.412249	4.0	89.74731700000001	16.810914999999998	2.0	96.43884399999999	2.40865	6.0	20.920679	16.782626999999998	1.0	0.102185	4.224096	5.0	79.673128	5.844535	6.0	29.506815999999997	20.27926	4.0	58.143515
4025.0	1.0	1.6700259999999998	11.264024000000001	10.845394	34.503014	0.661704	0.52076	0.835951	0.8305319999999999	8.96164	2.0	30.096182000000002	21.088507	3.0	56.454739000000004	13.610014000000001	5.0	91.740868	16.595882	1.0	80.215026	0.5349229999999999	5.0	98.011085	3.763955	6.0	0.07864299999999999	3.9186669999999997	3.0	70.569772	2.7927049999999998	6.0	31.342503999999998	16.856838	5.0	88.466094
4068.0	1.0	13.977294	12.30114	2.412788	78.709055	0.632312	0.9702280000000001	0.697167	0.539977	0.624792	6.0	21.230966	16.695961999999998	4.0	11.00249	0.968017	6.0	53.246148	21.692594	1.0	62.640956	14.209757999999999	1.0	78.187963	3.670992	1.0	0.0152	0.39221500000000004	1.0	50.651004	3.4399550000000003	4.0	61.71832	14.879413000000001	6.0	27.469034000000004
4139.0	1.0	5.301549	67.62101700000001	84.618463	5.357137000000001	0.563947	0.886258	0.9225209999999999	0.617663	8.606855	3.0	24.556424	16.373898	1.0	17.843970000000002	8.833434	6.0	56.581557	7.634836	5.0	19.798358	19.165315	1.0	98.655668	19.3188	6.0	0.041765	2.764252	2.0	81.183672	3.5386900000000003	5.0	90.309004	12.960241	3.0	70.879777
4315.0	1.0	21.78116	72.211055	39.708189000000004	29.264787	0.98254	0.36038200000000004	0.533984	0.9933379999999999	9.400126	1.0	68.716273	14.928453	2.0	26.4765	17.695061	3.0	23.527274	18.478474	4.0	91.756125	17.601382	4.0	63.320935	3.450782	4.0	0.018743	1.9077279999999999	4.0	78.49478	3.957822	2.0	81.354283	17.666883	2.0	22.469896
4359.0	1.0	12.991342	92.427364	19.797618	2.665641	0.60807	0.301306	0.903011	0.9373370000000001	23.644907	1.0	69.571866	13.54737	1.0	31.401414000000003	15.459528	1.0	54.548696	6.6518820000000005	1.0	68.403262	13.727678	4.0	22.907154000000002	3.286025	2.0	0.018746000000000002	4.054546	1.0	13.474178	3.0739490000000003	3.0	91.377763	7.989128	4.0	46.477270000000004
4367.0	1.0	13.939019	16.580591000000002	4.254962	31.216901	0.8675350000000001	0.988535	0.45742	0.387559	1.452631	6.0	76.096329	22.975873999999997	4.0	61.018831999999996	12.240184	4.0	1.8763470000000002	3.086091	1.0	70.01604300000001	3.51787	2.0	34.886236	3.5186379999999997	3.0	0.023062	1.383757	2.0	62.890209	0.529227	6.0	22.989309	13.353181	5.0	60.798388
4530.0	1.0	8.017883	12.537258	39.61612	6.954394000000001	0.117978	0.932068	0.7778729999999999	0.541099	22.59893	6.0	23.751478	4.999986	3.0	18.938066	7.359674000000001	1.0	84.194273	17.284398	5.0	51.75675	18.050876000000002	2.0	90.172149	18.088576	4.0	0.03081	1.6825150000000002	1.0	67.323528	4.6520209999999995	3.0	30.621419	14.9308	3.0	72.957386
4544.0	1.0	6.82492	81.432484	56.613263	4.68107	0.8984700000000001	0.519374	0.743821	0.677473	21.429217	6.0	79.96897299999999	12.546472999999999	2.0	74.67223800000001	20.391174	3.0	14.622801	9.468461	6.0	55.948907999999996	2.354695	3.0	67.448512	7.186433	1.0	0.011229000000000001	2.498735	1.0	37.597390999999995	2.47132	5.0	16.249247	17.152608999999998	6.0	52.016371
4612.0	1.0	1.6799650000000002	4.147498000000001	26.912146999999997	10.426825	0.47438400000000003	0.561354	0.451168	0.590729	19.898531	4.0	43.226728	13.502114	5.0	34.591657	4.78532	5.0	79.88055899999999	23.985321	6.0	8.630222	17.446185	2.0	48.96697	3.883914	4.0	0.010574	1.387285	4.0	83.255059	1.537939	2.0	49.506678	12.93639	2.0	26.421021999999997
4638.0	1.0	41.059571000000005	3.7084260000000002	52.738299	10.669939999999999	0.49222899999999997	0.42406800000000006	0.982382	0.7857609999999999	4.014042	3.0	93.420693	12.173615	1.0	38.013269	7.385484	5.0	55.052705	16.419255	6.0	88.809528	7.745607000000001	3.0	45.609967	4.143147	4.0	0.070673	1.242373	6.0	53.121038	3.325199	6.0	85.847761	20.370649	5.0	26.71895
4665.0	1.0	5.555379	82.99786800000001	27.295895	5.832756	0.838525	0.755954	0.731554	0.689778	15.611775	5.0	23.739127	13.251872	1.0	61.08883	4.805834	6.0	71.58112	8.638224000000001	1.0	94.977478	13.683741	6.0	82.42730999999999	13.477846	6.0	0.16093	3.650898	6.0	50.742579	0.424099	2.0	88.685556	11.023903	2.0	22.118288
4731.0	1.0	20.479642000000002	23.579564	88.335702	1.278951	0.3463	0.6915720000000001	0.670614	0.923926	1.114087	1.0	99.525309	9.72463	4.0	11.353563000000001	19.247011999999998	2.0	44.083264	19.553991	5.0	87.67390999999999	9.586534	6.0	77.862586	20.452105	4.0	0.014811000000000001	3.642586	4.0	27.568628000000004	5.436329	1.0	73.989837	25.097501	4.0	63.13285
4855.0	1.0	90.29599300000001	1.6818950000000001	35.429336	5.123003	0.314091	0.694682	0.864482	0.633547	22.687537	3.0	54.764120999999996	0.487486	1.0	36.208357	19.715366	5.0	20.877034	9.566038	5.0	52.405570000000004	14.953122	6.0	49.690214000000005	20.567832	4.0	0.023621	1.44933	5.0	93.93146899999999	0.460592	5.0	68.958798	18.896946	3.0	73.009532
4889.0	1.0	27.03868	14.323823999999998	94.649591	1.1458	0.9218870000000001	0.46619399999999994	0.617027	0.59019	17.429269	4.0	63.206601	1.252697	2.0	3.305938	15.871585000000001	3.0	67.801401	10.320609	1.0	74.010178	5.490366000000001	5.0	47.118935	3.808853	4.0	0.046932999999999996	2.994973	6.0	18.350576	2.011789	2.0	9.89062	6.5008349999999995	6.0	46.729431
4903.0	1.0	92.863772	6.9144	47.130340000000004	14.611848	0.157086	0.7167640000000001	0.178001	0.6841689999999999	16.369509	5.0	95.131754	19.087438	5.0	88.659091	16.770709	6.0	55.309931999999996	5.700511	5.0	23.309627	9.470854	2.0	39.191586	1.5419370000000001	3.0	0.013777000000000001	4.456929	2.0	94.017061	4.1586419999999995	2.0	78.967155	14.773701	6.0	65.45331999999999
4931.0	1.0	27.617426000000002	13.868647	2.130808	26.190238	0.796663	0.448434	0.357441	0.542078	21.59457	1.0	31.763851000000003	5.46486	4.0	4.541253	18.136687	6.0	13.682379000000001	4.01969	3.0	54.95154599999999	12.553294000000001	5.0	9.794578999999999	1.860469	1.0	0.044322	5.2791690000000004	4.0	34.399977	2.602273	6.0	14.123695000000001	15.214697	6.0	67.129207
4952.0	1.0	35.419027	24.759079999999997	2.993965	77.03044399999999	0.8133729999999999	0.7716729999999999	0.510103	0.702446	4.406483000000001	4.0	81.413579	19.688373000000002	2.0	66.585325	16.755253	4.0	14.3648	22.777099	1.0	93.204753	16.972222	4.0	43.205283	20.6384	4.0	0.085367	3.900404	4.0	99.50465200000001	2.489071	4.0	20.327302	9.084146	1.0	63.053789
4955.0	1.0	39.45713	6.677969999999999	44.407959000000005	1.4492040000000002	0.689933	0.573702	0.5777899999999999	0.866665	17.960289000000003	5.0	93.322948	22.687403	5.0	57.039967000000004	5.991373	4.0	17.674103	11.189653999999999	3.0	84.73609300000001	10.805231	1.0	58.19934	19.609834	5.0	0.017631	4.48108	2.0	86.004853	5.352697	1.0	34.142845	20.028089	6.0	94.511534
4998.0	1.0	61.085524	7.901683	77.737652	2.114799	0.140286	0.749081	0.9830040000000001	0.418508	15.958628	3.0	25.083184	12.085804	6.0	70.13959	22.538204999999998	5.0	65.76378000000001	18.890575	4.0	38.113475	23.787792	1.0	32.604589000000004	9.82655	1.0	0.016842	1.945503	5.0	73.94556700000001	3.863376	4.0	45.593071	7.496246000000001	2.0	18.255034
5035.0	1.0	2.632847	81.472257	82.707842	10.379978	0.528166	0.456916	0.9977379999999999	0.776594	6.334124	1.0	93.50603100000001	5.27313	1.0	39.322876	13.564739000000001	5.0	18.195613	22.525322	5.0	35.965519	5.450253	6.0	97.997326	17.064296	2.0	0.011859	4.042014	2.0	1.406892	5.857696	5.0	87.695599	19.046927	1.0	15.846781
5047.0	1.0	25.13326	19.399524	15.030848	10.484549000000001	0.827247	0.74715	0.635677	0.963283	14.716292000000001	2.0	96.23943100000001	9.522932	6.0	25.582872000000002	13.871633	1.0	79.536378	12.759041	3.0	31.407733	11.81104	2.0	7.583112	16.335904	5.0	0.260207	4.834596	6.0	69.180165	3.661022	3.0	22.675065	9.674565	5.0	26.077970999999998
5069.0	1.0	6.306911	87.537006	6.002471	15.147788	0.9983139999999999	0.85496	0.769774	0.794787	6.86993	3.0	93.554819	18.662287	2.0	87.07422700000001	4.902785	3.0	26.698702	10.987169999999999	6.0	19.676824	24.686041	1.0	35.260678000000006	2.970078	5.0	0.028187	5.4078029999999995	4.0	97.482476	2.880841	4.0	90.560458	20.465526999999998	3.0	48.519264
5072.0	1.0	6.321068	21.340553	97.710774	4.823639	0.895791	0.821833	0.832686	0.45287799999999995	11.295647	3.0	14.292326000000001	9.953372	6.0	32.938726	3.961669	4.0	34.362441	11.988021	6.0	52.938114	11.831628	4.0	67.279178	3.767172	4.0	0.014122	5.782633000000001	4.0	77.184877	2.610629	2.0	57.898506999999995	12.622722	6.0	55.6035
5237.0	1.0	9.091683999999999	5.846934	79.019543	6.369331	0.813916	0.264876	0.674984	0.6453979999999999	15.648254000000001	5.0	17.796947	10.509836	5.0	52.608706000000005	15.939567000000002	6.0	46.194184	23.600257	4.0	14.777945	23.691828	3.0	40.482927000000004	18.630485	4.0	0.060749	4.544144999999999	1.0	52.44600500000001	1.684121	5.0	86.38328800000001	16.576055	4.0	35.388101
5311.0	1.0	48.2037	14.780439000000001	73.692093	2.295493	0.9885780000000001	0.450021	0.8437979999999999	0.45601499999999995	11.897826	1.0	18.503232	19.739245999999998	2.0	17.365467000000002	15.717715	1.0	59.703933	16.553287	1.0	9.344330000000001	24.647275	6.0	35.385434000000004	17.193094	4.0	0.014486	3.386738	5.0	35.106744	1.103677	1.0	88.327465	0.36840500000000004	3.0	16.019816
5385.0	1.0	27.356956	43.126752	37.023943	4.779539	0.791353	0.96629	0.515472	0.5125689999999999	17.610276000000002	4.0	18.884431	5.144622	3.0	94.831554	19.285131	1.0	50.559484000000005	22.066292	2.0	69.88416	14.61856	5.0	48.624568	24.115185	1.0	0.024909999999999998	5.488727	2.0	15.045292000000002	3.8499730000000003	1.0	35.714206	4.8415610000000004	3.0	49.581812
5517.0	1.0	8.062453999999999	48.508174	11.195383	5.541011	0.502807	0.831566	0.40990600000000005	0.376656	11.389930999999999	2.0	20.230838000000002	10.853361999999999	6.0	28.184356	1.449665	1.0	65.15437	5.062271	5.0	69.76182800000001	12.870032	6.0	49.919802000000004	16.429367000000003	5.0	0.054440999999999996	4.508751999999999	3.0	66.370294	0.11721199999999998	2.0	16.24847	20.789388	1.0	83.127153
5524.0	1.0	19.108462	2.992289	2.794915	8.442711	0.875602	0.798692	0.545307	0.317727	23.42788	3.0	47.296019	8.123474	5.0	40.326506	17.06335	6.0	83.141627	16.671515	5.0	26.395753000000003	15.219919	3.0	99.747052	12.410655	3.0	0.023219999999999998	0.802454	2.0	58.947638	1.9427400000000001	1.0	76.05459499999999	9.177833	1.0	78.009388
5579.0	1.0	36.950904	3.5250559999999997	3.707986	88.27435200000001	0.448039	0.979166	0.9399350000000001	0.9869559999999999	14.132067999999999	5.0	55.151728000000006	16.957345	4.0	53.935478	3.007015	2.0	23.575274	18.770822	6.0	59.971681999999994	24.352657	3.0	65.728577	0.9775790000000001	4.0	0.112417	2.819523	3.0	53.279090000000004	0.196242	1.0	33.137264	18.225732999999998	2.0	53.546440000000004
5588.0	1.0	88.371997	15.122714000000002	2.817697	17.544783	0.992823	0.728121	0.300046	0.518778	20.757355	3.0	18.226585999999998	10.067603	5.0	79.473347	10.194981	1.0	95.882851	4.6109290000000005	1.0	2.820821	11.012199	1.0	92.415588	4.912745	6.0	0.011095	3.381788	3.0	47.155018	4.975037	1.0	8.38849	6.7253050000000005	6.0	2.233683
5597.0	1.0	2.160902	80.277477	9.919427	1.919316	0.23801	0.913675	0.249642	0.272117	17.189149	1.0	76.232338	9.131141	3.0	20.348444	7.487819	4.0	46.125881	2.60878	6.0	71.904259	8.166935	5.0	30.862347999999997	2.568701	6.0	0.012076	4.966268	4.0	43.906494	2.412007	5.0	80.012553	15.831370999999999	1.0	39.434492999999996
5634.0	1.0	10.694824	3.7583349999999998	75.41729699999999	3.4933629999999996	0.642012	0.726562	0.334536	0.360904	19.461969	4.0	47.006890000000006	12.945649000000001	4.0	45.571663	16.790677	3.0	10.755426	9.423964999999999	3.0	75.934049	14.320848999999999	6.0	50.776639	13.208620000000002	6.0	0.015828000000000002	4.68647	1.0	46.882828	4.6360019999999995	6.0	53.398928000000005	5.471389	3.0	5.750728
5700.0	1.0	8.005222	38.052209000000005	9.544446	33.175715000000004	0.642754	0.5899770000000001	0.889709	0.7104229999999999	1.438215	6.0	25.87756	0.357056	4.0	68.065761	16.297786	5.0	29.40525	13.192817999999999	5.0	95.59505	20.804073000000002	2.0	3.429469	14.801029999999999	6.0	0.130341	4.175739	4.0	64.69811899999999	5.810425	4.0	3.404568	21.706319	2.0	85.950622
5732.0	1.0	29.501340000000003	9.409701	1.370683	84.292707	0.824851	0.312447	0.802178	0.850535	22.125435999999997	3.0	46.25374	15.641272	4.0	22.486371	20.266733	3.0	44.199857	8.987156	6.0	90.782206	21.327727	3.0	99.74695899999999	12.269451	2.0	0.011075	0.536249	2.0	30.687264000000003	5.849144	5.0	57.078701	23.641157999999997	2.0	7.2504990000000005
5755.0	1.0	24.010751000000003	30.462255	19.751926	17.052931	0.815474	0.933266	0.664957	0.651014	7.871436999999999	6.0	31.909052000000003	13.372494	6.0	58.544245999999994	22.279163	3.0	55.506678	10.085953	5.0	90.321288	13.53232	1.0	99.003321	14.121118	2.0	0.24430500000000002	2.320011	2.0	27.809563	0.7246239999999999	2.0	87.433164	21.692024	6.0	11.699688
5811.0	1.0	89.279703	6.111026	70.91605200000001	15.692388000000001	0.26099	0.9265190000000001	0.704542	0.8758020000000001	3.731435	3.0	34.569446	20.852396	6.0	57.254687	12.724210000000001	6.0	79.568763	8.565055000000001	1.0	58.804139	5.718619	3.0	97.093918	3.3305269999999996	4.0	0.053688	2.318531	4.0	29.709049	4.66561	3.0	81.139899	21.65215	3.0	79.229683
5825.0	1.0	13.981931	79.421277	5.537109	12.719657000000002	0.882093	0.339981	0.628081	0.49655600000000005	9.863505	2.0	91.738425	9.791184	1.0	53.591378000000006	15.402654	3.0	62.003778000000004	11.778292	1.0	48.002824	25.252175	2.0	83.159442	7.3772720000000005	2.0	0.059305	1.208588	2.0	58.632314	3.395113	1.0	83.176119	4.51088	5.0	50.569285
5866.0	1.0	3.531128	3.31658	1.153337	13.362825	0.351231	0.76903	0.5526989999999999	0.9855309999999999	1.179504	2.0	51.348593	15.518864	6.0	20.621019	3.997959	5.0	63.58961	3.7060419999999996	2.0	16.415129999999998	13.501852	5.0	27.146599	9.934011	5.0	0.017807	5.051718	1.0	47.821494	1.626774	5.0	36.710708000000004	9.651879	2.0	38.539778999999996
5913.0	1.0	84.713091	1.5149290000000002	3.748097	79.793584	0.8267059999999999	0.253732	0.5298930000000001	0.5191520000000001	14.358146	3.0	32.54809	13.399103	5.0	84.248867	21.723131	1.0	61.720015000000004	1.266748	5.0	69.327904	18.268006	5.0	86.1213	18.343967000000003	6.0	0.013044	4.609933	5.0	24.458225	1.02041	6.0	38.306562	4.352114	3.0	1.3397649999999999
5921.0	1.0	4.11669	75.36107700000001	82.430711	2.602576	0.873923	0.545319	0.732323	0.121235	0.48958900000000005	1.0	85.184606	16.679851	6.0	3.172952	9.428329	6.0	80.177987	15.791266	6.0	94.41664899999999	13.459976000000001	5.0	66.915136	1.641918	4.0	0.01108	3.372498	3.0	33.057491999999996	2.278643	4.0	89.261302	23.615919	4.0	57.302535999999996
6005.0	1.0	4.416986	45.990984000000005	1.3268879999999998	65.044236	0.7108939999999999	0.734388	0.600527	0.347683	23.791045999999998	5.0	36.224668	8.144874	3.0	45.356326	14.60391	5.0	2.706599	14.215936	4.0	18.912421	12.764138	3.0	68.646388	6.5978330000000005	5.0	0.011137000000000001	4.315681	4.0	61.472504	5.253	4.0	43.728992	11.418396000000001	2.0	30.616826
6045.0	1.0	22.204765	11.263927	1.255357	75.762017	0.768334	0.477945	0.420789	0.8468389999999999	12.440877	2.0	64.780167	11.809660000000001	5.0	93.077977	18.506701	2.0	2.279056	23.887359	4.0	51.414491	21.724012	3.0	14.916310000000001	0.43425	5.0	0.010076	1.530665	1.0	81.68585300000001	2.223137	3.0	40.998498	25.005055	6.0	39.042790999999994
6064.0	1.0	97.36749499999999	5.609421	4.4506440000000005	9.832803	0.652014	0.764308	0.431381	0.874185	12.07788	1.0	23.036242	14.708132	3.0	93.25850600000001	3.832497	4.0	71.699574	16.663062	2.0	23.550467	11.606391	6.0	15.919970999999999	2.456739	3.0	0.010733	2.316405	4.0	83.458099	1.818014	3.0	62.683659	1.0557040000000002	2.0	50.156178999999995
6249.0	1.0	20.521056	5.324189	46.790069	6.25392	0.33483	0.8621280000000001	0.649799	0.406158	4.9557139999999995	3.0	8.965436	21.386802	4.0	20.317709	15.733526999999999	3.0	38.530518	23.992708	2.0	78.574166	13.075339999999999	5.0	51.896069	0.310162	2.0	0.100523	1.2050889999999999	5.0	47.639598	2.1365529999999997	5.0	67.05303	14.059498000000001	4.0	58.357638
6254.0	1.0	97.449507	19.655741	15.113848999999998	15.868186999999999	0.74597	0.679662	0.392252	0.691431	8.740076	4.0	2.4745790000000003	5.388332	1.0	40.783367999999996	13.157069	3.0	69.5162	20.994141	5.0	36.89802	17.925161	3.0	82.16911	18.845173000000003	3.0	0.013972	5.279047	1.0	86.836446	0.554629	4.0	7.888528999999999	16.8838	6.0	47.79667
6334.0	1.0	55.911118	12.621698	77.908777	2.163589	0.834404	0.845981	0.8436670000000001	0.573033	9.643887	2.0	26.760734000000003	19.193908999999998	6.0	55.74873100000001	18.565469	4.0	81.238867	23.044726	1.0	8.641716	16.895191	1.0	66.90186700000001	9.766563	5.0	0.023513	1.789092	6.0	7.298694	0.424863	3.0	45.619819	5.190094	6.0	35.830684000000005
6349.0	1.0	52.578086	10.836441	5.728176	69.722647	0.8275299999999999	0.394295	0.718198	0.8753569999999999	14.537117000000002	2.0	29.728131	13.904143	6.0	8.085708	19.956415	3.0	73.767303	13.750704	1.0	27.725092999999998	15.987198000000001	5.0	2.194753	16.605657	3.0	0.023239	5.863859	5.0	51.111065999999994	4.902829	4.0	55.856539	9.570356	2.0	3.101979
6376.0	1.0	61.89700500000001	1.098347	84.558836	6.2309779999999995	0.47618699999999997	0.675125	0.9461860000000001	0.877086	8.336697000000001	1.0	45.246146	6.2262059999999995	5.0	47.580554	5.284783999999999	5.0	83.10333	11.589032000000001	3.0	76.374533	8.647943	2.0	48.299474	11.175538000000001	2.0	0.017351	2.8548419999999997	2.0	26.518088	5.8763190000000005	4.0	9.851553	7.607039	4.0	7.105026
6421.0	1.0	49.420606	18.045464000000003	4.092549	58.37295699999999	0.297698	0.9193379999999999	0.885926	0.590743	7.938362	5.0	91.427552	22.85412	1.0	91.278828	6.301449	3.0	96.479638	16.124314000000002	5.0	29.170018	20.209278	1.0	37.625195	19.273339	5.0	0.040585	4.67048	1.0	7.619208	5.781879	3.0	84.77320300000001	7.297911999999999	1.0	39.132692
6435.0	1.0	12.601098	83.69006999999999	33.151902	11.536562	0.46840600000000004	0.9064610000000001	0.351525	0.821519	8.082276	2.0	28.761402	20.993339000000002	1.0	20.785376	18.397793	2.0	64.713654	13.013766	6.0	17.678932999999997	24.899182999999997	4.0	56.844221	15.899610999999998	2.0	0.017388999999999998	5.085723000000001	2.0	37.856865	2.893032	5.0	59.856859	2.1677939999999998	5.0	17.100085
6566.0	1.0	98.773526	1.0229840000000001	1.27061	26.95989	0.415092	0.917774	0.9812649999999999	0.329438	13.627165	1.0	8.686483	0.275804	3.0	80.565839	14.712925	6.0	59.089020999999995	8.553654	3.0	19.276575	22.628666	2.0	61.585249	3.243446	3.0	0.010884	4.298634	6.0	30.439827	4.721579	6.0	40.150958	2.719592	6.0	36.741004
6814.0	1.0	5.111128	85.849823	19.496456	9.619954	0.9681299999999999	0.823722	0.101865	0.530632	16.031775	5.0	78.526978	3.039748	6.0	7.7018699999999995	16.711231	5.0	92.874945	12.122885	2.0	65.536722	14.726404	6.0	55.591653	16.023160999999998	3.0	0.014512	4.293799	3.0	90.143573	1.48726	6.0	60.275666	11.830684	3.0	62.741514
6896.0	1.0	10.367605000000001	6.409299	32.380703000000004	1.778025	0.628189	0.28982800000000003	0.406256	0.788248	9.657430999999999	2.0	37.002668	12.844847999999999	4.0	62.410205000000005	8.211163	3.0	81.82450899999999	22.97135	4.0	61.363547	16.955302	5.0	28.762295	6.150289	6.0	0.030565	4.458419999999999	6.0	82.04493199999999	1.058409	5.0	60.43496999999999	4.860803	3.0	50.893915
6947.0	1.0	44.493421999999995	10.637681	7.137116000000001	71.15178399999999	0.296066	0.831095	0.6222	0.17591500000000002	3.8728089999999997	2.0	24.945553	14.814252	1.0	27.926961	16.255972	3.0	41.064186	18.277628	2.0	71.714473	25.103873	4.0	74.175493	19.961537	1.0	0.09400499999999999	5.926487	2.0	50.480421	4.514419999999999	4.0	23.593920999999998	19.573033	4.0	44.387708
6968.0	1.0	16.927175	36.613909	4.5519940000000005	75.04547600000001	0.712067	0.6757350000000001	0.753445	0.166758	10.432482	2.0	19.60015	17.896448	5.0	91.710178	7.025678999999999	2.0	98.58387900000001	23.447242000000003	5.0	84.663584	15.490338000000001	5.0	93.861626	11.756715	3.0	0.013983	2.986729	5.0	46.394342	5.644909999999999	1.0	63.690128	20.030514	4.0	88.63715400000001
6973.0	1.0	83.937281	13.341498000000001	66.28475	3.33601	0.829151	0.712075	0.496881	0.842928	20.966589000000003	2.0	92.03093100000001	1.884211	2.0	30.625453999999998	15.576270000000001	6.0	60.054972	19.304174	2.0	8.451915	9.609958	6.0	67.447424	8.782344	5.0	0.015293000000000001	4.333348	2.0	99.150751	5.716914	6.0	16.031008	22.746984	4.0	32.432414
7093.0	1.0	70.069732	21.175867999999998	58.99088199999999	1.494029	0.495576	0.8522489999999999	0.392434	0.9901190000000001	11.243062	4.0	72.547754	21.904284	2.0	31.463241999999997	21.62826	1.0	76.77691300000001	18.333218	5.0	72.43507199999999	19.997854999999998	2.0	59.956412	6.053255	6.0	0.012636	1.6954310000000001	3.0	54.198085999999996	5.088328	4.0	93.15395799999999	3.7930910000000004	4.0	82.01536
7099.0	1.0	68.943454	30.459637	35.265529	5.527347	0.670767	0.988188	0.441988	0.144677	15.482277999999999	2.0	12.842355	20.741681	3.0	18.280935999999997	4.506499	4.0	42.704814	23.973566	5.0	7.125916999999999	12.329185	6.0	95.244388	16.460879000000002	3.0	0.038276	3.630093	3.0	89.13804499999999	2.622457	4.0	16.584849	20.71047	3.0	33.336919
7207.0	1.0	39.968585	15.603503	5.50507	51.299043	0.7512800000000001	0.875959	0.751604	0.149094	16.340035	1.0	99.392548	9.92798	6.0	24.639929000000002	19.924605	5.0	10.565947	7.173414999999999	2.0	28.426586999999998	6.386312	5.0	11.042565	22.161481	6.0	0.021518000000000002	5.948041	1.0	39.193956	4.317017	4.0	92.322092	24.491865	1.0	3.45161
7221.0	1.0	28.576968	9.631163	8.159185	3.143166	0.30465	0.557395	0.47715799999999997	0.184622	15.308182999999998	4.0	13.244270000000002	12.066415	4.0	17.673202	20.133106	6.0	96.060162	18.347827	6.0	57.112384999999996	14.53636	6.0	83.303187	17.762897	5.0	0.042488	1.9982349999999998	6.0	95.210494	4.510644999999999	1.0	13.671485999999998	24.285021	6.0	38.831887
7233.0	1.0	64.441965	5.037992	14.891114000000002	2.559005	0.7389979999999999	0.15540199999999998	0.97226	0.204715	19.56694	3.0	96.666043	13.308546	5.0	59.660924	9.942598	1.0	32.796425	18.150177	1.0	41.009629	21.080353	2.0	47.993745000000004	8.888162	6.0	0.043115	0.731648	3.0	26.933455	4.332475	2.0	38.612893	24.533392000000003	4.0	11.614998
7237.0	1.0	35.218098	9.492336	1.0104870000000001	6.5667979999999995	0.44096599999999997	0.6534979999999999	0.9349729999999999	0.421013	16.117125	6.0	89.809291	23.302204999999997	3.0	32.490006	4.886436	6.0	19.308519	16.175051999999997	3.0	31.742315	19.087146	6.0	56.14617	22.107626999999997	2.0	0.024915	5.593681	2.0	5.711382	3.9116129999999996	2.0	38.702284999999996	16.251426000000002	6.0	9.888722
7279.0	1.0	13.233393	46.056216	11.781842999999999	21.324837	0.845802	0.11941800000000001	0.610352	0.541845	0.47517600000000004	4.0	51.466725	11.965100999999999	6.0	30.553223	10.663247	1.0	24.342648	23.58117	6.0	37.996140000000004	24.0853	2.0	18.737315	12.443337	5.0	0.029466000000000003	5.876498000000001	1.0	97.643999	2.028165	1.0	71.23285	13.793593	5.0	52.354527000000004
7367.0	1.0	37.38115	6.403829	79.707832	2.578077	0.8844850000000001	0.46471899999999994	0.807384	0.9763860000000001	12.208884	5.0	86.565252	9.491663	6.0	24.276956	19.983813	1.0	34.489167	4.911763	1.0	90.988512	21.922041	2.0	82.728401	14.611192	6.0	0.011473	3.4730300000000005	3.0	91.545425	4.756133999999999	4.0	37.542195	17.050857999999998	4.0	67.830435
7402.0	1.0	9.087705999999999	23.310655999999998	24.024326000000002	8.028417	0.698596	0.642868	0.907962	0.342326	4.161067	4.0	58.061851000000004	8.644094	1.0	64.274754	9.611761	1.0	7.599678	16.754725	1.0	98.851212	21.239101	5.0	54.471322	22.591594	5.0	0.091062	0.338999	6.0	35.276951000000004	1.696563	2.0	33.121743	23.295857	2.0	52.457735
7431.0	1.0	15.485619	5.724862	22.125532	12.888081	0.499166	0.407285	0.296241	0.857864	1.237259	5.0	20.677842000000002	16.816551	6.0	94.44717	18.975707	3.0	55.232601	22.670996	3.0	7.157928999999999	25.434403	6.0	36.74277	15.073699	2.0	0.040264	5.685447	4.0	54.906158999999995	1.5839729999999999	2.0	51.709266	3.2978970000000003	5.0	98.037878
7568.0	1.0	68.064862	9.773377	85.097727	17.067116	0.91428	0.768296	0.7334350000000001	0.879639	21.122571	4.0	36.421245	0.885776	1.0	11.034847000000001	12.654468	6.0	7.928372	11.118925	3.0	49.920371	23.498706	4.0	29.871298	15.609326000000001	6.0	0.011108	4.338117	5.0	97.402976	3.067597	5.0	47.070132	16.007016	6.0	92.04733900000001
7670.0	1.0	29.543791	18.228386999999998	41.271893	11.353249	0.608873	0.977274	0.9295950000000001	0.388915	17.19882	4.0	91.37769899999999	20.895093	6.0	91.60571999999999	20.3492	5.0	43.7578	22.266069	5.0	15.1108	18.021238	5.0	92.209092	2.67346	5.0	0.011192	5.622168	6.0	10.86282	3.1654299999999997	3.0	55.952909	17.468464	5.0	29.649933
7697.0	1.0	23.341423000000002	56.704785	9.755313000000001	3.466583	0.781399	0.314391	0.791659	0.5190859999999999	17.793293	1.0	7.421983	18.159085	5.0	22.809473999999998	21.208598000000002	5.0	38.16499	16.021672	1.0	1.518612	5.991661	4.0	71.22568100000001	18.895851	1.0	0.011459	2.763225	6.0	32.963331	0.163829	6.0	50.077799	13.197247	2.0	31.251337
7723.0	1.0	12.503465	14.773287	2.312225	6.394921	0.384581	0.904119	0.289057	0.8450610000000001	17.492898999999998	4.0	32.209339	14.91576	3.0	14.618526999999998	2.836115	3.0	94.164136	14.90361	5.0	80.19685	8.38766	6.0	58.42564599999999	18.252951	6.0	0.22215100000000002	0.737586	6.0	70.21673100000001	0.085083	2.0	99.744173	23.612588	5.0	60.667962
7802.0	1.0	89.559939	6.651279	18.366829	3.93125	0.147839	0.424307	0.165527	0.768241	2.1531279999999997	4.0	68.530647	18.735205	2.0	95.075614	1.998384	1.0	33.747627	21.505043	6.0	37.685726	24.043244	2.0	92.592107	2.487472	6.0	0.012606000000000001	3.4720940000000002	6.0	51.400352000000005	2.248943	3.0	89.866799	19.82968	2.0	73.504191
7826.0	1.0	31.539507	5.061615	1.778366	86.452822	0.9675040000000001	0.33118000000000003	0.800693	0.406562	23.975541	3.0	70.458364	1.090085	5.0	65.21225799999999	13.85159	1.0	15.690581	5.673576000000001	3.0	8.182882000000001	12.367723	3.0	78.332583	24.046404000000003	3.0	0.012148	4.296915	1.0	77.145195	2.45735	2.0	23.300122	11.944585	5.0	70.565342
7872.0	1.0	50.246562	8.432484	17.023464	10.865236	0.513876	0.9116549999999999	0.975224	0.8834049999999999	19.792706	3.0	84.208111	21.585721	6.0	34.335821	17.96716	5.0	12.900812	9.427284	6.0	17.021564	0.428076	4.0	87.288474	16.596464	1.0	0.01329	4.084319	4.0	34.065839000000004	1.408687	4.0	36.764362	19.108833999999998	5.0	35.247766
7929.0	1.0	48.608498	16.291154000000002	32.622279	3.737043	0.745649	0.9452520000000001	0.249796	0.94527	13.951721	1.0	12.734081	22.355895	6.0	51.145533	21.144319	5.0	88.625777	12.037616	3.0	36.973485	7.834727	4.0	28.051422	9.778359	3.0	0.013253000000000001	4.09069	1.0	30.264726	0.9216719999999999	4.0	87.235452	16.237878	1.0	31.8431
7953.0	1.0	1.5719450000000001	54.123771	20.237725	5.915551	0.844699	0.936837	0.661935	0.31567399999999995	1.8992349999999998	5.0	96.556804	4.471955	5.0	72.531362	12.849603	5.0	56.538865	6.522211	2.0	18.362337	15.1912	6.0	83.501191	19.25065	1.0	0.038572	5.602328	2.0	46.607093	0.301694	5.0	96.1279	16.099346	2.0	88.318004
7958.0	1.0	35.504856	13.929226000000002	14.379342999999999	7.049767999999999	0.323177	0.48532299999999995	0.5056149999999999	0.641359	4.775653	3.0	9.0277	22.092876999999998	2.0	53.310081999999994	1.429065	5.0	98.760627	22.040547	2.0	97.60798199999999	9.347322	5.0	9.721252	6.5746649999999995	1.0	0.028312	5.564317	6.0	15.915029999999998	2.1464950000000003	5.0	89.086811	15.153785999999998	2.0	97.355839
8055.0	1.0	16.439417000000002	19.130836	65.50731999999999	4.3052470000000005	0.663922	0.8638600000000001	0.47789499999999996	0.788612	19.086510999999998	2.0	12.526439	3.825139	3.0	43.14138	9.041863000000001	6.0	95.056278	17.936429	5.0	17.526328	13.842048000000002	2.0	43.975263	11.936086	5.0	0.010140999999999999	4.626866000000001	4.0	69.597973	1.303951	5.0	47.223449	5.348465	3.0	72.01258
8110.0	1.0	22.444008	73.039823	57.600087	32.715682	0.986349	0.200224	0.986664	0.9205639999999999	0.45690200000000003	4.0	50.955959	22.271516000000002	3.0	36.941303000000005	5.442483999999999	4.0	44.295387	19.495604999999998	4.0	40.364181	24.375515	5.0	79.635005	13.624128	3.0	0.045283	4.4125309999999995	1.0	16.204829	2.617236	2.0	55.744383	19.745053	3.0	80.494493
8135.0	1.0	7.911246	15.728287	55.853460999999996	8.540931	0.564184	0.8201790000000001	0.7301449999999999	0.804032	16.735170999999998	2.0	90.028384	1.398464	3.0	36.958163	18.748932999999997	1.0	19.46238	2.668123	1.0	43.363237	23.283164000000003	3.0	34.379893	5.50131	4.0	0.021578999999999997	5.301093	1.0	57.582333	3.192087	5.0	34.736649	0.456093	2.0	2.805332
8172.0	1.0	17.500915	42.267157	25.430382	14.872613000000001	0.5771149999999999	0.47969300000000004	0.894444	0.975843	2.500868	3.0	64.260789	21.516742	5.0	93.310364	18.713867	1.0	36.062827	7.32065	6.0	4.0865290000000005	6.294112	3.0	14.018263000000001	1.9530560000000001	3.0	0.031685000000000005	5.253401	1.0	23.757393	2.131738	5.0	32.104046000000004	16.174726999999997	1.0	17.050849
8243.0	1.0	67.358153	6.804925	5.218412	21.154345000000003	0.6826770000000001	0.442249	0.535353	0.9447559999999999	10.065182	1.0	43.569559999999996	13.005177	5.0	46.632528	0.478987	4.0	58.601026	19.233032	1.0	65.570132	2.056765	3.0	64.465565	16.337733	4.0	0.010001999999999999	3.827589	5.0	47.156295	4.308689	6.0	54.49307099999999	18.696314	3.0	9.342412
8324.0	1.0	15.598717	63.209304	4.784477	57.015413	0.763549	0.232985	0.9417209999999999	0.607498	16.268926999999998	3.0	78.45040999999999	15.252254999999998	4.0	44.627869	16.507057999999997	4.0	25.633913	17.895931	6.0	18.486404	14.900982	2.0	27.743786	7.313211	3.0	0.016306	5.612181	3.0	86.11737	1.549962	6.0	42.62577	11.761439	5.0	49.176425
8361.0	1.0	42.68616	7.275108	1.985911	89.355175	0.666872	0.557808	0.628925	0.321592	13.348417000000001	4.0	49.985079	3.693967	3.0	24.47278	4.642723	6.0	91.058198	12.849935	4.0	69.456182	24.276347	6.0	23.293	15.402660999999998	3.0	0.019292	2.535883	3.0	56.374848	1.714777	3.0	81.337754	7.310221	2.0	83.659412
8370.0	1.0	1.617796	20.157420000000002	56.762499	20.503677	0.9094639999999999	0.131267	0.7609239999999999	0.8768020000000001	1.276959	6.0	53.762505000000004	20.565265	1.0	57.257236	22.094914000000003	6.0	11.31513	9.666502000000001	2.0	43.425056	7.728737	6.0	61.638854	4.50071	1.0	0.019235	3.530697	3.0	36.289475	1.220524	5.0	41.638996999999996	20.91169	6.0	35.484515
8374.0	1.0	4.290301	29.564120000000003	86.955089	3.160756	0.432406	0.29616	0.863806	0.365892	22.964935999999998	4.0	95.872741	22.673804999999998	2.0	75.420774	9.867343	5.0	41.833727	7.019885	3.0	69.44463499999999	23.609336	6.0	94.119628	24.298898	2.0	0.012918	1.4995610000000001	4.0	89.63779699999999	0.549099	2.0	69.22715699999999	12.889593	6.0	41.186956
8416.0	1.0	61.119351	3.22945	44.497521	5.475403	0.315343	0.361913	0.190296	0.944757	9.555694	6.0	73.770843	4.201093	6.0	54.122243000000005	2.7857849999999997	1.0	34.562558	22.750660999999997	5.0	91.909322	17.70897	3.0	46.401458	19.864245999999998	4.0	0.022299	4.927194999999999	2.0	32.281653000000006	3.556851	4.0	52.243906	20.371577	6.0	82.257387
8515.0	1.0	29.642251	3.1166099999999997	5.826928	21.552313	0.178129	0.74963	0.544404	0.70263	20.493833	5.0	36.458560999999996	21.877212	3.0	51.406298	6.3026279999999995	2.0	47.341644	12.805544	1.0	91.130566	19.650558	6.0	87.976413	17.551185999999998	5.0	0.196524	1.153881	4.0	37.758379	0.508417	6.0	53.308530000000005	25.277134	2.0	97.939646
8563.0	1.0	99.12578	14.312057999999999	71.991469	8.776334	0.9570690000000001	0.558517	0.479704	0.888582	13.195523000000001	5.0	32.850035	14.833839000000001	4.0	99.50989399999999	3.153812	6.0	35.92355	14.772848999999999	3.0	75.234961	1.863115	3.0	64.215085	16.878817	6.0	0.10002799999999999	2.060123	6.0	23.438546	1.264947	3.0	50.12599	10.31356	2.0	89.91328299999999
8700.0	1.0	3.647008	32.68496	1.33254	23.391913	0.732949	0.8479110000000001	0.889338	0.987849	6.846611	3.0	96.42049300000001	5.493183	2.0	47.757928	0.6023609999999999	2.0	79.590378	20.538608	4.0	25.479412	1.785351	6.0	65.438507	11.109384	6.0	0.034737	5.253786	1.0	41.610186999999996	5.467802	3.0	30.954125	13.629929999999998	2.0	1.463709
8814.0	1.0	41.801342	25.057217	22.206251	17.993099	0.9879370000000001	0.28269	0.356043	0.523066	15.417806	5.0	56.713974	22.135791	5.0	33.048764	18.743451999999998	4.0	27.432084000000003	10.4084	1.0	49.450835999999995	21.689473	2.0	70.351507	13.132363	6.0	0.015061000000000001	1.133902	6.0	64.585712	2.619669	5.0	37.939149	18.858639	3.0	59.017627000000005
8874.0	1.0	11.004217	42.431946	2.217095	38.895113	0.708242	0.245383	0.501421	0.858268	21.779511	3.0	52.44531800000001	18.356248	2.0	85.154922	14.193677	1.0	27.790297	23.185243	4.0	18.41875	16.326217	4.0	61.20261	23.441876	1.0	0.036412	3.575079	5.0	40.233271	5.282184	2.0	79.487831	4.874967	2.0	94.77040699999999
8940.0	1.0	5.441325	88.9023	3.4646449999999995	16.645888	0.333322	0.577527	0.6917949999999999	0.8454290000000001	11.995884	6.0	48.374297999999996	20.575742	1.0	88.865946	20.168415	3.0	89.503175	13.482026999999999	4.0	48.234055	11.95689	5.0	44.691402000000004	11.896594	1.0	0.015365	3.8691980000000004	4.0	83.738793	3.664547	3.0	34.407831	6.7898130000000005	3.0	92.91306999999999
8961.0	1.0	18.908167000000002	49.453342	3.685457	55.415261	0.9200709999999999	0.917726	0.903983	0.673094	20.036992	4.0	23.504825	12.565663	4.0	84.47150699999999	13.956885999999999	6.0	89.106376	16.68443	6.0	92.192459	16.576508	1.0	40.911671000000005	22.500644	4.0	0.117496	3.998914	2.0	71.74162	3.142391	1.0	43.744406	20.999651	2.0	97.546695
8964.0	1.0	11.594357	67.237674	39.723125	12.649723	0.6788649999999999	0.32305100000000003	0.245497	0.778119	3.592578	3.0	18.533946	14.127453	5.0	34.130762	4.305625	1.0	68.84629	21.494641	3.0	53.496157	23.638405	4.0	88.450149	16.447591	5.0	0.011723	2.3489299999999997	3.0	40.403808000000005	5.728072	3.0	78.464166	24.135236	4.0	81.647077
9080.0	1.0	4.812082	73.95198	37.469377	7.549677	0.5726	0.999589	0.44730299999999995	0.6725909999999999	4.188107	4.0	89.280919	10.146334	1.0	32.715401	14.426625	2.0	57.128451	15.9312	4.0	70.38871400000001	19.067185000000002	1.0	91.506811	9.112905	2.0	0.058130999999999995	1.9859779999999998	3.0	50.273680999999996	4.6755889999999996	6.0	13.97764	11.909607000000001	2.0	46.229734
9124.0	1.0	6.306366000000001	27.328914	59.98681800000001	15.330515	0.804579	0.362528	0.908193	0.971699	19.123185	1.0	23.036353	2.429176	6.0	51.165042	19.569022	6.0	21.42331	20.700059	5.0	3.0679380000000003	21.608736999999998	2.0	41.669233	2.929745	1.0	0.015093	1.391382	2.0	50.29372	2.103593	6.0	58.385865	22.280153	5.0	31.455740000000002
9141.0	1.0	63.132911	4.534015	30.569325	1.34055	0.655271	0.405972	0.650191	0.601784	16.833203	3.0	34.694891	15.332647	4.0	46.224955	14.765647	3.0	46.736323999999996	18.920175	4.0	95.262913	20.206659	6.0	38.784839	10.879837	2.0	0.018185	4.879289	2.0	31.304703000000003	5.0434	4.0	34.301190999999996	7.085853	5.0	6.376256
9143.0	1.0	5.174048	75.80363299999999	20.730948	9.67817	0.442068	0.368258	0.730128	0.728654	16.197483	6.0	99.721482	16.571223	5.0	43.538626	17.727833	4.0	42.581184	15.020394	2.0	84.076809	12.707021000000001	6.0	22.933759	6.4828339999999995	3.0	0.015421	1.012357	4.0	94.975532	2.051112	5.0	49.852308	22.829275	5.0	92.96123100000001
9177.0	1.0	33.221853	7.414189	43.422447999999996	11.274439	0.996082	0.932113	0.963765	0.694016	19.914663	5.0	59.718208	10.707484	4.0	9.195791	6.131474	5.0	20.855346	8.904414	6.0	94.514145	20.142041	5.0	32.616619	2.498322	1.0	0.019237	4.504269	1.0	40.205026000000004	4.984918	5.0	51.888998	15.392897	4.0	74.602757
9207.0	1.0	2.096074	53.924257	82.439777	10.362938	0.680242	0.9921280000000001	0.43657299999999993	0.41381599999999996	10.88033	2.0	43.539651	20.832663	1.0	28.439158000000003	20.860986999999998	1.0	28.834341	1.7708419999999998	3.0	82.643812	25.309962	3.0	33.244099	19.529508	5.0	0.022862	4.011694	3.0	37.683413	2.734362	2.0	28.941254999999998	24.977324	4.0	58.249643999999996
9251.0	1.0	13.139476	36.412724	54.387198	4.343579	0.981942	0.6833670000000001	0.697628	0.65022	18.06824	1.0	64.718908	20.707385000000002	4.0	17.309051	1.762863	3.0	66.068936	14.262817000000002	5.0	28.716099	7.420497	1.0	75.10516199999999	5.226735	3.0	0.020918	1.758371	5.0	54.214256999999996	2.764868	6.0	92.364549	25.377141	4.0	59.002095999999995
9377.0	1.0	3.563417	78.64492299999999	24.179406	17.020243	0.33213400000000004	0.9431	0.722761	0.8214879999999999	9.534953999999999	6.0	54.470907	3.203681	2.0	13.102413	17.339374	2.0	91.898227	20.192447	2.0	50.396733000000005	25.123018	5.0	84.717228	4.2561480000000005	6.0	0.013249	0.35283200000000003	6.0	92.484606	0.5968899999999999	1.0	5.469647	3.622389	1.0	24.550942000000003
9384.0	1.0	5.7448	27.321545	45.032051	14.846792	0.7741140000000001	0.8917700000000001	0.690224	0.957895	15.274029999999998	6.0	77.741012	1.522416	4.0	25.72276	9.445185	5.0	89.556989	13.479671	5.0	44.688337	16.09939	3.0	41.842123	6.056353	2.0	0.01096	3.7889480000000004	4.0	92.627498	1.544952	1.0	20.304872	9.585992	2.0	63.693563
9441.0	1.0	79.291555	18.416877	67.54300699999999	18.105389000000002	0.49857799999999997	0.9508979999999999	0.533434	0.877712	4.097939	4.0	10.022819	16.388459	2.0	31.667201000000002	6.273788	2.0	81.807238	15.405664000000002	5.0	78.569377	17.541975	3.0	76.316582	18.577070000000003	1.0	0.012036	3.2330360000000002	4.0	42.620194	2.7952790000000003	4.0	35.807757	23.881414000000003	4.0	68.401135
9442.0	1.0	14.067854999999998	67.33814100000001	1.8349939999999998	51.289074	0.649864	0.279006	0.760401	0.5894729999999999	4.769296	4.0	93.76772199999999	21.705305	1.0	70.166674	13.07323	6.0	68.356323	10.642885	2.0	60.853933999999995	20.187417	3.0	29.5328	6.8336190000000006	5.0	0.011663	2.155152	3.0	20.029121	4.173386	1.0	40.693614000000004	5.935455	3.0	34.049188
9484.0	1.0	18.539303	52.885803	44.716912	3.759535	0.767528	0.789551	0.497332	0.41924300000000003	9.985345	1.0	63.985693000000005	16.921903	2.0	96.639954	9.947051	1.0	96.47479799999999	5.046142	6.0	15.503392000000002	12.018359	3.0	24.299487	8.737846000000001	3.0	0.083664	4.741014	4.0	99.762072	0.779587	6.0	10.396676	8.457785000000001	4.0	76.91721899999999
9544.0	1.0	9.59298	65.718772	13.104063	38.68743	0.6568109999999999	0.727862	0.7735609999999999	0.8632620000000001	22.704704	1.0	42.542761999999996	20.661935	1.0	43.905506	9.211953999999999	3.0	72.874237	3.5472879999999996	3.0	67.810521	21.689719	1.0	63.025318999999996	15.024852	3.0	0.09579	4.855075	1.0	76.972877	4.500572	3.0	18.164005	2.9309119999999997	2.0	68.019199
9596.0	1.0	10.494456	54.689615	92.63901899999999	26.347174	0.850456	0.25708000000000003	0.194762	0.811819	1.949629	1.0	31.531259999999996	7.411767	2.0	66.975432	17.74674	3.0	82.884848	11.121472	3.0	39.773849	24.282525	4.0	94.864877	1.873562	6.0	0.012764	3.7788809999999997	6.0	93.83913000000001	5.666037	6.0	4.794298	20.845889	3.0	31.871869
9669.0	1.0	10.947481	79.481187	79.09009300000001	31.823427000000002	0.352516	0.679292	0.597637	0.742839	12.153723	2.0	43.553371999999996	18.883923	1.0	36.884937	19.533045	2.0	58.625941000000005	7.127605	3.0	75.130365	9.235705000000001	3.0	78.042057	3.314423	5.0	0.026300999999999998	2.838218	5.0	85.330299	5.584835	3.0	72.296575	18.345778	6.0	95.94232099999999
9687.0	1.0	5.023331	30.350046999999996	51.123670000000004	2.11452	0.275125	0.6545569999999999	0.975764	0.98726	18.499696	4.0	93.080495	16.778534	5.0	30.625565	18.339239000000003	3.0	62.04724	4.611176	3.0	73.769077	15.423116	5.0	59.93728	10.63326	4.0	0.013919999999999998	1.5058129999999998	2.0	28.443277000000002	3.609288	1.0	40.324449	7.961824000000001	3.0	77.109938
9759.0	1.0	3.8351290000000002	4.785053	1.895763	7.808265	0.6562180000000001	0.591747	0.711178	0.9689180000000001	0.634095	4.0	31.227896	3.8867730000000003	6.0	66.76196999999999	7.851659	1.0	82.148421	1.7454669999999999	1.0	70.342516	23.450978	3.0	69.01696899999999	23.832559	3.0	0.033520999999999995	4.710172	1.0	47.394077	2.967462	1.0	95.237786	2.151154	5.0	16.774632
9784.0	1.0	71.190978	1.2572809999999999	86.693658	10.718885	0.939807	0.91519	0.7094189999999999	0.6352	14.773005	3.0	21.314117	11.037641	5.0	1.2810270000000001	9.922168	1.0	55.577248	18.544539999999998	3.0	9.868575	17.715553	3.0	49.455345	8.948317	3.0	0.010374	4.501580000000001	4.0	16.064632999999997	1.065452	5.0	6.767537	20.909670000000002	1.0	8.48065
9864.0	1.0	4.228915	21.25686	3.853074	36.087540999999995	0.626238	0.348765	0.7192890000000001	0.589811	17.457742	1.0	41.466378999999996	13.669248000000001	3.0	81.07424499999999	8.656805	5.0	13.748091	11.547295	5.0	58.231598	17.256229	4.0	97.582787	13.829907	5.0	0.013361000000000001	5.209754	1.0	83.490077	4.2969550000000005	5.0	19.349493	8.987603	2.0	61.556625
9896.0	1.0	86.45885799999999	15.392069000000001	12.202213	1.102423	0.615952	0.6048939999999999	0.149284	0.907515	1.658416	2.0	59.389091	13.851488	3.0	7.144842999999999	5.418182	6.0	87.439865	15.554153	2.0	52.041074	4.580527	3.0	57.07274399999999	4.301371	2.0	0.014391999999999999	3.356699	5.0	63.948955000000005	3.499693	3.0	72.21762	17.240818	4.0	37.45089
9990.0	1.0	52.073	16.483798999999998	49.790246	14.703835999999999	0.714655	0.713645	0.899907	0.44666000000000006	19.95318	6.0	17.306099	21.2359	4.0	23.689020000000003	20.561541000000002	5.0	37.464838	11.107863	2.0	64.881567	10.20983	4.0	83.61752	15.507328	4.0	0.016384	4.119675	3.0	82.454847	1.7746790000000001	3.0	1.6675389999999999	20.058712	4.0	59.748702
