232	4	-6.635926	2.657533	5.543632	6.897093	5.411549	7.553624	-4.103149	-5.091179	4.823771	7.543233	-0.511540	1.526081	-1.204248	3.237174	-0.265570	-4.758854
315	4	-0.657636	0.848368	4.383276	0.558609	-0.657548	0.848368	-0.547864	-5.217783	5.506455	7.039745	-6.518435	-5.526023	-6.298719	0.848223	4.656329	6.256859
353	4	2.206688	7.350738	5.804046	6.827605	-3.459877	3.228098	5.949600	6.827626	4.461751	7.521100	-0.755660	-4.813569	-1.204756	3.382966	-0.629897	-4.791595
434	4	5.929645	5.694414	-0.462047	-3.079195	-0.156695	1.236730	-0.228714	-3.078590	-3.418332	1.001283	6.170956	5.918726	2.665113	5.237805	6.132540	5.917413
440	4	3.134815	6.443594	-0.170898	4.065794	-3.146762	1.656846	5.688495	6.368883	5.110798	6.492594	-5.797569	-2.599039	0.156054	1.692754	-0.546819	-2.249480
471	4	-3.107600	1.000172	7.243332	7.417462	7.376495	6.690817	-3.262540	-4.374300	7.376388	6.690816	-3.177381	1.269383	1.197504	2.321469	1.108657	-3.638060
544	4	1.818813	0.130702	8.791785	2.234313	6.273636	5.447999	4.501440	2.162781	6.658978	5.448070	-1.592966	-3.761382	-3.019281	0.122755	8.801174	7.059853
569	4	5.327108	5.589505	5.400223	0.925691	-2.911440	-1.030312	6.122940	5.963070	2.994562	0.466531	6.118158	0.925832	5.337091	5.589691	-0.229266	-4.780694
608	4	1.084267	-0.409068	-0.357567	-5.607962	7.634428	5.719936	-2.106751	-5.607962	-4.507973	-0.510137	5.979629	5.723744	5.443862	5.719539	4.227140	4.751053
630	4	-2.824103	-0.571635	4.593208	6.622732	5.258332	5.303882	-0.646845	0.311468	0.460856	-0.566329	0.835194	-6.104746	0.458810	-0.566359	0.849068	0.325298
730	4	-2.989752	-1.815233	4.477460	7.338881	1.317155	-1.803315	-1.628354	-2.066199	6.924090	4.754508	-2.993599	-2.108400	6.801908	4.754507	-2.262407	1.892085
741	4	6.828802	6.788045	-0.070816	-6.021922	0.603651	2.182464	2.194469	-3.547768	-1.534859	1.516687	6.642319	6.930574	4.793024	6.787249	4.377088	6.699674
748	4	-4.661225	-1.206735	4.219748	6.830605	3.862601	5.190313	-0.282931	-5.970370	-2.355815	-1.049488	-0.262875	-5.960110	1.391384	4.823454	4.215363	6.830565
757	4	7.476360	6.507596	-0.312904	-5.783796	2.559614	1.428694	1.610993	-4.990505	7.085713	6.507596	5.576788	5.320527	2.157998	0.979879	7.500693	5.320682
763	4	5.626259	5.491660	-0.118119	-6.100160	-2.286938	1.814846	7.072828	4.762158	0.264629	2.610003	0.588008	-5.409782	3.039514	5.143279	6.445749	4.745582
859	4	1.231322	0.004646	0.235357	-2.279518	6.397656	5.624341	0.100892	-2.761232	-1.143833	-0.065632	6.133391	5.455177	4.018921	5.611178	6.005775	5.455177
909	4	7.112272	6.851420	-3.608292	-4.739103	-5.360847	2.468182	7.600027	5.971440	0.833712	2.473997	5.627712	1.617352	0.847426	2.474338	1.691282	-4.403866
947	4	-4.531143	-0.622004	5.809078	7.458086	-0.791706	-0.556863	4.127965	2.130315	4.727847	5.533558	-1.525044	-3.657096	-0.761241	-0.551265	0.247441	-3.480919
1086	4	0.804206	1.574219	-1.372675	-0.928001	5.171574	6.311345	4.114414	5.791281	6.822875	6.311413	-2.515800	-0.928001	-1.352518	1.564348	5.258645	6.559125
1088	4	6.898885	7.653341	-1.041941	-3.475374	6.793934	7.653340	2.470943	3.274777	1.900882	2.779226	2.887854	-2.687097	0.899337	2.750283	6.412692	4.568525
1112	4	-4.865556	0.050632	6.008050	5.867096	1.329225	0.455242	-0.517500	-5.821698	1.328435	0.454665	3.700779	0.404901	5.509135	6.248592	-4.967149	-5.822627
1179	4	3.178481	6.096472	5.454290	7.001061	7.003460	6.213224	1.228570	-1.252198	-3.235277	-0.421038	6.932016	7.003645	0.588430	-0.386528	2.778825	-1.235905
1263	4	5.819523	5.429468	6.491314	4.371367	1.579312	-1.006786	0.736803	-7.149337	7.939290	5.429514	0.689032	-7.149633	-0.540490	-1.093894	6.539067	4.371383
1271	4	5.326917	4.034852	5.630196	4.399562	6.781124	4.034876	2.318644	-3.040060	1.769150	-0.902519	2.395003	-2.892589	0.311048	-2.521876	5.691928	4.401446
1333	4	1.490164	-0.557137	3.973504	-1.105353	7.839635	5.749358	-0.887926	-7.143083	1.491204	-0.556243	-0.155598	-7.142365	7.838858	5.749358	3.102144	-1.315656
1372	4	6.349301	4.978787	1.852049	-0.349256	-2.388737	0.253068	7.112442	7.411325	3.433384	4.872201	7.084510	7.408330	0.581487	1.113652	1.897474	-0.314011
1441	4	0.286391	3.016671	5.359661	-1.053994	-3.851151	3.016636	7.255253	5.562867	6.011260	6.996384	-4.051588	-6.716541	0.286429	3.016671	0.728587	-5.435663
1620	4	1.995699	4.533251	2.170985	-5.194458	-0.719817	4.150213	7.859479	6.612382	6.679912	7.692926	-0.678240	-5.338249	4.046684	7.190129	5.682682	6.612146
1637	4	8.162191	2.409274	1.768893	-4.693111	5.808914	2.409159	7.896240	5.410184	2.514584	-0.516858	2.215733	-3.560777	0.164556	-3.915096	8.417248	5.410184
1654	4	1.312727	0.562963	1.407776	-6.373673	1.228145	0.519271	4.534190	-0.088938	6.545920	6.719800	-0.060009	-6.431870	-1.268694	0.268722	7.643188	6.364819
1682	4	5.996604	6.873906	-1.333089	-3.365569	-1.967781	1.167476	6.032107	5.830462	0.485409	1.169829	0.306164	-3.269811	3.620815	6.213497	4.788617	5.731294
1719	4	5.119212	7.808559	2.877266	5.494164	-2.064174	3.870263	7.610286	6.828687	0.160991	3.870306	1.574003	-0.816368	6.537396	7.830760	-3.122506	-3.853841
1787	4	-5.750159	0.750600	8.095451	6.518404	5.880089	7.377207	-4.554163	-5.718731	0.376550	1.284454	1.777168	-5.024889	0.348859	1.259377	1.798536	1.615703
1861	4	6.771655	6.065227	-1.177733	1.889828	6.882494	6.065228	-2.137327	-4.331172	3.981114	6.063549	4.215008	6.490505	-1.651228	-0.229271	5.449901	6.493037
1895	4	-3.484043	-3.290814	3.503717	1.445008	-3.682219	-3.290820	5.624576	7.647477	4.974960	2.764587	0.448864	-3.711174	1.796832	-2.540451	0.469406	-3.660722
1901	4	-0.104255	-0.347912	4.249028	1.028476	-0.102152	-0.347912	-0.511324	-5.338474	-5.166863	-0.347915	5.856858	7.535396	5.698827	6.192805	-1.622554	-5.339447
1939	4	-3.443376	1.518068	5.880944	7.081203	6.953469	7.658780	-6.885997	-4.050963	1.199729	1.726296	-0.278220	-4.050823	1.031627	1.668021	4.426779	0.574990
1972	4	6.413884	6.756585	2.047403	-0.040394	1.827531	6.756158	3.163181	6.102613	6.413893	6.756585	-0.906450	-3.041612	-2.806586	0.910377	6.420973	6.147681
1976	4	2.765597	5.828907	5.619355	7.297654	-0.109874	0.048576	1.831329	-1.601326	-2.713767	-0.127456	6.232236	7.372473	5.351383	5.833183	0.864268	-2.906657
1977	4	5.163250	7.337957	-3.130913	2.288923	5.466030	7.362094	-4.463884	-3.869399	-1.941428	4.387208	4.887203	7.784647	1.302209	4.462332	0.570706	2.352733
2021	4	-0.297082	0.062047	3.508539	1.111860	-0.297070	0.062047	-0.581219	-5.287954	-6.060833	0.062042	6.052172	6.724518	5.282680	6.305088	-1.386797	-5.293935
2098	4	5.512506	5.845412	1.681313	1.177741	2.307505	5.809351	6.470202	6.622442	0.276249	1.977452	2.414946	1.219197	-2.846493	1.107673	7.134823	6.622442
2173	4	1.028819	1.395417	1.345908	-3.294549	-2.511664	1.392249	4.960045	8.672216	5.748147	6.848620	2.334680	3.265060	6.600330	6.850678	-0.966762	-3.297830
2194	4	6.559565	7.192001	-4.720085	-0.776608	4.256238	7.183411	1.080860	4.676589	-4.532560	1.363713	6.713204	6.943321	0.240467	1.375619	0.788768	-0.776568
2221	4	8.673353	4.755721	-0.028565	-3.394853	4.622201	4.461713	4.946503	7.645770	1.038529	0.143139	6.079100	7.645893	8.267274	4.755626	0.558841	1.586350
2252	4	-3.981952	2.400045	7.433848	7.315680	4.971848	7.684361	-4.713710	-2.560194	-0.180839	2.406226	1.011053	-2.333297	3.512812	7.306275	1.709562	4.161267
2330	4	1.439060	3.597842	0.772507	-3.136138	6.310914	7.704445	-4.465667	1.901056	1.431669	3.574836	1.004964	1.902346	-4.554024	1.136268	7.252520	6.933416
2387	4	5.190913	6.401630	0.653489	2.587578	6.269081	6.406512	-2.441309	-4.707710	0.032477	-0.022550	-0.722006	-3.928730	-1.095895	-0.022567	2.492256	2.697585
2389	4	5.723858	8.998766	-5.994873	-1.334009	2.106877	6.415691	1.128265	4.477749	-4.411946	2.722792	5.394685	5.786330	0.365032	3.882672	-0.322767	-1.334009
2419	4	5.841597	6.927910	0.726395	-3.715864	5.378078	6.927910	5.697343	3.963855	-0.485036	2.889104	2.483177	-3.001951	-0.994105	2.845167	7.461249	4.013522
2441	4	-0.878624	1.330166	6.164249	6.512632	5.262338	7.245531	2.954017	6.502622	7.055008	7.249304	-1.409560	-3.207359	0.914564	1.330618	1.805288	0.027858
2458	4	4.017441	9.366268	-0.216059	6.938486	-0.228585	3.588832	6.281692	7.513689	0.406863	3.785518	1.849391	1.050715	4.634606	9.526713	-4.647495	1.047501
2525	4	-4.194571	-0.048175	4.148504	8.507974	5.724882	6.386808	-4.850305	-1.847847	0.446078	0.285103	-0.424949	-1.798059	3.486126	6.288318	-0.564037	4.610429
2565	4	-4.081482	1.543702	8.416654	6.194554	-1.618502	1.544179	4.200154	-1.152308	4.796089	6.835863	0.072129	-6.109211	2.825805	6.834340	4.394375	5.467481
2589	4	-1.038002	0.507751	6.128291	-1.338379	1.458695	5.281901	8.102295	5.160922	5.326932	6.670904	4.522221	-1.338559	-4.899712	0.119685	8.943816	5.160922
2601	4	5.714755	7.071860	1.832606	2.275925	4.689152	7.068494	5.890498	7.406766	-1.343884	0.994782	6.222013	7.413842	-0.459181	0.994802	2.244274	2.427657
2627	4	2.038571	0.436254	-1.326266	-4.928922	7.059356	6.622544	-6.731813	-5.030594	1.934586	0.401374	-0.703008	0.889955	6.990801	6.622543	-6.297014	0.580421
2648	4	8.298841	7.844789	-1.812051	-3.170833	4.192489	7.370864	4.937917	5.983934	-1.908654	1.598247	6.836598	5.983946	2.164932	2.345245	0.392550	-0.961077
2741	4	4.824359	6.699568	2.911592	6.364859	0.572000	1.160498	1.523541	-0.682570	7.191360	6.746163	-0.853303	-2.542398	-2.358787	0.835940	5.176196	7.144565
2883	4	2.772721	2.531264	5.683272	-1.521082	8.738671	6.625039	3.157932	-3.243742	8.331594	6.625039	4.434485	3.939360	2.137434	0.710954	6.953393	4.064427
2887	4	5.930957	5.501345	-0.549488	-6.985282	0.774453	1.261133	-0.126402	-6.974047	4.776149	5.501314	4.376186	5.051232	-0.551150	-0.846243	4.799245	5.328508
2914	4	-5.133293	0.609929	6.829340	5.893245	0.256029	0.646388	0.553391	-6.975485	6.715674	6.999917	-4.169150	-6.980384	0.256029	0.646388	5.674782	-0.541116
2974	4	0.897241	2.578203	6.140475	1.635477	-1.118435	1.274496	7.956036	5.693277	5.253225	7.105420	6.540622	5.692970	7.286430	7.105717	4.788241	1.548717
2988	4	8.965732	6.784604	2.963312	1.302714	2.409316	2.346505	5.173878	1.363772	-3.655340	0.672318	7.938898	7.708925	8.965771	6.784604	-0.471553	-4.948100
3063	4	5.882549	6.434223	3.084480	6.195553	6.797310	6.435100	-3.123706	-1.823230	1.126446	2.648372	4.992350	6.529038	2.057846	2.692903	-1.216027	-0.454422
3152	4	7.008562	6.918426	-2.779749	-2.416042	0.518068	0.339189	-0.376285	-1.690344	-1.947639	0.310420	5.413666	5.162209	4.633455	6.914060	2.850014	4.207096
3246	4	-1.465760	2.594355	7.350692	4.965437	5.842712	7.229297	-2.921274	-4.155582	0.873463	2.613136	5.469635	-0.652086	5.093734	7.211200	3.205261	4.389215
3256	4	-2.059341	-0.159228	6.692191	6.439155	1.453006	2.121054	-0.840506	-3.341761	5.783113	6.307708	-1.163725	2.397671	6.597764	6.310810	-5.056328	-3.341764
3422	4	-0.077158	0.949507	8.873934	4.968506	6.276270	6.946484	7.502682	4.968506	7.849602	6.947229	4.353502	-1.611335	1.495952	0.960404	5.737091	-1.580728
3531	4	4.415824	8.680076	-0.031852	8.503041	8.131505	8.704106	-5.286439	2.901627	8.173480	8.704106	-6.566134	-3.466531	1.328330	3.127944	2.545273	8.952280
3540	4	-1.364052	3.448898	-5.100458	-4.282432	4.401871	8.226330	-10.956914	-4.284678	-1.379371	3.448719	-4.984733	1.589257	-7.198696	3.445432	0.823800	4.787865
3567	4	0.993944	1.122539	-0.625581	-5.221809	-3.995008	0.409667	5.445553	5.786160	7.360871	6.230867	-1.511095	-5.224958	0.620475	0.876736	5.298919	0.706570
3574	4	7.332179	6.060804	0.064738	-2.184847	4.298455	5.596916	5.764673	7.234451	0.754223	1.907271	3.866759	1.620808	-2.058609	1.906998	6.146962	7.234519
3640	4	0.386577	0.881277	-1.911451	-2.156626	-5.491684	0.290487	4.720966	6.947513	6.140718	6.103034	-6.253114	-4.219338	6.125096	6.101883	-5.297249	1.887462
3672	4	-0.582152	3.132762	4.262232	0.878478	-0.582150	3.132764	1.888731	-2.854383	-8.073579	1.608699	8.437832	6.638002	2.455058	5.259115	-1.201490	-4.290192
3687	4	-4.534635	1.693482	4.543579	6.232415	6.535904	7.073826	-6.029045	-2.792642	4.697438	6.982101	-5.041534	2.612295	1.734868	1.697355	-0.685164	-1.573531
3729	4	5.970771	6.170204	1.906065	4.578135	1.349819	0.427429	1.054203	-2.975930	-0.444284	0.316627	6.364305	4.977208	7.510463	6.172899	-3.254799	-4.749544
3880	4	5.114833	6.693113	-0.780252	-5.602446	-0.829772	2.748319	6.378696	0.459520	-6.993812	0.771301	8.243488	6.818946	-0.826444	2.750752	1.659943	-5.294995
3913	4	-0.500394	3.842772	8.138737	2.973882	5.259105	7.157963	-0.944816	-5.332966	-0.421041	3.845798	2.117323	-4.162207	5.186183	7.134853	5.054650	2.936809
3974	4	1.072236	1.258296	7.734373	7.427782	6.679323	5.454320	7.245230	7.427190	1.561308	1.280490	1.781708	-3.040986	7.168394	5.454321	1.292613	-3.359862
3978	4	0.105746	1.338441	2.192745	-2.949687	5.680803	6.506265	-0.978774	1.659894	-2.292510	0.217630	6.046874	7.953198	3.589610	6.506218	2.866730	5.594532
4061	4	0.758368	1.767933	1.201595	-3.541962	6.934087	8.256780	1.164668	-3.630166	-0.953130	1.766820	5.227383	5.032376	5.222908	8.225969	5.190286	5.032115
4066	4	6.134498	4.221651	2.343051	-4.016161	-0.161316	-0.088851	3.980094	-3.036431	5.593121	4.221647	4.736377	3.752972	-1.413944	-1.256069	6.403631	4.158834
4087	4	0.610031	0.383562	6.535852	0.435188	7.005914	6.611617	2.706666	0.434945	-4.519928	0.382349	6.591426	7.054664	7.006030	6.611617	-3.404047	-5.325238
4122	4	6.068794	5.863409	-1.326313	-4.729874	-3.963230	0.581864	7.579599	6.427280	2.258211	2.990982	1.586048	-4.666748	2.216822	2.901857	1.699632	0.879568
4183	4	5.465056	6.134226	-1.885941	-3.895526	0.861677	0.804834	-0.006858	-3.893790	4.389401	6.128591	4.274540	5.592945	-0.208213	-0.205338	6.141947	5.601378
4204	4	5.534374	5.095987	-2.762216	1.573398	-2.292975	-1.306912	3.997791	6.625977	0.941042	-0.429686	1.327346	1.659655	0.587944	-0.987432	2.337551	2.139970
4304	4	5.351818	5.750490	5.245711	0.235486	-6.976220	1.170578	7.952627	6.268523	-0.959821	1.170616	7.630959	0.238339	5.352124	5.750515	0.668792	-5.632459
4351	4	-1.769287	2.308054	6.532050	6.402795	-0.130319	2.308114	4.561944	-0.178312	6.355341	5.630302	-0.004991	-1.962369	2.025219	2.409183	3.418515	-1.707179
4399	4	5.923132	7.952350	-4.345979	0.646381	5.923222	7.952351	-5.026778	-4.531276	-4.716012	4.079501	6.731512	5.491283	0.759578	4.080506	0.743899	-4.257728
4428	4	4.555919	6.044341	3.767514	5.791047	-1.957545	2.059446	6.844937	6.668264	7.426689	6.045726	-1.258291	-1.912644	1.001986	2.844898	1.890913	-1.303450
4440	4	-1.984612	2.695529	5.843241	6.564554	0.406646	2.792735	-0.598175	2.175747	5.776999	5.228903	-3.190716	2.175710	3.487570	5.213307	3.307014	6.471912
4443	4	-0.523688	3.593583	1.249695	-4.860994	-5.809798	3.593579	6.097074	5.465712	5.405314	7.015640	-1.662321	-5.765396	5.328861	7.013608	3.158636	3.763285
4448	4	5.887579	8.134931	-0.898956	-1.933422	-0.716345	7.082192	4.603023	7.594811	5.082039	8.134931	-0.522409	3.058202	-4.613065	2.748045	6.566154	7.608840
4561	4	8.418463	6.634449	-3.153030	1.796500	8.492217	6.634449	-3.497931	-1.804651	1.693345	1.074750	2.174604	2.960848	2.030152	1.140162	0.216006	-1.445410
4647	4	1.864191	1.268875	-0.432137	-2.271532	-1.779469	1.264671	5.513161	4.787752	5.488623	6.979397	-4.618343	-3.966802	1.864174	1.268875	-0.429613	1.272854
4658	4	3.439059	6.375856	4.540950	6.274872	-2.181691	0.846809	9.224645	6.301232	7.337010	7.308416	-2.096230	-4.706658	6.284813	7.288800	1.070088	1.718877
4686	4	4.809663	7.696911	-1.865627	-4.001173	1.142498	3.602367	-0.126529	-4.001121	3.782650	7.251862	4.665641	4.338776	0.066999	3.566866	6.120826	4.490410
4694	4	-4.305703	3.069348	5.074443	7.978043	7.151580	7.505658	-1.518138	0.452959	1.058772	3.071719	1.781347	0.456265	3.960377	7.410019	1.387899	4.974459
4752	4	5.920388	8.323678	2.324842	-2.953876	-2.920880	2.865865	6.632571	7.677610	-0.698748	3.194049	4.926302	1.190723	3.088444	7.486050	4.956513	7.652281
4804	4	1.310465	-1.027750	5.602322	4.556962	7.813243	5.346242	0.938408	-4.690925	3.560859	1.678287	0.998701	-4.645441	5.683164	5.343352	5.536126	4.534787
4805	4	1.349317	1.311939	0.969096	-5.479207	7.550771	7.061233	-1.402691	-5.481662	-4.363039	0.574573	6.397250	7.101697	-0.311931	0.604887	0.970551	0.949684
4867	4	-7.400686	4.225088	7.559721	6.227404	3.546443	8.969712	0.757744	-3.563834	-0.950477	4.230544	2.042351	-2.215549	-0.950814	4.230539	4.968621	2.124898
4886	4	6.784242	5.796984	0.090960	-7.383308	0.553213	0.293385	0.948179	-6.588475	-0.843326	-0.484920	6.136044	4.999283	5.417692	5.672764	5.274341	4.852291
4890	4	4.749570	7.889943	-1.224499	2.646070	-4.283833	1.848897	6.760655	5.025297	-1.223242	1.848897	3.095276	2.812961	-1.094094	1.848897	3.031837	-3.402580
4892	4	0.986473	2.199845	0.356976	-3.972609	7.115142	6.552114	-1.201893	-3.973000	-1.035007	1.524312	5.913124	5.218086	5.121106	6.539178	4.357892	5.198675
4941	4	5.147963	5.184173	7.214764	5.807231	0.752052	0.419168	4.305065	-0.352142	6.222157	5.184832	1.479970	-4.944135	-0.215758	0.001957	7.848734	5.807867
4966	4	-0.738726	1.511482	1.101783	-3.179550	-3.565515	0.379675	7.424328	7.441842	5.082759	5.463242	0.231093	-3.185519	2.214334	5.385659	6.543908	7.440606
4979	4	-2.312592	-1.524967	5.782684	7.363007	5.622851	4.947277	-4.605768	-5.058047	1.554545	-1.102313	0.130878	-4.868446	5.622136	4.947277	-1.304657	0.879312
5113	4	0.417005	0.209614	0.856557	-3.331776	-3.762734	-0.609371	5.417072	8.002321	0.417000	0.209609	3.087276	1.393436	6.234091	5.627804	-3.986568	-3.673142
5126	4	6.598738	6.724415	-0.209577	-5.932953	4.012790	6.721197	3.692547	5.752008	-2.861313	1.016469	6.095420	6.160518	-0.038798	1.042142	2.190531	-2.729536
5161	4	6.372035	8.188044	-5.158933	-5.234140	-2.919289	2.743959	7.035952	5.568649	0.187565	2.752199	0.519014	-5.231565	-0.698065	2.744343	4.835393	0.907497
5195	4	6.557431	7.713130	-1.661081	-3.479749	0.186536	3.205474	2.640372	-3.339548	-4.237440	1.764893	9.004183	6.295196	0.179918	3.197343	8.339061	1.686654
5261	4	-5.065162	-0.339714	6.309326	6.851427	-0.925969	-0.339686	4.666546	0.902799	5.291992	6.001397	-3.435608	-5.475305	-0.889186	-0.339681	0.315283	-3.083287
5311	4	-2.170176	1.543186	6.849296	7.862921	4.065609	5.139808	6.036596	7.860464	7.249023	5.142131	0.008071	-2.213038	1.030401	2.709149	0.700758	-2.212911
5314	4	0.622721	0.692543	-0.521019	-3.486510	5.996637	6.129261	-1.718490	-3.486520	-1.957025	0.070559	5.914217	6.065026	3.447184	6.127902	4.700753	6.016997
5350	4	1.472885	2.266287	1.266217	-2.544970	-1.851933	1.939237	7.573999	6.167359	3.881505	6.018218	6.967650	6.132383	7.404224	6.127891	0.400394	-3.218343
5406	4	-4.916259	1.447011	4.097107	6.225657	0.875096	1.447924	-0.470296	-1.839982	7.415276	6.733485	-4.647442	-1.841480	7.178476	6.733469	-0.252657	3.219241
5416	4	-0.292922	-0.368871	7.057515	5.370408	7.953980	6.120932	-0.186996	-5.875493	1.628167	0.367474	1.039121	-4.508931	6.033185	6.101914	5.895375	5.367790
5465	4	-0.955917	-0.921981	-1.816040	-5.986073	4.881145	5.179337	3.782709	3.793900	-1.432044	-0.921983	3.903253	3.795946	5.362022	5.254833	-1.969947	-5.986535
5490	4	-3.825932	0.409557	6.212494	5.561315	-1.756867	2.568677	0.022272	1.175180	4.058314	6.614699	-2.977590	-3.855362	2.341452	6.534003	3.425364	4.680183
5512	4	-5.608106	-1.117597	5.337752	7.610072	-1.055924	-1.011580	-0.098567	0.986932	-1.055098	-1.011287	-0.880457	-5.508478	2.107382	5.307496	-6.325903	-5.508541
5618	4	1.462540	2.806224	4.172456	-0.164353	7.529173	8.687313	0.864040	-1.046962	-2.122279	2.769376	8.543668	6.270141	3.878439	8.085602	5.403211	6.213624
5637	4	6.571086	6.135808	0.996352	-0.546877	3.743873	5.543091	5.381080	6.428643	-1.945687	2.790577	6.491909	6.477975	0.914296	2.850385	2.591825	0.148709
5638	4	5.982079	7.869121	0.006837	3.147183	6.764708	7.870052	-2.985270	-2.445157	-2.123299	1.421518	4.956714	6.334048	2.362878	1.945963	1.732956	-2.428819
5652	4	2.028109	1.748516	0.601675	-2.522513	-3.861324	0.922720	6.904709	6.504421	6.520027	7.016007	-2.848271	-3.626519	0.535227	0.972389	3.777465	2.206752
5699	4	3.186907	8.122558	-2.902177	-2.370958	1.179035	3.466925	4.897768	1.739764	-5.003154	3.442563	6.270137	8.342094	1.179359	3.466957	2.357028	-1.496975
5731	4	8.061268	7.150459	-3.425619	-5.566295	4.321556	6.851467	3.855334	6.160344	3.088631	4.349802	0.124524	-3.638222	-0.902999	1.856468	6.730160	6.306757
5857	4	4.802428	4.728154	6.501629	6.618371	-0.782409	-1.121651	6.660805	6.619867	7.210226	4.774753	-0.063925	-5.499617	1.614386	-0.796992	0.105233	-5.476547
5893	4	6.945005	7.298203	0.937346	-5.314629	-2.410294	0.988977	9.177106	6.142602	0.536751	1.017405	2.883308	-1.411882	3.839850	6.805696	7.482605	6.142355
5919	4	4.627269	7.213912	2.477464	5.073854	1.962783	2.104904	-0.274051	-2.765837	5.378101	7.225469	-3.263946	-3.473464	0.933604	1.456100	5.510378	6.229218
5946	4	-2.784998	1.653229	6.403106	9.176396	6.496959	6.794494	-5.201126	-3.755519	5.242072	6.793202	-3.254300	2.560291	1.246673	1.656467	0.139704	-3.753205
5977	4	4.429691	7.553872	3.389960	7.238590	5.943443	7.553884	-2.672518	-0.909910	-2.159438	2.427213	6.838857	8.163912	-0.531319	2.433448	0.773653	-0.786709
6011	4	6.346091	5.109372	4.160017	-3.890973	2.104807	0.358343	4.514807	-3.266679	2.103799	0.358022	5.561970	2.299907	6.345125	5.109372	5.178402	2.287375
6027	4	-1.969887	-1.629062	4.593268	7.146494	5.969472	4.819452	-1.507393	-4.500013	0.925389	0.238435	-0.614225	-4.500011	3.486891	4.813182	3.695775	6.616208
6038	4	5.146911	5.219125	2.775055	-3.459850	-0.895743	2.637692	3.187117	-2.614245	-3.451251	0.747099	7.169589	5.342704	2.783759	4.792202	7.064443	5.342495
6082	4	3.183243	5.614467	5.460073	3.912802	5.507694	5.636579	-1.049332	-8.890228	-0.656502	0.496276	0.168066	-8.157128	-3.083941	0.491102	6.661734	3.986146
6098	4	-4.037432	0.985507	7.290312	6.610397	-0.254302	1.058956	0.985212	-5.698656	5.840659	5.856774	0.278887	-5.713695	2.043259	5.617348	6.748815	6.609638
6161	4	7.754368	5.971230	0.240015	-6.327351	1.593689	2.479268	1.481021	-6.228069	5.460337	5.970630	5.099366	6.091127	-0.702812	2.475899	6.336283	6.095884
6254	4	-0.096659	2.387476	5.902075	0.912809	-5.432442	2.387212	8.651049	7.195669	4.765911	5.075099	5.007417	0.910322	5.199241	5.076451	2.217411	-3.609789
6282	4	0.840583	2.490780	1.791531	-2.251920	0.627236	2.490441	8.255224	4.106431	5.830572	5.467572	0.847243	-3.278549	5.698460	5.467226	7.302510	3.983063
6306	4	1.324337	2.095384	0.369950	-2.787912	5.868446	6.611328	-2.042763	-3.775836	-1.124401	1.998760	5.039460	5.525519	4.922845	6.609605	2.204291	4.372436
6321	4	-4.337759	0.293916	7.109129	9.200200	6.367109	6.058239	5.030112	2.642391	6.426603	6.058239	0.008157	-2.508999	0.760311	0.299635	1.538213	-1.888046
6393	4	6.447304	6.223521	3.294826	2.292092	5.124553	6.155109	4.911472	5.436898	0.188960	0.391574	5.535502	2.299820	-1.124111	0.340832	7.094615	5.436983
6395	4	8.047269	8.464852	-3.053142	-5.442616	6.197050	8.464762	2.531717	5.974139	1.855944	2.631759	4.052170	0.767942	-0.158446	2.200408	5.923124	6.318261
6401	4	8.324775	4.642177	5.091395	2.156227	4.608517	4.524100	5.483187	6.694396	8.330724	4.642182	1.369115	-4.360644	-1.761121	-1.513380	6.069278	6.707617
6703	4	0.916410	-0.396823	4.813788	3.518161	0.937234	-0.391640	1.995269	-2.797463	5.585872	3.998224	1.859677	-2.870178	5.566838	3.997395	4.624578	3.490082
6719	4	6.975121	4.959897	1.461444	-7.959867	1.897184	-1.308902	1.700969	-7.953907	5.084971	4.861624	6.489197	4.766589	0.067588	-1.548438	6.700615	4.766614
6731	4	2.913323	7.146796	-3.381083	-3.551702	-7.096576	0.812224	6.245274	6.598942	-0.655076	0.816997	1.401558	-3.479378	-0.656688	0.816965	1.413181	2.514293
6737	4	1.032842	3.364102	1.228076	-4.288450	6.005324	6.219548	-1.139630	-6.770173	-0.449180	1.652884	7.506259	5.293966	4.429873	6.135572	5.293141	5.246810
6751	4	8.543210	8.007172	-3.308671	-3.616958	2.040037	2.093980	1.915024	-2.025880	5.661101	7.992464	2.778032	5.509831	-0.853557	1.680856	8.002179	7.091060
6754	4	1.634413	1.256614	5.529334	0.980682	-4.649163	0.975378	6.076710	6.922378	6.346075	5.798239	-0.730970	-2.339462	1.655154	1.267740	-0.352768	-2.339458
6919	4	1.517410	3.004387	-0.983989	-4.706706	1.516020	3.003521	-0.983790	0.789413	-4.026127	2.660918	5.447376	5.648432	6.385258	6.638596	-4.020883	0.787706
6929	4	5.838887	6.900663	-2.744072	-4.251582	-0.705309	0.289983	0.129326	-3.137078	-7.273035	0.289950	5.970907	6.396847	-0.729141	0.289980	5.904828	-0.040779
6959	4	4.696923	5.668747	-0.155533	-1.321855	3.648640	5.668436	3.328011	4.548097	-2.506598	0.162229	4.635256	4.916120	-1.087498	0.182996	1.067393	-1.229743
6969	4	4.859438	6.153712	1.794617	1.150781	-5.928145	0.041710	5.608185	6.984462	-0.706959	0.139345	0.874919	-4.926221	4.859486	6.153712	-2.142639	-4.934303
6980	4	0.536751	1.398641	5.363229	7.178491	2.991207	6.282061	0.456438	3.833808	5.561064	7.632894	-4.211795	-0.862045	2.708981	5.523668	3.353231	6.684313
7045	4	7.181494	5.655639	0.108693	-4.120801	-4.766195	0.256812	6.990141	6.460867	7.176952	5.655636	5.362089	0.271649	1.584975	0.330589	6.433496	0.367356
7104	4	-5.697787	-0.819467	6.789706	6.025261	-0.712823	-0.629630	5.000856	0.249409	4.574587	5.235201	4.835186	0.185785	4.576757	5.236502	3.326730	-3.603292
7148	4	5.906977	7.860365	4.521510	1.884042	1.772841	7.013568	5.083357	6.619886	5.958288	7.862838	-0.847565	-4.191178	-3.093601	3.729162	6.247666	6.650898
7171	4	4.170930	7.150560	3.921394	5.570458	7.243718	7.701243	-2.603962	-7.307105	1.226158	3.867165	2.502744	-3.089453	-1.874724	3.783612	7.877424	5.587004
7293	4	6.424472	7.201090	-0.418899	-6.036835	-1.300258	0.995970	6.963612	4.939003	0.657867	1.031331	1.206490	-6.033533	4.452465	7.093742	5.342362	4.938288
7396	4	-3.497400	0.345469	5.577261	7.900546	5.396272	6.784032	-4.363946	-4.909036	1.790110	0.841888	1.118026	-4.902761	1.719794	0.731665	4.585790	1.297742
7449	4	5.829037	6.746617	-1.258478	-5.906958	-0.304961	2.556795	0.052698	-5.837445	-2.322357	2.554012	5.917680	5.241616	3.947885	6.658177	4.541234	5.049712
7461	4	7.326559	5.634130	-3.070244	-5.292278	7.180298	5.634124	2.488604	3.397283	1.544421	-0.612398	-2.345185	-5.002168	0.661019	-0.649428	3.360180	3.996757
7520	4	-1.898967	-0.271663	7.703956	6.726664	3.847898	5.044040	7.211179	6.726664	6.957928	5.838940	-0.969317	0.213913	1.178852	0.159374	1.296884	0.498540
7545	4	-0.261492	-0.975486	4.033137	7.441363	7.258425	5.528147	0.883689	-2.096252	5.893256	5.528069	3.227732	6.923292	1.103659	-0.839385	1.680306	-1.015814
7565	4	7.503209	5.779553	0.824011	-4.867235	4.929073	5.747224	4.867801	6.073867	-0.780961	2.652080	5.288224	6.085721	1.762663	2.659511	1.247940	-4.273213
7658	4	5.521302	8.230433	-8.476701	-4.460267	-4.679256	1.985918	3.751186	6.329525	0.091050	1.986024	-2.582783	-3.621873	5.472213	8.230382	-2.147828	3.125942
7661	4	-1.777343	-1.230152	5.466850	6.285085	6.619683	5.185802	-1.394214	-4.032193	4.137543	4.949375	4.527427	6.276732	0.675823	-1.185213	-0.337362	-4.004439
7670	4	0.876052	1.716582	1.390410	0.526708	6.290111	7.967765	-0.844530	0.456313	3.647024	7.386189	5.382050	6.910464	-1.720053	1.702056	7.405279	6.910465
7836	4	7.607886	5.558162	-0.109495	-3.836822	1.682588	-1.050267	1.367828	-1.791020	6.936835	5.558159	2.657465	3.445855	1.025545	-1.074350	4.134986	3.445915
7854	4	4.512225	6.143622	1.531254	5.440053	7.581756	6.283662	-3.262531	-4.608331	2.015778	1.560443	2.775738	0.753375	-1.039819	1.498797	7.479903	5.443811
7886	4	1.270124	3.199219	-1.737938	-3.077395	6.013254	6.873909	-2.015891	2.983068	6.141674	6.884665	-6.490754	-3.077395	-2.464658	2.598881	3.643180	4.931680
7895	4	7.808000	8.378544	1.134063	0.102446	7.812368	8.378583	-5.270676	-5.334538	3.881233	7.361985	1.544835	6.325957	-0.925304	3.318588	6.086892	6.326412
7965	4	-3.221079	1.635776	8.704259	6.228708	1.192921	1.639204	8.688144	1.725795	4.655905	7.808843	4.507803	1.098494	4.657774	7.809026	-1.774178	-3.013204
8115	4	-0.694313	-1.009920	6.508301	4.967430	0.626612	-1.004366	0.644511	-6.234055	6.199603	5.501533	-0.650815	-7.014936	4.939513	5.491055	5.219036	4.839290
8135	4	3.080740	7.121502	4.254799	6.190280	-2.780194	1.604187	7.198805	6.192440	6.019164	7.251766	-2.309057	-1.732950	0.145131	1.631895	0.821243	-1.403589
8141	4	3.545925	6.104006	0.578577	-4.073977	-1.554408	-0.209952	1.457087	-3.370820	-1.606169	-0.257933	4.960743	-1.402444	1.408967	6.084676	5.955665	4.714289
8189	4	0.428530	3.517842	6.608879	6.837188	5.829952	7.631904	1.951471	-6.002737	4.053456	7.214773	4.727421	6.779491	1.700381	3.536060	4.129071	-0.151704
8254	4	5.729648	7.148700	-3.798306	-4.052168	2.515170	5.352676	4.298066	6.438016	1.028057	3.296350	6.419653	6.476366	5.498179	7.131831	0.426877	3.737632
8258	4	0.794519	0.747742	0.798323	-1.925126	-2.576042	0.747431	7.011897	8.001475	7.195257	7.216322	-3.659240	-1.925709	6.767431	7.216314	1.700906	4.194281
8274	4	3.077421	6.142338	1.279064	7.181548	-0.250444	0.646576	2.332599	1.793431	6.615279	6.426950	-4.505292	-1.356884	-3.460321	0.611811	6.527270	7.591513
8278	4	5.550944	9.444330	-1.517254	-6.096477	-1.194261	3.221607	5.981626	5.852027	4.367247	9.004054	4.544973	5.851781	0.012052	3.249984	-0.050472	-4.498185
8286	4	-1.831285	0.416869	4.030913	5.723106	-0.964445	0.416959	-0.703182	2.644330	5.014241	6.640573	-2.136426	2.564097	5.879986	6.640599	-2.929323	-1.685411
8336	4	-3.335166	-0.802140	4.148753	2.219971	-1.966562	-0.801998	-1.403936	-0.261541	4.725724	5.306934	-4.991956	-1.777604	-4.461859	-0.802141	4.592860	5.935766
8361	4	7.945799	6.108051	-2.587826	-3.221047	-2.529970	3.338012	5.928631	6.387393	7.696408	6.107916	1.648267	2.737518	1.990358	3.535405	0.211312	-3.221045
8441	4	1.859190	-0.493883	1.521896	-3.689117	6.055531	4.517348	1.450791	-3.728130	5.556135	4.513999	6.418636	3.456143	1.358461	-0.496912	6.496670	3.460126
8456	4	3.445882	6.427857	3.942091	5.131317	5.915261	7.312410	0.260651	-0.999615	-0.405389	1.354447	4.514358	0.897746	-2.871991	1.320775	7.426194	5.131337
8466	4	-5.109662	1.818974	1.850516	6.083019	-2.060520	1.818974	-4.061493	1.862513	4.874501	7.902873	-9.997497	-3.517579	0.993341	1.820522	-4.273678	-3.517431
8582	4	-2.362215	1.032363	8.795253	2.293573	-7.026312	1.031187	8.795345	6.750371	3.947441	6.800067	6.539531	2.293564	3.952068	6.801851	0.663105	-3.103604
8791	4	1.828200	0.251274	0.213779	-4.562562	6.532961	6.554703	-1.696058	-4.562959	0.172117	0.105252	6.463081	6.360853	4.875995	6.551102	4.568282	6.358974
8796	4	7.284279	5.711489	-1.314041	-1.688569	2.457657	4.142466	5.739406	5.243143	-3.803186	0.734509	5.770386	5.245047	1.138966	0.929503	-0.665486	-1.548038
8835	4	1.614072	1.035701	0.006651	-2.145557	4.857844	6.053291	-2.747508	-2.145557	-1.836408	0.038520	5.592782	7.747463	4.764206	6.052842	1.806650	3.910492
8876	4	5.833488	8.059403	2.833694	0.130419	-2.425406	4.472473	7.744473	5.935632	0.695022	4.551007	7.687417	0.736603	3.716464	8.052088	2.954032	5.294765
8902	4	2.837178	5.615531	3.587994	8.341521	-3.457611	0.661744	3.749603	8.352594	5.520291	6.827705	-6.869074	-3.059642	-0.998840	0.972029	-2.852946	-3.050248
8911	4	-5.243555	2.292735	5.861053	6.415808	5.792048	7.098792	-4.574161	-2.316476	-0.420957	2.362833	1.510739	-2.313926	-0.421053	2.362824	4.407320	1.670478
9055	4	7.957359	5.431099	4.525054	-0.334976	4.854918	5.167447	5.568805	5.740054	1.327886	1.036058	5.190424	-0.324922	-1.784332	-0.802652	6.064068	5.741929
9091	4	2.612829	1.942990	1.358456	-1.443245	8.784097	6.663074	-0.154832	-2.449624	6.740758	6.663043	5.917843	5.553510	0.525884	0.123300	7.554167	5.608959
9269	4	7.491565	6.407141	0.727365	-1.566183	4.759869	6.370377	6.070727	6.563869	0.075270	0.703277	7.556515	6.567834	2.787685	2.291074	2.211669	0.264249
9293	4	2.019128	6.123828	4.048942	6.475231	4.395586	6.131389	0.332638	-3.721670	-1.981691	0.246994	1.527618	-3.342098	-4.503512	0.246063	5.231716	6.784167
9355	4	-1.284772	0.535697	5.466310	2.798488	4.264165	6.119066	0.236884	-8.776626	-0.876623	0.638357	1.149065	-8.718887	3.826040	5.880130	4.920000	2.797118
9357	4	7.587104	7.738637	-2.239750	-4.971527	-4.177622	2.260419	8.118590	6.490495	1.908528	2.379248	3.611591	-1.104973	6.653657	7.737360	1.887960	4.319685
9392	4	6.906025	7.329146	-2.975875	-6.101580	-0.920470	0.773974	7.450732	5.527342	6.301552	7.328030	2.945146	3.968369	1.365692	0.924337	1.342613	-3.598987
9528	4	2.482336	6.440209	4.353930	6.630636	-3.407938	2.027230	7.164563	6.845055	-2.392658	2.066648	0.554611	-4.477578	3.606799	7.427395	-2.303681	-4.497638
9606	4	2.062203	0.065480	6.183445	0.608203	-2.902029	-0.047277	6.340981	5.925297	4.543178	6.525355	3.653902	0.246706	4.543213	6.525363	-0.951301	-2.430720
9620	4	4.930923	6.174776	7.287380	4.990435	-0.355116	0.599814	5.464988	-1.434837	-1.609715	0.599311	8.142413	4.990464	6.191339	6.253573	4.539200	-1.781596
9624	4	5.944493	8.129600	-6.112172	-0.319214	-3.757759	1.757719	4.571032	7.220380	0.118191	1.758093	4.502226	2.220089	0.905757	1.763431	-0.932416	-0.315474
9840	4	-3.152342	0.445044	5.345727	9.704771	6.409751	6.371475	-4.846254	-2.815575	6.363958	6.371474	1.344555	3.151272	1.752123	0.525104	-0.846533	-2.815575
9850	4	-1.040391	1.858921	8.017399	6.447712	3.579213	6.067317	2.426748	6.436471	4.876198	6.678194	-4.837282	-5.400380	0.059256	2.170321	6.868650	0.774138
9886	4	2.976565	6.518191	2.926257	4.912932	-0.927713	1.428354	1.483688	-2.364586	-5.392510	1.058236	7.412113	6.167837	5.450034	6.518465	-3.002326	-4.529894
9939	4	3.997570	4.400844	2.187008	6.875817	-2.647552	-0.690275	3.787961	8.417333	9.266583	5.639851	-1.126442	0.455857	2.882690	0.428924	1.249534	0.491825
