108.0	1.0	77.073573	79.31803199999999	59.558301	90.91548900000001	0.321467	0.235672	0.705467	0.635999	15.959172	5.0	85.865875	45.590193	4.0	0.013311000000000002	6.126186	3.0	50.770655	1.440835	2.0	4.072235	4.676342	1.0	27.4925	37.575666999999996	3.0	0.11893699999999999	0.990899	4.0	15.107331	0.34798	2.0	48.571038
149.0	1.0	15.436473999999999	86.39115	6.694630999999999	96.887661	0.66892	0.137079	0.370711	0.22864099999999998	70.486799	3.0	13.53832	2.6272159999999998	1.0	0.07287300000000001	0.097735	3.0	47.626022999999996	5.956834	4.0	22.489998999999997	23.213656	6.0	78.649085	63.14646	4.0	0.015497	1.023656	3.0	17.112761	1.352018	1.0	19.738087
216.0	1.0	3.168736	92.582134	98.290391	79.042797	0.289054	0.556582	0.944735	0.25232899999999997	13.591522	4.0	24.845267	36.654114	5.0	0.014013999999999999	0.22440100000000002	4.0	88.563163	3.4296599999999997	4.0	6.747089	14.612333999999999	2.0	75.525225	75.138603	5.0	0.039947	5.194405000000001	2.0	12.993888	1.691787	6.0	10.513664
456.0	1.0	66.892771	52.188596999999994	82.15639300000001	54.57524599999999	0.55737	0.52284	0.853397	0.43721099999999996	6.007064	1.0	37.832031	47.461758	1.0	0.020483	2.962379	2.0	61.605306000000006	5.9850449999999995	1.0	98.831075	70.42890799999999	1.0	67.815302	40.479673	3.0	0.019737	0.5517350000000001	2.0	70.778311	4.155603	1.0	6.721162
468.0	1.0	71.027215	89.828989	83.089173	53.422160999999996	0.509357	0.604288	0.364942	0.265868	20.215719	1.0	95.796915	5.566001	4.0	0.013416999999999998	2.420875	1.0	56.536689	6.208143	4.0	3.4438440000000003	32.368006	1.0	3.349558	73.307565	6.0	0.520584	5.130273000000001	1.0	21.515652	3.888121	6.0	59.820584999999994
533.0	1.0	22.243602	74.93355799999999	86.381522	96.477851	0.672913	0.14838900000000002	0.23794400000000002	0.718912	33.545837	4.0	7.385835	4.678030000000001	3.0	0.010471	0.7993279999999999	2.0	42.176175	4.927583	1.0	18.474657	17.661949	4.0	97.74798	66.417475	3.0	0.035327	2.339482	5.0	81.150977	0.856284	6.0	7.757224000000001
739.0	1.0	80.521795	28.981352	56.337848	85.420897	0.682199	0.36096500000000004	0.6643939999999999	0.49683900000000003	42.746615999999996	3.0	1.383758	34.868673	1.0	0.017733000000000002	5.776001	2.0	24.200741	0.508214	6.0	63.369567	15.869154	6.0	87.93233199999999	30.986019	1.0	0.011967	1.868248	2.0	54.36180600000001	1.867362	1.0	9.625295
770.0	1.0	65.167788	85.08349100000001	99.623809	93.24704399999999	0.293378	0.19605999999999998	0.189432	0.939952	11.778125	6.0	58.62127099999999	44.751813	3.0	0.047889	0.959274	4.0	4.723763	0.776251	2.0	52.619251	4.329154	3.0	51.178598	33.04947	1.0	0.041832	5.725791	3.0	63.694531000000005	5.650963	6.0	4.361961
797.0	1.0	20.412702	52.68091	28.165114000000003	73.822864	0.958799	0.807859	0.45123500000000005	0.509672	2.569919	3.0	6.525135	51.481865	1.0	0.053703999999999995	0.8381870000000001	3.0	47.015395	0.210027	1.0	37.620174	20.104983999999998	3.0	15.882722	59.95185600000001	5.0	0.028592000000000003	2.2684290000000003	3.0	64.681952	2.0047900000000003	4.0	3.41623
1006.0	1.0	57.181684	93.01473	25.35081	82.942675	0.41817200000000004	0.8686729999999999	0.13967000000000002	0.330278	68.656051	5.0	51.244329	9.631942	5.0	0.010193	4.039147	1.0	31.230005	0.815584	6.0	1.732975	60.925289	1.0	49.056703000000006	75.300823	4.0	0.011344	1.606637	2.0	5.2723629999999995	5.284638	3.0	19.387753
1133.0	1.0	81.80247800000001	51.909962	48.400304	17.240716	0.24557600000000002	0.605011	0.563194	0.723846	51.092845000000004	1.0	5.2324839999999995	60.911163	6.0	0.03793	0.20656100000000002	3.0	24.096713	1.01534	2.0	79.46100799999999	50.636734000000004	1.0	3.4929989999999997	71.914333	2.0	0.040378	4.843882	2.0	19.875362	0.452273	6.0	98.494838
1194.0	1.0	26.097917000000002	15.199226999999999	88.46073100000001	49.873670000000004	0.312891	0.7083109999999999	0.371016	0.644143	14.785784	1.0	17.999624	45.669385	1.0	0.023372999999999998	0.086701	1.0	89.212246	2.051621	3.0	14.5287	26.905291	1.0	63.167052000000005	52.746056	4.0	0.033287	3.5920419999999997	1.0	36.248058	4.589226999999999	2.0	20.315651000000003
1341.0	1.0	23.292825	34.096344	67.876968	80.12997800000001	0.11509200000000001	0.71639	0.248439	0.8951610000000001	2.023951	5.0	85.144401	72.444136	3.0	0.040402999999999994	5.562536	2.0	71.223389	4.0000849999999994	2.0	29.812944	43.464468	4.0	14.146575	58.666067000000005	3.0	0.010109	1.115999	1.0	1.740016	3.4908349999999997	1.0	38.238972
1345.0	1.0	42.952469	39.734759999999994	51.804919	2.6988220000000003	0.812112	0.447956	0.728258	0.979786	66.892562	3.0	1.025892	57.919111	5.0	0.033466	5.903638	6.0	22.717241	3.724839	1.0	92.87125400000001	1.273557	1.0	4.477643	58.650282	3.0	0.010664	2.835234	6.0	5.720802	1.129457	4.0	63.840846
1354.0	1.0	41.316753000000006	86.203571	93.681004	92.953676	0.463537	0.216786	0.288851	0.49132700000000007	21.889328	6.0	83.610652	10.072571	6.0	0.01369	4.720825	4.0	9.814482	3.4711589999999997	3.0	11.212887	49.895179	3.0	30.470435	25.151320000000002	1.0	0.040423	3.627636	3.0	7.032239	0.172023	6.0	60.334579000000005
1483.0	1.0	55.878632999999994	48.369023	48.92431	31.229346999999997	0.147309	0.656492	0.276438	0.24365900000000001	4.0731589999999995	1.0	13.408932	53.423015	4.0	0.013177000000000001	0.13610999999999998	2.0	58.112995	2.125671	2.0	96.976057	35.705657	2.0	72.885235	32.318515999999995	1.0	0.012842	0.279001	4.0	2.644487	2.4612279999999997	2.0	12.766637
1545.0	1.0	80.393472	25.469371	12.240903999999999	50.551456	0.48945900000000003	0.23710799999999999	0.7182270000000001	0.553509	2.1711720000000003	1.0	71.71938399999999	19.415557	6.0	0.036504	1.353535	1.0	26.958484000000002	3.330824	4.0	8.272255	42.175703000000006	6.0	83.851415	51.916407	2.0	0.014707	4.833724	6.0	1.238613	1.8007810000000002	1.0	2.227948
1572.0	1.0	94.672421	83.223828	88.852822	75.80458	0.24281599999999998	0.36338200000000004	0.177395	0.5155850000000001	39.497948	6.0	12.813811999999999	52.309611	2.0	0.011278	3.491226	3.0	5.422429	3.906974	2.0	11.892418	2.787424	1.0	84.385067	9.487908000000001	4.0	0.11172	1.8927669999999999	1.0	62.327008	0.43678599999999995	4.0	86.791679
1708.0	1.0	62.961126	29.446334000000004	89.515918	16.400403	0.324121	0.41575200000000007	0.529953	0.34972600000000004	35.024811	4.0	62.273825	61.846861	4.0	0.013228	5.769805	1.0	58.059777000000004	0.257221	1.0	71.655738	37.531465000000004	5.0	13.804291000000001	77.326552	5.0	0.033142000000000005	2.0774169999999996	2.0	21.755591	5.548136	4.0	25.652051
1712.0	1.0	68.65035400000001	9.348533999999999	62.192536	97.017219	0.698641	0.21582600000000002	0.12699100000000002	0.849358	45.771758	1.0	47.122335	42.082417	5.0	0.017508000000000003	3.114802	5.0	7.329181	1.03914	1.0	1.763643	74.607748	2.0	28.355295	40.674364000000004	6.0	0.034736	0.9427030000000001	1.0	66.37248000000001	0.685874	5.0	46.710891
1837.0	1.0	51.493481	31.715769	36.123509000000006	35.563266999999996	0.9209620000000001	0.266277	0.131609	0.8783280000000001	8.391255000000001	3.0	28.958678000000003	28.162839	5.0	0.037933	5.296678	1.0	3.5520660000000004	4.974469999999999	2.0	5.105633	7.402266	1.0	88.824787	49.550979999999996	2.0	0.01598	5.098896	1.0	69.950484	2.785671	3.0	31.229543
2111.0	1.0	51.53888	96.097909	67.427649	88.203959	0.940947	0.788788	0.511512	0.147878	14.772688	2.0	77.716728	27.81798	5.0	0.017581	1.8757110000000001	3.0	55.938354000000004	3.997304	4.0	5.296111	11.647217999999999	6.0	4.934006	59.303746	4.0	0.03082	1.379725	2.0	89.911441	4.180265	1.0	33.031498
2218.0	1.0	55.59621800000001	50.392465	94.932857	55.93780699999999	0.298172	0.823422	0.20880100000000001	0.56434	15.104976	1.0	49.321151	70.770388	2.0	0.013862000000000001	0.259255	6.0	30.350686	1.260623	1.0	10.835006	12.106451	3.0	89.149957	68.309281	3.0	0.029949	2.1022790000000002	3.0	9.696261	4.22749	1.0	87.497803
2483.0	1.0	78.713415	64.97563199999999	80.918335	40.084413	0.908214	0.150779	0.12128199999999999	0.82786	33.881383	6.0	9.847278	23.925696	4.0	0.026369	1.356684	2.0	80.06160200000001	3.174405	1.0	15.528452	21.406814999999998	2.0	94.182564	48.359054	1.0	0.015290999999999999	1.452871	1.0	92.024682	1.670823	1.0	84.00901
2538.0	1.0	78.18217800000001	56.672801	99.874707	37.678002	0.5023850000000001	0.479679	0.23737600000000003	0.950127	71.692269	4.0	8.820260000000001	48.046463	5.0	0.190194	4.270161	2.0	35.767363	4.687755	5.0	25.772639	46.654317	3.0	6.081963	39.234319	1.0	0.012240000000000001	0.184429	1.0	7.359850999999999	0.366496	3.0	16.819279
2563.0	1.0	48.52298	56.7164	65.80376700000001	94.441631	0.12127	0.25109499999999996	0.31424	0.398024	5.334777	2.0	67.520656	26.047987	6.0	0.087626	0.126198	3.0	70.088696	4.098495	3.0	57.470348	35.538211	4.0	99.033687	64.016876	2.0	0.011853	0.9664219999999999	2.0	88.604125	0.64964	1.0	12.522501
2712.0	1.0	84.85022099999999	95.55528100000001	73.10126899999999	90.297799	0.5320729999999999	0.213714	0.136405	0.919932	57.757691	2.0	37.917805	61.156206999999995	2.0	0.012097	3.494	1.0	39.475511	3.1414310000000003	2.0	4.36147	11.277575	6.0	65.35723399999999	16.148993	6.0	0.031897	4.111603	4.0	3.254912	3.7991349999999997	3.0	4.657493
2793.0	1.0	57.783319999999996	45.141149	52.58993	34.774476	0.20041199999999998	0.541949	0.220881	0.920373	29.191814	1.0	94.200698	30.296901000000002	1.0	0.015198	0.675976	6.0	84.92451899999999	2.511241	1.0	73.288225	40.188849	2.0	48.092328	69.46520699999999	1.0	0.013231999999999999	0.561198	6.0	82.336575	4.55371	2.0	2.150147
2859.0	1.0	83.30192	22.063766	94.984487	20.261343	0.130949	0.936731	0.12383499999999999	0.8501549999999999	12.401816	4.0	13.888598000000002	53.345121999999996	6.0	0.038341	2.823026	6.0	71.853514	5.568847	3.0	4.179613	6.592067	4.0	48.187032	59.237481	6.0	0.018308	0.625923	6.0	57.71781800000001	0.814042	6.0	62.18227099999999
2876.0	1.0	81.735904	15.115601000000002	93.960943	75.30884499999999	0.253235	0.224661	0.234373	0.316774	69.96262800000001	6.0	4.265411	62.010677	5.0	0.024350999999999998	0.9516100000000001	2.0	5.381139	1.298437	1.0	74.670111	25.837858999999998	3.0	21.802521	33.783697	4.0	0.011492	0.21702800000000003	3.0	65.490873	3.772189	3.0	45.682140999999994
2989.0	1.0	69.53739499999999	81.22491099999999	87.70620699999999	26.95927	0.45046400000000003	0.478574	0.790196	0.741643	34.566099	1.0	28.773756	52.176922999999995	2.0	0.079525	4.321039	3.0	21.761294	2.814098	4.0	42.080740999999996	41.4299	1.0	13.345632	72.046079	2.0	0.0741	0.42520699999999995	2.0	32.899094	3.138481	2.0	74.05708
3413.0	1.0	51.907334000000006	85.510965	49.942928	34.506268	0.348671	0.288113	0.112114	0.257822	45.228691	3.0	98.736813	27.916326	1.0	0.014297999999999998	3.7715199999999998	3.0	3.3824440000000005	1.9012069999999999	1.0	8.889531	61.437876	1.0	8.663517	70.667062	2.0	0.013198	0.11958699999999998	1.0	84.987093	2.827854	6.0	50.088023
3448.0	1.0	81.086618	16.630933	77.343846	7.652707	0.411768	0.23614699999999997	0.38313	0.887282	21.601395	3.0	14.923668	38.544831	6.0	0.019063	2.0708130000000002	2.0	86.303589	0.644895	1.0	31.201168	10.936205000000001	6.0	12.793538	28.578599	4.0	0.371139	0.265349	3.0	42.385884000000004	4.642278	6.0	73.144689
3542.0	1.0	24.111736999999998	14.239782	90.424631	10.638639999999999	0.17704	0.125718	0.172678	0.745093	1.635527	4.0	32.183039	50.108928999999996	4.0	0.030407999999999998	3.70495	6.0	6.962835000000001	5.253882	4.0	13.641964000000002	61.375797999999996	3.0	34.301612	13.583798999999999	2.0	0.619409	0.488417	2.0	79.568005	1.7974450000000002	2.0	17.262396
3635.0	1.0	36.714477	31.260114	81.387157	31.71647	0.37332	0.669878	0.41651800000000005	0.9108569999999999	10.308854	6.0	17.137411	40.794470000000004	5.0	0.018392	2.39723	1.0	24.454142	3.1882040000000003	2.0	89.909269	21.615358999999998	1.0	80.542018	77.239972	4.0	0.011061	1.9269880000000001	6.0	70.517351	2.020603	6.0	4.4061900000000005
3755.0	1.0	74.719752	54.84563299999999	80.28941800000001	61.946415	0.39915100000000003	0.650353	0.258355	0.7093550000000001	44.824753	1.0	71.015357	41.20713	1.0	0.021084000000000002	0.290085	1.0	70.021103	3.209176	5.0	11.923869999999999	14.510511	2.0	47.81512	37.241817	3.0	0.029019999999999997	1.111081	1.0	51.399172	1.599331	1.0	26.00294
3757.0	1.0	98.460396	57.9184	81.38118399999999	50.872149	0.222852	0.5572090000000001	0.8104640000000001	0.5898	58.461635	2.0	4.111626	67.91752	6.0	0.015864	0.17268	5.0	18.529316	0.142178	1.0	67.96434599999999	13.265791	2.0	59.496037	76.380558	3.0	0.016798	2.89869	4.0	32.310446999999996	0.138355	5.0	41.020375
3805.0	1.0	42.1869	38.904303999999996	86.404259	2.878349	0.9503389999999999	0.660277	0.42351000000000005	0.514007	34.856695	4.0	11.848753	70.786952	5.0	0.013314	1.254666	1.0	92.745465	1.981027	5.0	46.760446	60.39467	4.0	45.864482	75.193605	5.0	0.029112	0.32205900000000004	2.0	42.305551	0.241222	2.0	31.710613000000002
4149.0	1.0	79.232337	24.71194	66.774734	27.733240000000002	0.13083499999999998	0.816603	0.464199	0.8830620000000001	28.719504999999998	1.0	4.543505000000001	40.584922	2.0	0.019981	0.384866	5.0	81.216571	5.502415	5.0	2.00907	37.934022999999996	2.0	58.888594999999995	72.070499	6.0	0.02539	3.4499419999999996	1.0	77.451642	5.623139	3.0	4.623273
4172.0	1.0	57.335365	24.121172	83.66809599999999	56.907075	0.751451	0.607309	0.571194	0.788203	61.228336	5.0	52.084524	69.17350400000001	3.0	0.013507	5.705133	5.0	3.4208089999999998	0.181394	5.0	11.738681	52.225455	6.0	1.126963	49.580678999999996	4.0	0.023483	2.226608	1.0	78.62523900000001	5.433244999999999	1.0	54.610131
4315.0	1.0	6.8492169999999994	49.619577	30.322515000000003	52.204411	0.9339299999999999	0.234618	0.6251770000000001	0.418716	36.225798	1.0	36.904089	14.605004999999998	4.0	0.014169999999999999	2.9998970000000003	2.0	99.674428	3.4124800000000004	4.0	2.473031	66.844942	6.0	8.713585	11.832417999999999	1.0	0.239414	2.292722	1.0	3.65424	0.331541	1.0	51.751968
4327.0	1.0	75.584281	79.187272	72.405186	26.284212	0.23947800000000002	0.392652	0.24718800000000002	0.141341	42.303474	2.0	81.058149	71.92523	6.0	0.011509	3.646789	3.0	63.442488	2.3025580000000003	5.0	4.199482	3.6261970000000003	2.0	71.89094399999999	56.826087	1.0	0.020683	5.630882	2.0	96.79234699999999	1.219183	4.0	34.082581
4400.0	1.0	64.21983	46.487144	88.414603	9.578694	0.123228	0.569761	0.52351	0.444931	55.39655	1.0	82.657556	71.123526	6.0	0.201047	0.47616400000000003	1.0	60.688683	1.462976	5.0	29.36178	37.874814	4.0	27.110708000000002	68.558653	4.0	0.012425	5.146674	1.0	2.003015	0.650459	5.0	70.74715
4450.0	1.0	48.17261	80.15114100000001	71.210425	21.305258	0.782814	0.6371399999999999	0.154111	0.334781	43.325132	4.0	9.632844	48.113774	3.0	0.056487	0.589028	1.0	39.950888	0.15365299999999998	4.0	64.249604	4.487584	1.0	8.450885000000001	15.387391000000001	6.0	0.019454	0.484921	1.0	87.643723	2.4596169999999997	6.0	37.330424
4694.0	1.0	76.121765	37.48294	71.60091800000001	2.995556	0.24355300000000002	0.494809	0.581088	0.45974499999999996	44.644604	1.0	77.68611800000001	10.053915	1.0	0.042955	3.7288919999999997	2.0	95.706294	2.7994779999999997	3.0	6.341985	34.135717	6.0	5.4992410000000005	54.640648	1.0	0.011086	0.9413799999999999	1.0	6.230859	5.006846	1.0	77.600492
4696.0	1.0	74.874302	5.533375	89.123226	14.505937	0.254546	0.267894	0.167432	0.818183	14.341133	3.0	12.484364999999999	41.876088	2.0	0.021664	3.6566660000000004	2.0	33.845553	1.053122	1.0	3.3717610000000002	55.964220999999995	1.0	2.807691	14.662065	1.0	0.015534000000000001	4.731811	6.0	22.319747	2.978503	1.0	31.584771999999997
4855.0	1.0	79.114525	96.06573900000001	46.291643	33.078254	0.537288	0.147817	0.9918799999999999	0.897813	47.429291	5.0	12.379152000000001	65.00595200000001	4.0	0.200721	0.142786	6.0	92.560677	1.869059	2.0	68.43618599999999	9.124542	2.0	1.967958	62.714918000000004	6.0	0.07711900000000001	0.176821	1.0	66.442054	0.704801	2.0	94.669664
5014.0	1.0	38.547746999999994	72.685317	72.01677099999999	71.83496	0.324313	0.6411899999999999	0.28021	0.43308199999999997	37.489388	1.0	91.279347	20.085031	3.0	0.011478	3.143733	4.0	66.60910600000001	2.3985	1.0	2.2999169999999998	40.2999	4.0	92.818388	56.316784999999996	6.0	0.017171000000000002	0.476235	5.0	11.805100999999999	0.25503600000000004	6.0	4.678640000000001
5110.0	1.0	41.995436	85.21815500000001	58.318564	90.586731	0.628379	0.12326300000000001	0.695304	0.830799	27.248092	4.0	6.831322	9.004373	3.0	0.09489299999999999	6.064458	1.0	30.641771000000002	5.715986	4.0	16.871852	59.530762	4.0	44.445331	69.583102	5.0	0.034395	4.754766	1.0	50.422216	2.8025450000000003	4.0	1.7503950000000001
5139.0	1.0	52.784549	51.279776	13.676763000000001	71.00428199999999	0.17794400000000002	0.333897	0.218612	0.405227	0.8831829999999999	2.0	38.657140999999996	32.500129	5.0	0.010003	1.109796	2.0	3.1631869999999997	2.6107720000000003	2.0	27.726724	41.696090999999996	6.0	54.771104	49.381487	2.0	0.014178	0.8686159999999999	5.0	33.813831	1.3540780000000001	5.0	1.623229
5157.0	1.0	92.617058	90.377669	94.47958299999999	84.781852	0.7343970000000001	0.358145	0.260496	0.9927389999999999	41.942299	5.0	39.752401	59.954311	1.0	0.019508	1.894254	1.0	23.674703	5.1120790000000005	1.0	52.602594999999994	6.6875100000000005	4.0	88.044923	45.620715999999994	1.0	0.402487	2.9951369999999997	6.0	12.793167	1.627062	2.0	90.777843
5220.0	1.0	6.3388279999999995	97.300865	61.968689000000005	70.08142	0.985964	0.102568	0.258581	0.245732	31.624225	2.0	50.088307	61.838958	1.0	0.03776	5.221891	2.0	44.538706	0.616123	4.0	38.519646	74.213623	1.0	82.363837	56.170511	2.0	0.016786000000000002	0.891315	6.0	43.247131	4.802531	5.0	13.145959
5240.0	1.0	57.75793	43.315127000000004	94.429897	12.573208000000001	0.490278	0.112817	0.227444	0.893616	72.845349	1.0	67.888917	62.65282	3.0	0.014863	2.721911	1.0	44.823264	4.27504	3.0	51.739527	30.534577000000002	6.0	2.4656130000000003	54.162518999999996	5.0	0.10797999999999999	1.781595	2.0	59.244544999999995	4.62841	2.0	96.334986
5471.0	1.0	94.647082	62.149641	86.29372	24.428310999999997	0.7092930000000001	0.49921499999999996	0.168971	0.681628	66.205563	2.0	51.051725	62.001560999999995	6.0	0.056178	5.019429	1.0	5.58144	2.8755490000000004	4.0	35.838282	16.941352	6.0	18.391247	66.734362	3.0	0.011136	0.24933899999999998	5.0	32.057694	0.157749	5.0	91.191783
5589.0	1.0	69.392098	66.943435	28.513994	88.05583	0.92671	0.366017	0.5554560000000001	0.45335699999999995	44.06864	2.0	40.246569	43.516701	2.0	0.010001999999999999	4.158107	6.0	40.013498999999996	5.4969980000000005	1.0	5.154478	40.623874	1.0	67.25904200000001	45.226688	1.0	0.032302	2.349749	2.0	4.842433	1.3179040000000002	2.0	36.390023
5638.0	1.0	1.731636	36.26512	92.33454300000001	25.653223	0.649846	0.126148	0.517975	0.50215	42.798424	6.0	18.901409	35.971228	2.0	0.011604000000000001	1.384968	2.0	99.555601	4.643155999999999	3.0	3.311005	44.275437	3.0	18.414662	77.56730999999999	1.0	0.017659	0.6337520000000001	1.0	61.364977	0.26098299999999997	5.0	74.559656
5757.0	1.0	81.973773	57.29175	53.780176000000004	89.56003199999999	0.15393099999999998	0.605019	0.242443	0.7133689999999999	1.858695	5.0	63.962320999999996	55.711348	4.0	0.022940000000000002	6.122281	1.0	2.297434	2.352991	6.0	75.98571	1.2678459999999998	2.0	34.435756	52.090789	1.0	0.012149	4.49947	1.0	11.092035000000001	5.637898000000001	2.0	83.993427
5854.0	1.0	92.398945	73.864822	47.610646	6.167173	0.691014	0.649003	0.32821	0.950483	65.739739	3.0	23.111801999999997	49.576339000000004	3.0	0.024173	5.659739	1.0	38.121618	4.084633999999999	1.0	29.874228000000002	43.862618	4.0	10.635858	71.49114300000001	2.0	0.02334	0.719956	2.0	8.043002	4.380883	6.0	34.491245
6011.0	1.0	33.203734999999995	47.559659	77.68612900000001	78.61066	0.248009	0.7039880000000001	0.27249	0.625197	4.262029	5.0	55.821954000000005	27.50785	5.0	0.081318	2.150635	3.0	28.425227000000003	0.564913	1.0	86.499404	36.822459	1.0	7.404025	64.271873	2.0	0.01182	4.626506	3.0	77.500054	3.7325769999999996	2.0	21.61771
6193.0	1.0	63.040243000000004	54.085735	66.163729	43.427061	0.113416	0.846349	0.229756	0.253283	62.10425	6.0	5.060416	22.914926	1.0	0.012244	1.1276469999999998	3.0	34.604267	1.914002	2.0	88.862298	29.972783000000003	4.0	22.586726000000002	71.156788	3.0	0.011644	0.915084	1.0	45.628273	2.8559069999999998	2.0	84.424402
6198.0	1.0	66.726697	67.129982	77.18385	61.787119	0.9057860000000001	0.298052	0.248167	0.815941	4.046853	4.0	35.535037	12.304872	3.0	0.061837	5.031773	4.0	4.041842	1.9450450000000001	2.0	3.149289	16.53003	1.0	93.83183199999999	46.633223	1.0	0.053453999999999995	0.1047	4.0	85.22153	3.342362	6.0	72.438582
6273.0	1.0	72.659477	44.728282	79.248814	45.164746	0.5378649999999999	0.73447	0.329795	0.916966	19.664979000000002	3.0	8.480093	45.925996999999995	2.0	0.014552	3.9628339999999995	1.0	52.538757	2.2797549999999998	3.0	21.999672	47.133525	2.0	16.319349	34.646658	2.0	0.013887	2.800936	1.0	15.358992	4.157408	1.0	44.649898
6568.0	1.0	82.640084	10.79227	41.175441	5.7248779999999995	0.154068	0.535242	0.191564	0.326049	37.813261	1.0	58.581028	23.917492000000003	3.0	0.388248	0.114192	2.0	43.849074	4.507829	5.0	35.390223999999996	73.78339	3.0	40.439186	51.660425	3.0	0.026657999999999998	1.012378	1.0	22.627124	5.015417	5.0	62.567040000000006
6583.0	1.0	59.605103	73.837695	98.383317	93.9531	0.38090799999999997	0.335233	0.9978739999999999	0.10716800000000001	10.524023	6.0	79.721977	10.22573	3.0	0.039961	5.593783999999999	1.0	79.923611	2.293279	6.0	1.641984	39.813113	3.0	22.813147	59.89846899999999	1.0	0.024568	1.6749919999999998	2.0	54.840429	5.00974	1.0	82.814959
6620.0	1.0	75.501588	27.566464	29.832828999999997	51.935251	0.496544	0.47346099999999997	0.20914499999999997	0.906118	38.793029	4.0	75.125786	69.418675	6.0	0.060788999999999996	2.387074	4.0	13.371437	0.140848	6.0	82.38166600000001	2.908748	1.0	41.293543	42.842219	4.0	0.013121	0.670658	3.0	73.05854000000001	2.6438580000000003	5.0	92.41153299999999
6928.0	1.0	39.289834	84.049086	72.519847	63.969462	0.432989	0.345086	0.17961300000000002	0.349987	8.379022	6.0	94.258142	55.15874300000001	2.0	0.010641	5.942735	5.0	88.92569	5.711448000000001	4.0	9.316616	56.196589	2.0	18.976171	12.409903	6.0	0.373812	3.9149260000000004	2.0	56.792826	3.208399	2.0	3.663768
7050.0	1.0	23.435717	60.84301	27.215449	81.473039	0.37648200000000004	0.9761860000000001	0.8438610000000001	0.66996	40.399782	1.0	77.553626	60.627123	4.0	0.040075	3.7082	1.0	99.612187	1.603075	3.0	1.6490189999999998	50.052239	1.0	2.174849	62.966042	2.0	0.092791	1.9171330000000002	2.0	26.700938	5.291507	4.0	27.343343
7185.0	1.0	92.22519399999999	7.231781	94.019275	19.639397	0.19811700000000002	0.308052	0.891048	0.137028	21.724857	3.0	58.53351899999999	54.278001	1.0	0.013655	2.022243	1.0	65.492224	2.943444	1.0	92.399987	42.653263	4.0	35.843588000000004	32.151534999999996	4.0	0.022855	4.351205	1.0	84.02474699999999	1.753021	4.0	8.785210000000001
7360.0	1.0	81.75980899999999	21.431285	90.673454	37.844759	0.5703229999999999	0.9428790000000001	0.376672	0.577527	64.72364	5.0	10.094335000000001	59.238386	4.0	0.016946	0.532104	3.0	44.941628	1.912882	6.0	59.595636999999996	26.32224	5.0	60.730427	20.568655	3.0	0.095539	0.218083	2.0	48.223182	4.436161	4.0	4.840424
7531.0	1.0	62.491624	93.45601500000001	33.065138	73.87055699999999	0.151264	0.349107	0.257299	0.923151	26.810002	3.0	81.39321899999999	48.953069	1.0	0.012195999999999999	2.345509	2.0	45.066465	3.686665	1.0	59.410738	5.575897	3.0	14.137387	64.376641	2.0	0.035505	1.767049	3.0	32.697342	2.754427	5.0	5.889526999999999
7663.0	1.0	16.693066	33.820335	98.34434399999999	65.053402	0.869094	0.10974600000000001	0.399213	0.13012200000000002	4.061921	5.0	92.092485	39.725064	2.0	0.012253	2.788063	6.0	98.887571	0.34118899999999996	2.0	5.740362999999999	1.426608	2.0	57.928527	35.084989	4.0	0.013858	4.298916999999999	3.0	44.767503999999995	1.075979	3.0	1.1648100000000001
7673.0	1.0	86.2188	86.843918	66.932379	20.45541	0.928523	0.639523	0.161221	0.7587430000000001	3.082738	4.0	50.444362	41.801553000000006	1.0	0.020733	1.0939379999999999	1.0	70.707995	4.100819	2.0	33.905873	48.003757	1.0	90.79545999999999	62.98514399999999	2.0	0.47446000000000005	1.546808	1.0	94.76352299999999	0.101279	5.0	84.262458
7768.0	1.0	63.867693	50.274505	49.997288	12.038744	0.265574	0.5232979999999999	0.857634	0.8972180000000001	26.406575	5.0	43.46583	18.293092	2.0	0.010763	0.85577	2.0	46.473304	5.558698000000001	2.0	26.985089000000002	3.266212	2.0	74.12021999999999	32.230206	1.0	0.03015	1.8405340000000001	1.0	31.979382	0.11851700000000001	3.0	33.017976000000004
7823.0	1.0	54.526412	55.947677	55.723152	52.367539	0.176861	0.30790300000000004	0.902323	0.63983	36.97302	1.0	33.159053	49.334313	2.0	0.013725999999999999	0.532641	1.0	82.459277	3.6908489999999996	6.0	6.787319	72.741968	2.0	5.638361	56.207979	1.0	0.538064	3.3023510000000003	1.0	73.797483	4.3654839999999995	3.0	63.905324
7828.0	1.0	28.333314	80.06867700000001	97.416765	54.80224499999999	0.10607799999999999	0.9490430000000001	0.754422	0.44384700000000005	6.980878	1.0	36.207423	54.675043	1.0	0.014463	2.276615	3.0	53.637126	2.820897	3.0	59.6138	60.367098	3.0	20.399367	77.485888	3.0	0.02897	4.40797	1.0	44.809342	4.445951999999999	4.0	2.023734
7851.0	1.0	76.221098	71.164631	33.521281	55.05706800000001	0.18748399999999998	0.693048	0.22266599999999998	0.9691690000000001	18.093907	6.0	22.760624	52.229642999999996	5.0	0.087257	0.27217800000000003	1.0	71.30248	1.8266490000000002	4.0	56.11634599999999	21.706995000000003	1.0	31.341725	20.835162	2.0	0.114533	1.388059	1.0	18.338335	2.845106	6.0	27.018390000000004
7919.0	1.0	75.09824	44.802631	61.873186	19.804741	0.753463	0.284525	0.161614	0.768333	2.366898	3.0	74.04164	67.54419200000001	1.0	0.027561000000000002	1.319441	1.0	25.568081	3.692763	2.0	99.019914	29.813390000000002	5.0	95.088625	73.85873000000001	3.0	0.026101999999999997	3.3093160000000004	5.0	2.923649	0.33619	1.0	64.29486899999999
8016.0	1.0	26.686729999999997	32.056225	93.050801	18.325019	0.9482510000000001	0.8485090000000001	0.8494120000000001	0.727028	4.422512	5.0	22.185028	31.811861999999998	1.0	0.02494	1.239914	1.0	16.651039	2.6908540000000003	1.0	41.944967	25.175137	1.0	26.196284	59.28775600000001	5.0	0.026563999999999997	4.599042	1.0	40.620515999999995	3.842172	5.0	55.977377000000004
8147.0	1.0	66.539517	39.637278	92.717264	37.457144	0.8268840000000001	0.36783699999999997	0.383333	0.6979420000000001	76.167803	4.0	1.343959	44.559841999999996	5.0	0.043518	2.532566	6.0	8.16858	1.477069	2.0	88.94469699999999	56.276956000000006	5.0	40.499539	7.900013	6.0	0.10528399999999999	2.6643939999999997	6.0	1.562812	0.706399	2.0	6.563302
8631.0	1.0	77.16069300000001	57.634855	11.630659	49.545024	0.22654899999999997	0.25000700000000003	0.129599	0.26203899999999997	17.358801	3.0	48.505678	40.448462	1.0	0.012790000000000001	1.9709619999999999	5.0	82.496662	0.6514310000000001	2.0	31.264709999999997	73.698616	6.0	71.868185	70.636135	1.0	0.02144	3.746545	1.0	38.863029	0.935141	4.0	3.4337699999999995
8858.0	1.0	7.135889	60.26745	34.456588	94.192008	0.934301	0.168821	0.11728599999999999	0.33958699999999997	13.555376	2.0	49.326747999999995	14.457115	6.0	0.014466	2.094664	2.0	96.83151099999999	5.514273	4.0	5.497783999999999	68.77222900000001	3.0	41.453145	9.473471	5.0	0.032347	0.45382100000000003	5.0	12.551383	0.085853	2.0	30.503486
8943.0	1.0	48.432254	23.456925	80.276028	78.9573	0.159085	0.40675300000000003	0.504169	0.739839	77.20215400000001	4.0	68.400977	44.190952	3.0	0.011911	5.513809999999999	5.0	93.09765	1.629446	1.0	1.832816	1.031909	1.0	95.65661300000001	74.237873	5.0	0.010512	4.475128	6.0	61.141265000000004	0.8714799999999999	3.0	82.088492
9061.0	1.0	77.404388	65.04995799999999	44.559961	41.84823	0.183854	0.662166	0.388895	0.678127	10.519910000000001	5.0	79.597399	39.768578000000005	1.0	0.09839099999999999	3.486454	1.0	46.275387	0.49841	3.0	75.314092	3.611168	6.0	3.905163	34.403002	1.0	0.010168	0.929767	1.0	54.642331000000006	1.0338100000000001	4.0	29.059959000000003
9159.0	1.0	63.326912	23.458201000000003	97.59973000000001	37.154769	0.513408	0.123485	0.377844	0.29092399999999996	29.22042	5.0	95.624185	38.077114	3.0	0.026216000000000003	4.351293	2.0	29.652469	5.942386	6.0	9.481494999999999	50.802894	1.0	84.877333	70.177146	4.0	0.012979	3.694231	6.0	8.229508000000001	0.149538	2.0	73.399067
9496.0	1.0	85.923396	36.798572	84.029912	89.580704	0.123252	0.19406600000000002	0.598996	0.9542950000000001	46.326459	4.0	54.557919999999996	69.137559	3.0	0.019854	3.308102	6.0	1.972834	5.222421	3.0	11.530043	65.24076099999999	2.0	38.230686	70.196551	6.0	0.421001	0.08135	6.0	27.703813	3.359862	2.0	13.887907
9598.0	1.0	37.377074	49.865234	91.740493	39.110045	0.31645300000000004	0.9110309999999999	0.269496	0.788227	1.817661	3.0	87.960228	54.608203	5.0	0.013925	1.008788	5.0	96.340239	0.171164	1.0	26.725477	11.334977	6.0	19.388753	40.475465	5.0	0.012466	5.736498	6.0	2.647049	1.552577	1.0	80.808181
9626.0	1.0	66.788783	95.630601	77.27077299999999	41.266427	0.129269	0.695751	0.41522600000000004	0.636225	20.49636	4.0	8.381442999999999	36.82956	2.0	0.051012	5.818492	1.0	75.73305	3.0217810000000003	6.0	27.554664000000002	14.366237	1.0	71.116213	24.833125	1.0	0.022252	4.354406	1.0	57.104932	5.825533	1.0	31.496515000000002
9792.0	1.0	91.247636	83.342137	71.574129	53.718796999999995	0.1202	0.199967	0.501588	0.34162600000000004	15.618352999999999	1.0	89.60454	8.235347	5.0	0.125736	5.234463	2.0	16.033488000000002	0.9482370000000001	6.0	84.878576	74.640422	2.0	40.965995	7.007579	3.0	0.845166	0.543353	4.0	64.352467	1.2994059999999998	6.0	5.218415
9874.0	1.0	32.115311	94.272046	60.854013	74.978651	0.21402100000000002	0.33943	0.403478	0.626297	1.133102	2.0	35.87055	74.387146	3.0	0.058089999999999996	0.821876	4.0	31.251008000000002	3.890389	4.0	35.551549	20.782618	5.0	31.650428	68.679558	1.0	0.010723	3.180997	1.0	17.400669	0.46708900000000003	4.0	12.759594
108.0	1.0	77.073573	79.31803199999999	59.558301	90.91548900000001	0.321467	0.235672	0.705467	0.635999	15.959172	5.0	85.865875	45.590193	4.0	0.013311000000000002	6.126186	3.0	50.770655	1.440835	2.0	4.072235	4.676342	1.0	27.4925	37.575666999999996	3.0	0.11893699999999999	0.990899	4.0	15.107331	0.34798	2.0	48.571038
149.0	1.0	15.436473999999999	86.39115	6.694630999999999	96.887661	0.66892	0.137079	0.370711	0.22864099999999998	70.486799	3.0	13.53832	2.6272159999999998	1.0	0.07287300000000001	0.097735	3.0	47.626022999999996	5.956834	4.0	22.489998999999997	23.213656	6.0	78.649085	63.14646	4.0	0.015497	1.023656	3.0	17.112761	1.352018	1.0	19.738087
216.0	1.0	3.168736	92.582134	98.290391	79.042797	0.289054	0.556582	0.944735	0.25232899999999997	13.591522	4.0	24.845267	36.654114	5.0	0.014013999999999999	0.22440100000000002	4.0	88.563163	3.4296599999999997	4.0	6.747089	14.612333999999999	2.0	75.525225	75.138603	5.0	0.039947	5.194405000000001	2.0	12.993888	1.691787	6.0	10.513664
456.0	1.0	66.892771	52.188596999999994	82.15639300000001	54.57524599999999	0.55737	0.52284	0.853397	0.43721099999999996	6.007064	1.0	37.832031	47.461758	1.0	0.020483	2.962379	2.0	61.605306000000006	5.9850449999999995	1.0	98.831075	70.42890799999999	1.0	67.815302	40.479673	3.0	0.019737	0.5517350000000001	2.0	70.778311	4.155603	1.0	6.721162
468.0	1.0	71.027215	89.828989	83.089173	53.422160999999996	0.509357	0.604288	0.364942	0.265868	20.215719	1.0	95.796915	5.566001	4.0	0.013416999999999998	2.420875	1.0	56.536689	6.208143	4.0	3.4438440000000003	32.368006	1.0	3.349558	73.307565	6.0	0.520584	5.130273000000001	1.0	21.515652	3.888121	6.0	59.820584999999994
533.0	1.0	22.243602	74.93355799999999	86.381522	96.477851	0.672913	0.14838900000000002	0.23794400000000002	0.718912	33.545837	4.0	7.385835	4.678030000000001	3.0	0.010471	0.7993279999999999	2.0	42.176175	4.927583	1.0	18.474657	17.661949	4.0	97.74798	66.417475	3.0	0.035327	2.339482	5.0	81.150977	0.856284	6.0	7.757224000000001
739.0	1.0	80.521795	28.981352	56.337848	85.420897	0.682199	0.36096500000000004	0.6643939999999999	0.49683900000000003	42.746615999999996	3.0	1.383758	34.868673	1.0	0.017733000000000002	5.776001	2.0	24.200741	0.508214	6.0	63.369567	15.869154	6.0	87.93233199999999	30.986019	1.0	0.011967	1.868248	2.0	54.36180600000001	1.867362	1.0	9.625295
770.0	1.0	65.167788	85.08349100000001	99.623809	93.24704399999999	0.293378	0.19605999999999998	0.189432	0.939952	11.778125	6.0	58.62127099999999	44.751813	3.0	0.047889	0.959274	4.0	4.723763	0.776251	2.0	52.619251	4.329154	3.0	51.178598	33.04947	1.0	0.041832	5.725791	3.0	63.694531000000005	5.650963	6.0	4.361961
797.0	1.0	20.412702	52.68091	28.165114000000003	73.822864	0.958799	0.807859	0.45123500000000005	0.509672	2.569919	3.0	6.525135	51.481865	1.0	0.053703999999999995	0.8381870000000001	3.0	47.015395	0.210027	1.0	37.620174	20.104983999999998	3.0	15.882722	59.95185600000001	5.0	0.028592000000000003	2.2684290000000003	3.0	64.681952	2.0047900000000003	4.0	3.41623
1006.0	1.0	57.181684	93.01473	25.35081	82.942675	0.41817200000000004	0.8686729999999999	0.13967000000000002	0.330278	68.656051	5.0	51.244329	9.631942	5.0	0.010193	4.039147	1.0	31.230005	0.815584	6.0	1.732975	60.925289	1.0	49.056703000000006	75.300823	4.0	0.011344	1.606637	2.0	5.2723629999999995	5.284638	3.0	19.387753
1133.0	1.0	81.80247800000001	51.909962	48.400304	17.240716	0.24557600000000002	0.605011	0.563194	0.723846	51.092845000000004	1.0	5.2324839999999995	60.911163	6.0	0.03793	0.20656100000000002	3.0	24.096713	1.01534	2.0	79.46100799999999	50.636734000000004	1.0	3.4929989999999997	71.914333	2.0	0.040378	4.843882	2.0	19.875362	0.452273	6.0	98.494838
1194.0	1.0	26.097917000000002	15.199226999999999	88.46073100000001	49.873670000000004	0.312891	0.7083109999999999	0.371016	0.644143	14.785784	1.0	17.999624	45.669385	1.0	0.023372999999999998	0.086701	1.0	89.212246	2.051621	3.0	14.5287	26.905291	1.0	63.167052000000005	52.746056	4.0	0.033287	3.5920419999999997	1.0	36.248058	4.589226999999999	2.0	20.315651000000003
1341.0	1.0	23.292825	34.096344	67.876968	80.12997800000001	0.11509200000000001	0.71639	0.248439	0.8951610000000001	2.023951	5.0	85.144401	72.444136	3.0	0.040402999999999994	5.562536	2.0	71.223389	4.0000849999999994	2.0	29.812944	43.464468	4.0	14.146575	58.666067000000005	3.0	0.010109	1.115999	1.0	1.740016	3.4908349999999997	1.0	38.238972
1345.0	1.0	42.952469	39.734759999999994	51.804919	2.6988220000000003	0.812112	0.447956	0.728258	0.979786	66.892562	3.0	1.025892	57.919111	5.0	0.033466	5.903638	6.0	22.717241	3.724839	1.0	92.87125400000001	1.273557	1.0	4.477643	58.650282	3.0	0.010664	2.835234	6.0	5.720802	1.129457	4.0	63.840846
1354.0	1.0	41.316753000000006	86.203571	93.681004	92.953676	0.463537	0.216786	0.288851	0.49132700000000007	21.889328	6.0	83.610652	10.072571	6.0	0.01369	4.720825	4.0	9.814482	3.4711589999999997	3.0	11.212887	49.895179	3.0	30.470435	25.151320000000002	1.0	0.040423	3.627636	3.0	7.032239	0.172023	6.0	60.334579000000005
1483.0	1.0	55.878632999999994	48.369023	48.92431	31.229346999999997	0.147309	0.656492	0.276438	0.24365900000000001	4.0731589999999995	1.0	13.408932	53.423015	4.0	0.013177000000000001	0.13610999999999998	2.0	58.112995	2.125671	2.0	96.976057	35.705657	2.0	72.885235	32.318515999999995	1.0	0.012842	0.279001	4.0	2.644487	2.4612279999999997	2.0	12.766637
1545.0	1.0	80.393472	25.469371	12.240903999999999	50.551456	0.48945900000000003	0.23710799999999999	0.7182270000000001	0.553509	2.1711720000000003	1.0	71.71938399999999	19.415557	6.0	0.036504	1.353535	1.0	26.958484000000002	3.330824	4.0	8.272255	42.175703000000006	6.0	83.851415	51.916407	2.0	0.014707	4.833724	6.0	1.238613	1.8007810000000002	1.0	2.227948
1572.0	1.0	94.672421	83.223828	88.852822	75.80458	0.24281599999999998	0.36338200000000004	0.177395	0.5155850000000001	39.497948	6.0	12.813811999999999	52.309611	2.0	0.011278	3.491226	3.0	5.422429	3.906974	2.0	11.892418	2.787424	1.0	84.385067	9.487908000000001	4.0	0.11172	1.8927669999999999	1.0	62.327008	0.43678599999999995	4.0	86.791679
1708.0	1.0	62.961126	29.446334000000004	89.515918	16.400403	0.324121	0.41575200000000007	0.529953	0.34972600000000004	35.024811	4.0	62.273825	61.846861	4.0	0.013228	5.769805	1.0	58.059777000000004	0.257221	1.0	71.655738	37.531465000000004	5.0	13.804291000000001	77.326552	5.0	0.033142000000000005	2.0774169999999996	2.0	21.755591	5.548136	4.0	25.652051
1712.0	1.0	68.65035400000001	9.348533999999999	62.192536	97.017219	0.698641	0.21582600000000002	0.12699100000000002	0.849358	45.771758	1.0	47.122335	42.082417	5.0	0.017508000000000003	3.114802	5.0	7.329181	1.03914	1.0	1.763643	74.607748	2.0	28.355295	40.674364000000004	6.0	0.034736	0.9427030000000001	1.0	66.37248000000001	0.685874	5.0	46.710891
1837.0	1.0	51.493481	31.715769	36.123509000000006	35.563266999999996	0.9209620000000001	0.266277	0.131609	0.8783280000000001	8.391255000000001	3.0	28.958678000000003	28.162839	5.0	0.037933	5.296678	1.0	3.5520660000000004	4.974469999999999	2.0	5.105633	7.402266	1.0	88.824787	49.550979999999996	2.0	0.01598	5.098896	1.0	69.950484	2.785671	3.0	31.229543
2111.0	1.0	51.53888	96.097909	67.427649	88.203959	0.940947	0.788788	0.511512	0.147878	14.772688	2.0	77.716728	27.81798	5.0	0.017581	1.8757110000000001	3.0	55.938354000000004	3.997304	4.0	5.296111	11.647217999999999	6.0	4.934006	59.303746	4.0	0.03082	1.379725	2.0	89.911441	4.180265	1.0	33.031498
2218.0	1.0	55.59621800000001	50.392465	94.932857	55.93780699999999	0.298172	0.823422	0.20880100000000001	0.56434	15.104976	1.0	49.321151	70.770388	2.0	0.013862000000000001	0.259255	6.0	30.350686	1.260623	1.0	10.835006	12.106451	3.0	89.149957	68.309281	3.0	0.029949	2.1022790000000002	3.0	9.696261	4.22749	1.0	87.497803
2483.0	1.0	78.713415	64.97563199999999	80.918335	40.084413	0.908214	0.150779	0.12128199999999999	0.82786	33.881383	6.0	9.847278	23.925696	4.0	0.026369	1.356684	2.0	80.06160200000001	3.174405	1.0	15.528452	21.406814999999998	2.0	94.182564	48.359054	1.0	0.015290999999999999	1.452871	1.0	92.024682	1.670823	1.0	84.00901
2538.0	1.0	78.18217800000001	56.672801	99.874707	37.678002	0.5023850000000001	0.479679	0.23737600000000003	0.950127	71.692269	4.0	8.820260000000001	48.046463	5.0	0.190194	4.270161	2.0	35.767363	4.687755	5.0	25.772639	46.654317	3.0	6.081963	39.234319	1.0	0.012240000000000001	0.184429	1.0	7.359850999999999	0.366496	3.0	16.819279
2563.0	1.0	48.52298	56.7164	65.80376700000001	94.441631	0.12127	0.25109499999999996	0.31424	0.398024	5.334777	2.0	67.520656	26.047987	6.0	0.087626	0.126198	3.0	70.088696	4.098495	3.0	57.470348	35.538211	4.0	99.033687	64.016876	2.0	0.011853	0.9664219999999999	2.0	88.604125	0.64964	1.0	12.522501
2712.0	1.0	84.85022099999999	95.55528100000001	73.10126899999999	90.297799	0.5320729999999999	0.213714	0.136405	0.919932	57.757691	2.0	37.917805	61.156206999999995	2.0	0.012097	3.494	1.0	39.475511	3.1414310000000003	2.0	4.36147	11.277575	6.0	65.35723399999999	16.148993	6.0	0.031897	4.111603	4.0	3.254912	3.7991349999999997	3.0	4.657493
2793.0	1.0	57.783319999999996	45.141149	52.58993	34.774476	0.20041199999999998	0.541949	0.220881	0.920373	29.191814	1.0	94.200698	30.296901000000002	1.0	0.015198	0.675976	6.0	84.92451899999999	2.511241	1.0	73.288225	40.188849	2.0	48.092328	69.46520699999999	1.0	0.013231999999999999	0.561198	6.0	82.336575	4.55371	2.0	2.150147
2859.0	1.0	83.30192	22.063766	94.984487	20.261343	0.130949	0.936731	0.12383499999999999	0.8501549999999999	12.401816	4.0	13.888598000000002	53.345121999999996	6.0	0.038341	2.823026	6.0	71.853514	5.568847	3.0	4.179613	6.592067	4.0	48.187032	59.237481	6.0	0.018308	0.625923	6.0	57.71781800000001	0.814042	6.0	62.18227099999999
2876.0	1.0	81.735904	15.115601000000002	93.960943	75.30884499999999	0.253235	0.224661	0.234373	0.316774	69.96262800000001	6.0	4.265411	62.010677	5.0	0.024350999999999998	0.9516100000000001	2.0	5.381139	1.298437	1.0	74.670111	25.837858999999998	3.0	21.802521	33.783697	4.0	0.011492	0.21702800000000003	3.0	65.490873	3.772189	3.0	45.682140999999994
2989.0	1.0	69.53739499999999	81.22491099999999	87.70620699999999	26.95927	0.45046400000000003	0.478574	0.790196	0.741643	34.566099	1.0	28.773756	52.176922999999995	2.0	0.079525	4.321039	3.0	21.761294	2.814098	4.0	42.080740999999996	41.4299	1.0	13.345632	72.046079	2.0	0.0741	0.42520699999999995	2.0	32.899094	3.138481	2.0	74.05708
3413.0	1.0	51.907334000000006	85.510965	49.942928	34.506268	0.348671	0.288113	0.112114	0.257822	45.228691	3.0	98.736813	27.916326	1.0	0.014297999999999998	3.7715199999999998	3.0	3.3824440000000005	1.9012069999999999	1.0	8.889531	61.437876	1.0	8.663517	70.667062	2.0	0.013198	0.11958699999999998	1.0	84.987093	2.827854	6.0	50.088023
3448.0	1.0	81.086618	16.630933	77.343846	7.652707	0.411768	0.23614699999999997	0.38313	0.887282	21.601395	3.0	14.923668	38.544831	6.0	0.019063	2.0708130000000002	2.0	86.303589	0.644895	1.0	31.201168	10.936205000000001	6.0	12.793538	28.578599	4.0	0.371139	0.265349	3.0	42.385884000000004	4.642278	6.0	73.144689
3542.0	1.0	24.111736999999998	14.239782	90.424631	10.638639999999999	0.17704	0.125718	0.172678	0.745093	1.635527	4.0	32.183039	50.108928999999996	4.0	0.030407999999999998	3.70495	6.0	6.962835000000001	5.253882	4.0	13.641964000000002	61.375797999999996	3.0	34.301612	13.583798999999999	2.0	0.619409	0.488417	2.0	79.568005	1.7974450000000002	2.0	17.262396
3635.0	1.0	36.714477	31.260114	81.387157	31.71647	0.37332	0.669878	0.41651800000000005	0.9108569999999999	10.308854	6.0	17.137411	40.794470000000004	5.0	0.018392	2.39723	1.0	24.454142	3.1882040000000003	2.0	89.909269	21.615358999999998	1.0	80.542018	77.239972	4.0	0.011061	1.9269880000000001	6.0	70.517351	2.020603	6.0	4.4061900000000005
3755.0	1.0	74.719752	54.84563299999999	80.28941800000001	61.946415	0.39915100000000003	0.650353	0.258355	0.7093550000000001	44.824753	1.0	71.015357	41.20713	1.0	0.021084000000000002	0.290085	1.0	70.021103	3.209176	5.0	11.923869999999999	14.510511	2.0	47.81512	37.241817	3.0	0.029019999999999997	1.111081	1.0	51.399172	1.599331	1.0	26.00294
3757.0	1.0	98.460396	57.9184	81.38118399999999	50.872149	0.222852	0.5572090000000001	0.8104640000000001	0.5898	58.461635	2.0	4.111626	67.91752	6.0	0.015864	0.17268	5.0	18.529316	0.142178	1.0	67.96434599999999	13.265791	2.0	59.496037	76.380558	3.0	0.016798	2.89869	4.0	32.310446999999996	0.138355	5.0	41.020375
3805.0	1.0	42.1869	38.904303999999996	86.404259	2.878349	0.9503389999999999	0.660277	0.42351000000000005	0.514007	34.856695	4.0	11.848753	70.786952	5.0	0.013314	1.254666	1.0	92.745465	1.981027	5.0	46.760446	60.39467	4.0	45.864482	75.193605	5.0	0.029112	0.32205900000000004	2.0	42.305551	0.241222	2.0	31.710613000000002
4149.0	1.0	79.232337	24.71194	66.774734	27.733240000000002	0.13083499999999998	0.816603	0.464199	0.8830620000000001	28.719504999999998	1.0	4.543505000000001	40.584922	2.0	0.019981	0.384866	5.0	81.216571	5.502415	5.0	2.00907	37.934022999999996	2.0	58.888594999999995	72.070499	6.0	0.02539	3.4499419999999996	1.0	77.451642	5.623139	3.0	4.623273
4172.0	1.0	57.335365	24.121172	83.66809599999999	56.907075	0.751451	0.607309	0.571194	0.788203	61.228336	5.0	52.084524	69.17350400000001	3.0	0.013507	5.705133	5.0	3.4208089999999998	0.181394	5.0	11.738681	52.225455	6.0	1.126963	49.580678999999996	4.0	0.023483	2.226608	1.0	78.62523900000001	5.433244999999999	1.0	54.610131
4315.0	1.0	6.8492169999999994	49.619577	30.322515000000003	52.204411	0.9339299999999999	0.234618	0.6251770000000001	0.418716	36.225798	1.0	36.904089	14.605004999999998	4.0	0.014169999999999999	2.9998970000000003	2.0	99.674428	3.4124800000000004	4.0	2.473031	66.844942	6.0	8.713585	11.832417999999999	1.0	0.239414	2.292722	1.0	3.65424	0.331541	1.0	51.751968
4327.0	1.0	75.584281	79.187272	72.405186	26.284212	0.23947800000000002	0.392652	0.24718800000000002	0.141341	42.303474	2.0	81.058149	71.92523	6.0	0.011509	3.646789	3.0	63.442488	2.3025580000000003	5.0	4.199482	3.6261970000000003	2.0	71.89094399999999	56.826087	1.0	0.020683	5.630882	2.0	96.79234699999999	1.219183	4.0	34.082581
4400.0	1.0	64.21983	46.487144	88.414603	9.578694	0.123228	0.569761	0.52351	0.444931	55.39655	1.0	82.657556	71.123526	6.0	0.201047	0.47616400000000003	1.0	60.688683	1.462976	5.0	29.36178	37.874814	4.0	27.110708000000002	68.558653	4.0	0.012425	5.146674	1.0	2.003015	0.650459	5.0	70.74715
4450.0	1.0	48.17261	80.15114100000001	71.210425	21.305258	0.782814	0.6371399999999999	0.154111	0.334781	43.325132	4.0	9.632844	48.113774	3.0	0.056487	0.589028	1.0	39.950888	0.15365299999999998	4.0	64.249604	4.487584	1.0	8.450885000000001	15.387391000000001	6.0	0.019454	0.484921	1.0	87.643723	2.4596169999999997	6.0	37.330424
4694.0	1.0	76.121765	37.48294	71.60091800000001	2.995556	0.24355300000000002	0.494809	0.581088	0.45974499999999996	44.644604	1.0	77.68611800000001	10.053915	1.0	0.042955	3.7288919999999997	2.0	95.706294	2.7994779999999997	3.0	6.341985	34.135717	6.0	5.4992410000000005	54.640648	1.0	0.011086	0.9413799999999999	1.0	6.230859	5.006846	1.0	77.600492
4696.0	1.0	74.874302	5.533375	89.123226	14.505937	0.254546	0.267894	0.167432	0.818183	14.341133	3.0	12.484364999999999	41.876088	2.0	0.021664	3.6566660000000004	2.0	33.845553	1.053122	1.0	3.3717610000000002	55.964220999999995	1.0	2.807691	14.662065	1.0	0.015534000000000001	4.731811	6.0	22.319747	2.978503	1.0	31.584771999999997
4855.0	1.0	79.114525	96.06573900000001	46.291643	33.078254	0.537288	0.147817	0.9918799999999999	0.897813	47.429291	5.0	12.379152000000001	65.00595200000001	4.0	0.200721	0.142786	6.0	92.560677	1.869059	2.0	68.43618599999999	9.124542	2.0	1.967958	62.714918000000004	6.0	0.07711900000000001	0.176821	1.0	66.442054	0.704801	2.0	94.669664
5014.0	1.0	38.547746999999994	72.685317	72.01677099999999	71.83496	0.324313	0.6411899999999999	0.28021	0.43308199999999997	37.489388	1.0	91.279347	20.085031	3.0	0.011478	3.143733	4.0	66.60910600000001	2.3985	1.0	2.2999169999999998	40.2999	4.0	92.818388	56.316784999999996	6.0	0.017171000000000002	0.476235	5.0	11.805100999999999	0.25503600000000004	6.0	4.678640000000001
5110.0	1.0	41.995436	85.21815500000001	58.318564	90.586731	0.628379	0.12326300000000001	0.695304	0.830799	27.248092	4.0	6.831322	9.004373	3.0	0.09489299999999999	6.064458	1.0	30.641771000000002	5.715986	4.0	16.871852	59.530762	4.0	44.445331	69.583102	5.0	0.034395	4.754766	1.0	50.422216	2.8025450000000003	4.0	1.7503950000000001
5139.0	1.0	52.784549	51.279776	13.676763000000001	71.00428199999999	0.17794400000000002	0.333897	0.218612	0.405227	0.8831829999999999	2.0	38.657140999999996	32.500129	5.0	0.010003	1.109796	2.0	3.1631869999999997	2.6107720000000003	2.0	27.726724	41.696090999999996	6.0	54.771104	49.381487	2.0	0.014178	0.8686159999999999	5.0	33.813831	1.3540780000000001	5.0	1.623229
5157.0	1.0	92.617058	90.377669	94.47958299999999	84.781852	0.7343970000000001	0.358145	0.260496	0.9927389999999999	41.942299	5.0	39.752401	59.954311	1.0	0.019508	1.894254	1.0	23.674703	5.1120790000000005	1.0	52.602594999999994	6.6875100000000005	4.0	88.044923	45.620715999999994	1.0	0.402487	2.9951369999999997	6.0	12.793167	1.627062	2.0	90.777843
5220.0	1.0	6.3388279999999995	97.300865	61.968689000000005	70.08142	0.985964	0.102568	0.258581	0.245732	31.624225	2.0	50.088307	61.838958	1.0	0.03776	5.221891	2.0	44.538706	0.616123	4.0	38.519646	74.213623	1.0	82.363837	56.170511	2.0	0.016786000000000002	0.891315	6.0	43.247131	4.802531	5.0	13.145959
5240.0	1.0	57.75793	43.315127000000004	94.429897	12.573208000000001	0.490278	0.112817	0.227444	0.893616	72.845349	1.0	67.888917	62.65282	3.0	0.014863	2.721911	1.0	44.823264	4.27504	3.0	51.739527	30.534577000000002	6.0	2.4656130000000003	54.162518999999996	5.0	0.10797999999999999	1.781595	2.0	59.244544999999995	4.62841	2.0	96.334986
5471.0	1.0	94.647082	62.149641	86.29372	24.428310999999997	0.7092930000000001	0.49921499999999996	0.168971	0.681628	66.205563	2.0	51.051725	62.001560999999995	6.0	0.056178	5.019429	1.0	5.58144	2.8755490000000004	4.0	35.838282	16.941352	6.0	18.391247	66.734362	3.0	0.011136	0.24933899999999998	5.0	32.057694	0.157749	5.0	91.191783
5589.0	1.0	69.392098	66.943435	28.513994	88.05583	0.92671	0.366017	0.5554560000000001	0.45335699999999995	44.06864	2.0	40.246569	43.516701	2.0	0.010001999999999999	4.158107	6.0	40.013498999999996	5.4969980000000005	1.0	5.154478	40.623874	1.0	67.25904200000001	45.226688	1.0	0.032302	2.349749	2.0	4.842433	1.3179040000000002	2.0	36.390023
5638.0	1.0	1.731636	36.26512	92.33454300000001	25.653223	0.649846	0.126148	0.517975	0.50215	42.798424	6.0	18.901409	35.971228	2.0	0.011604000000000001	1.384968	2.0	99.555601	4.643155999999999	3.0	3.311005	44.275437	3.0	18.414662	77.56730999999999	1.0	0.017659	0.6337520000000001	1.0	61.364977	0.26098299999999997	5.0	74.559656
5757.0	1.0	81.973773	57.29175	53.780176000000004	89.56003199999999	0.15393099999999998	0.605019	0.242443	0.7133689999999999	1.858695	5.0	63.962320999999996	55.711348	4.0	0.022940000000000002	6.122281	1.0	2.297434	2.352991	6.0	75.98571	1.2678459999999998	2.0	34.435756	52.090789	1.0	0.012149	4.49947	1.0	11.092035000000001	5.637898000000001	2.0	83.993427
5854.0	1.0	92.398945	73.864822	47.610646	6.167173	0.691014	0.649003	0.32821	0.950483	65.739739	3.0	23.111801999999997	49.576339000000004	3.0	0.024173	5.659739	1.0	38.121618	4.084633999999999	1.0	29.874228000000002	43.862618	4.0	10.635858	71.49114300000001	2.0	0.02334	0.719956	2.0	8.043002	4.380883	6.0	34.491245
6011.0	1.0	33.203734999999995	47.559659	77.68612900000001	78.61066	0.248009	0.7039880000000001	0.27249	0.625197	4.262029	5.0	55.821954000000005	27.50785	5.0	0.081318	2.150635	3.0	28.425227000000003	0.564913	1.0	86.499404	36.822459	1.0	7.404025	64.271873	2.0	0.01182	4.626506	3.0	77.500054	3.7325769999999996	2.0	21.61771
6193.0	1.0	63.040243000000004	54.085735	66.163729	43.427061	0.113416	0.846349	0.229756	0.253283	62.10425	6.0	5.060416	22.914926	1.0	0.012244	1.1276469999999998	3.0	34.604267	1.914002	2.0	88.862298	29.972783000000003	4.0	22.586726000000002	71.156788	3.0	0.011644	0.915084	1.0	45.628273	2.8559069999999998	2.0	84.424402
6198.0	1.0	66.726697	67.129982	77.18385	61.787119	0.9057860000000001	0.298052	0.248167	0.815941	4.046853	4.0	35.535037	12.304872	3.0	0.061837	5.031773	4.0	4.041842	1.9450450000000001	2.0	3.149289	16.53003	1.0	93.83183199999999	46.633223	1.0	0.053453999999999995	0.1047	4.0	85.22153	3.342362	6.0	72.438582
6273.0	1.0	72.659477	44.728282	79.248814	45.164746	0.5378649999999999	0.73447	0.329795	0.916966	19.664979000000002	3.0	8.480093	45.925996999999995	2.0	0.014552	3.9628339999999995	1.0	52.538757	2.2797549999999998	3.0	21.999672	47.133525	2.0	16.319349	34.646658	2.0	0.013887	2.800936	1.0	15.358992	4.157408	1.0	44.649898
6568.0	1.0	82.640084	10.79227	41.175441	5.7248779999999995	0.154068	0.535242	0.191564	0.326049	37.813261	1.0	58.581028	23.917492000000003	3.0	0.388248	0.114192	2.0	43.849074	4.507829	5.0	35.390223999999996	73.78339	3.0	40.439186	51.660425	3.0	0.026657999999999998	1.012378	1.0	22.627124	5.015417	5.0	62.567040000000006
6583.0	1.0	59.605103	73.837695	98.383317	93.9531	0.38090799999999997	0.335233	0.9978739999999999	0.10716800000000001	10.524023	6.0	79.721977	10.22573	3.0	0.039961	5.593783999999999	1.0	79.923611	2.293279	6.0	1.641984	39.813113	3.0	22.813147	59.89846899999999	1.0	0.024568	1.6749919999999998	2.0	54.840429	5.00974	1.0	82.814959
6620.0	1.0	75.501588	27.566464	29.832828999999997	51.935251	0.496544	0.47346099999999997	0.20914499999999997	0.906118	38.793029	4.0	75.125786	69.418675	6.0	0.060788999999999996	2.387074	4.0	13.371437	0.140848	6.0	82.38166600000001	2.908748	1.0	41.293543	42.842219	4.0	0.013121	0.670658	3.0	73.05854000000001	2.6438580000000003	5.0	92.41153299999999
6928.0	1.0	39.289834	84.049086	72.519847	63.969462	0.432989	0.345086	0.17961300000000002	0.349987	8.379022	6.0	94.258142	55.15874300000001	2.0	0.010641	5.942735	5.0	88.92569	5.711448000000001	4.0	9.316616	56.196589	2.0	18.976171	12.409903	6.0	0.373812	3.9149260000000004	2.0	56.792826	3.208399	2.0	3.663768
7050.0	1.0	23.435717	60.84301	27.215449	81.473039	0.37648200000000004	0.9761860000000001	0.8438610000000001	0.66996	40.399782	1.0	77.553626	60.627123	4.0	0.040075	3.7082	1.0	99.612187	1.603075	3.0	1.6490189999999998	50.052239	1.0	2.174849	62.966042	2.0	0.092791	1.9171330000000002	2.0	26.700938	5.291507	4.0	27.343343
7185.0	1.0	92.22519399999999	7.231781	94.019275	19.639397	0.19811700000000002	0.308052	0.891048	0.137028	21.724857	3.0	58.53351899999999	54.278001	1.0	0.013655	2.022243	1.0	65.492224	2.943444	1.0	92.399987	42.653263	4.0	35.843588000000004	32.151534999999996	4.0	0.022855	4.351205	1.0	84.02474699999999	1.753021	4.0	8.785210000000001
7360.0	1.0	81.75980899999999	21.431285	90.673454	37.844759	0.5703229999999999	0.9428790000000001	0.376672	0.577527	64.72364	5.0	10.094335000000001	59.238386	4.0	0.016946	0.532104	3.0	44.941628	1.912882	6.0	59.595636999999996	26.32224	5.0	60.730427	20.568655	3.0	0.095539	0.218083	2.0	48.223182	4.436161	4.0	4.840424
7531.0	1.0	62.491624	93.45601500000001	33.065138	73.87055699999999	0.151264	0.349107	0.257299	0.923151	26.810002	3.0	81.39321899999999	48.953069	1.0	0.012195999999999999	2.345509	2.0	45.066465	3.686665	1.0	59.410738	5.575897	3.0	14.137387	64.376641	2.0	0.035505	1.767049	3.0	32.697342	2.754427	5.0	5.889526999999999
7663.0	1.0	16.693066	33.820335	98.34434399999999	65.053402	0.869094	0.10974600000000001	0.399213	0.13012200000000002	4.061921	5.0	92.092485	39.725064	2.0	0.012253	2.788063	6.0	98.887571	0.34118899999999996	2.0	5.740362999999999	1.426608	2.0	57.928527	35.084989	4.0	0.013858	4.298916999999999	3.0	44.767503999999995	1.075979	3.0	1.1648100000000001
7673.0	1.0	86.2188	86.843918	66.932379	20.45541	0.928523	0.639523	0.161221	0.7587430000000001	3.082738	4.0	50.444362	41.801553000000006	1.0	0.020733	1.0939379999999999	1.0	70.707995	4.100819	2.0	33.905873	48.003757	1.0	90.79545999999999	62.98514399999999	2.0	0.47446000000000005	1.546808	1.0	94.76352299999999	0.101279	5.0	84.262458
7768.0	1.0	63.867693	50.274505	49.997288	12.038744	0.265574	0.5232979999999999	0.857634	0.8972180000000001	26.406575	5.0	43.46583	18.293092	2.0	0.010763	0.85577	2.0	46.473304	5.558698000000001	2.0	26.985089000000002	3.266212	2.0	74.12021999999999	32.230206	1.0	0.03015	1.8405340000000001	1.0	31.979382	0.11851700000000001	3.0	33.017976000000004
7823.0	1.0	54.526412	55.947677	55.723152	52.367539	0.176861	0.30790300000000004	0.902323	0.63983	36.97302	1.0	33.159053	49.334313	2.0	0.013725999999999999	0.532641	1.0	82.459277	3.6908489999999996	6.0	6.787319	72.741968	2.0	5.638361	56.207979	1.0	0.538064	3.3023510000000003	1.0	73.797483	4.3654839999999995	3.0	63.905324
7828.0	1.0	28.333314	80.06867700000001	97.416765	54.80224499999999	0.10607799999999999	0.9490430000000001	0.754422	0.44384700000000005	6.980878	1.0	36.207423	54.675043	1.0	0.014463	2.276615	3.0	53.637126	2.820897	3.0	59.6138	60.367098	3.0	20.399367	77.485888	3.0	0.02897	4.40797	1.0	44.809342	4.445951999999999	4.0	2.023734
7851.0	1.0	76.221098	71.164631	33.521281	55.05706800000001	0.18748399999999998	0.693048	0.22266599999999998	0.9691690000000001	18.093907	6.0	22.760624	52.229642999999996	5.0	0.087257	0.27217800000000003	1.0	71.30248	1.8266490000000002	4.0	56.11634599999999	21.706995000000003	1.0	31.341725	20.835162	2.0	0.114533	1.388059	1.0	18.338335	2.845106	6.0	27.018390000000004
7919.0	1.0	75.09824	44.802631	61.873186	19.804741	0.753463	0.284525	0.161614	0.768333	2.366898	3.0	74.04164	67.54419200000001	1.0	0.027561000000000002	1.319441	1.0	25.568081	3.692763	2.0	99.019914	29.813390000000002	5.0	95.088625	73.85873000000001	3.0	0.026101999999999997	3.3093160000000004	5.0	2.923649	0.33619	1.0	64.29486899999999
8016.0	1.0	26.686729999999997	32.056225	93.050801	18.325019	0.9482510000000001	0.8485090000000001	0.8494120000000001	0.727028	4.422512	5.0	22.185028	31.811861999999998	1.0	0.02494	1.239914	1.0	16.651039	2.6908540000000003	1.0	41.944967	25.175137	1.0	26.196284	59.28775600000001	5.0	0.026563999999999997	4.599042	1.0	40.620515999999995	3.842172	5.0	55.977377000000004
8147.0	1.0	66.539517	39.637278	92.717264	37.457144	0.8268840000000001	0.36783699999999997	0.383333	0.6979420000000001	76.167803	4.0	1.343959	44.559841999999996	5.0	0.043518	2.532566	6.0	8.16858	1.477069	2.0	88.94469699999999	56.276956000000006	5.0	40.499539	7.900013	6.0	0.10528399999999999	2.6643939999999997	6.0	1.562812	0.706399	2.0	6.563302
8631.0	1.0	77.16069300000001	57.634855	11.630659	49.545024	0.22654899999999997	0.25000700000000003	0.129599	0.26203899999999997	17.358801	3.0	48.505678	40.448462	1.0	0.012790000000000001	1.9709619999999999	5.0	82.496662	0.6514310000000001	2.0	31.264709999999997	73.698616	6.0	71.868185	70.636135	1.0	0.02144	3.746545	1.0	38.863029	0.935141	4.0	3.4337699999999995
8858.0	1.0	7.135889	60.26745	34.456588	94.192008	0.934301	0.168821	0.11728599999999999	0.33958699999999997	13.555376	2.0	49.326747999999995	14.457115	6.0	0.014466	2.094664	2.0	96.83151099999999	5.514273	4.0	5.497783999999999	68.77222900000001	3.0	41.453145	9.473471	5.0	0.032347	0.45382100000000003	5.0	12.551383	0.085853	2.0	30.503486
8943.0	1.0	48.432254	23.456925	80.276028	78.9573	0.159085	0.40675300000000003	0.504169	0.739839	77.20215400000001	4.0	68.400977	44.190952	3.0	0.011911	5.513809999999999	5.0	93.09765	1.629446	1.0	1.832816	1.031909	1.0	95.65661300000001	74.237873	5.0	0.010512	4.475128	6.0	61.141265000000004	0.8714799999999999	3.0	82.088492
9061.0	1.0	77.404388	65.04995799999999	44.559961	41.84823	0.183854	0.662166	0.388895	0.678127	10.519910000000001	5.0	79.597399	39.768578000000005	1.0	0.09839099999999999	3.486454	1.0	46.275387	0.49841	3.0	75.314092	3.611168	6.0	3.905163	34.403002	1.0	0.010168	0.929767	1.0	54.642331000000006	1.0338100000000001	4.0	29.059959000000003
9159.0	1.0	63.326912	23.458201000000003	97.59973000000001	37.154769	0.513408	0.123485	0.377844	0.29092399999999996	29.22042	5.0	95.624185	38.077114	3.0	0.026216000000000003	4.351293	2.0	29.652469	5.942386	6.0	9.481494999999999	50.802894	1.0	84.877333	70.177146	4.0	0.012979	3.694231	6.0	8.229508000000001	0.149538	2.0	73.399067
9496.0	1.0	85.923396	36.798572	84.029912	89.580704	0.123252	0.19406600000000002	0.598996	0.9542950000000001	46.326459	4.0	54.557919999999996	69.137559	3.0	0.019854	3.308102	6.0	1.972834	5.222421	3.0	11.530043	65.24076099999999	2.0	38.230686	70.196551	6.0	0.421001	0.08135	6.0	27.703813	3.359862	2.0	13.887907
9598.0	1.0	37.377074	49.865234	91.740493	39.110045	0.31645300000000004	0.9110309999999999	0.269496	0.788227	1.817661	3.0	87.960228	54.608203	5.0	0.013925	1.008788	5.0	96.340239	0.171164	1.0	26.725477	11.334977	6.0	19.388753	40.475465	5.0	0.012466	5.736498	6.0	2.647049	1.552577	1.0	80.808181
9626.0	1.0	66.788783	95.630601	77.27077299999999	41.266427	0.129269	0.695751	0.41522600000000004	0.636225	20.49636	4.0	8.381442999999999	36.82956	2.0	0.051012	5.818492	1.0	75.73305	3.0217810000000003	6.0	27.554664000000002	14.366237	1.0	71.116213	24.833125	1.0	0.022252	4.354406	1.0	57.104932	5.825533	1.0	31.496515000000002
9792.0	1.0	91.247636	83.342137	71.574129	53.718796999999995	0.1202	0.199967	0.501588	0.34162600000000004	15.618352999999999	1.0	89.60454	8.235347	5.0	0.125736	5.234463	2.0	16.033488000000002	0.9482370000000001	6.0	84.878576	74.640422	2.0	40.965995	7.007579	3.0	0.845166	0.543353	4.0	64.352467	1.2994059999999998	6.0	5.218415
9874.0	1.0	32.115311	94.272046	60.854013	74.978651	0.21402100000000002	0.33943	0.403478	0.626297	1.133102	2.0	35.87055	74.387146	3.0	0.058089999999999996	0.821876	4.0	31.251008000000002	3.890389	4.0	35.551549	20.782618	5.0	31.650428	68.679558	1.0	0.010723	3.180997	1.0	17.400669	0.46708900000000003	4.0	12.759594
