225.0	2.0	5.297875	64.353672	3.46377	22.924869	0.687077	0.43779300000000004	0.450979	0.34632199999999996	3.01438	3.0	6.4645220000000005	19.295920000000002	3.0	0.023681	5.826182	5.0	30.015874	3.556806	3.0	22.805777	8.210585	3.0	19.108259	25.188516	5.0	85.659035	6.658742	5.0	0.026782999999999998	4.256161	2.0	16.167764000000002	18.868579999999998	5.0	56.390266000000004
302.0	2.0	1.600071	89.719301	2.066935	76.88927	0.204069	0.752763	0.204242	0.198787	1.607805	3.0	23.589113	4.884939	6.0	0.13622599999999999	6.140276999999999	4.0	92.861772	5.962136	3.0	8.631944	17.084395999999998	2.0	29.656755	11.740798	3.0	78.98476099999999	9.414955	4.0	0.019533000000000002	14.851857	5.0	35.872129	17.772102	6.0	9.571769
532.0	2.0	56.946954000000005	13.443473000000001	4.532558	98.62604	0.8658879999999999	0.42618999999999996	0.45374899999999996	0.523471	20.70815	5.0	30.599785999999998	6.8882270000000005	1.0	0.093696	4.128218	3.0	24.716441	2.764365	6.0	71.55375699999999	21.527072	1.0	23.90304	20.705463	2.0	9.323267999999999	18.76118	5.0	0.097721	10.429459	6.0	26.910594	4.769356	5.0	52.464288
636.0	2.0	70.628039	11.833784	70.472041	2.615811	0.220282	0.79628	0.49823100000000003	0.734863	5.131988	2.0	24.260723000000002	22.158616000000002	5.0	0.01551	2.309807	3.0	66.262276	1.7139	3.0	66.378095	13.595745	2.0	41.802966999999995	17.600085	3.0	61.140553000000004	14.640676000000001	5.0	0.065153	10.873582	5.0	57.554584999999996	17.669515	1.0	88.638835
637.0	2.0	79.634419	15.720975	10.724581	33.337058	0.323281	0.7565930000000001	0.619222	0.617166	14.233931	1.0	32.077278	7.271945	5.0	0.016993	1.9052490000000002	6.0	59.151487	0.6990970000000001	4.0	68.919198	11.597264	2.0	28.011034000000002	4.379836	1.0	68.862822	21.045285999999997	1.0	0.012107999999999999	16.615884	4.0	43.422922	3.4240730000000004	1.0	75.619238
824.0	2.0	91.95469	9.033814	69.715496	12.031359	0.545085	0.756921	0.611768	0.696152	16.520289000000002	6.0	11.090593	9.936411999999999	3.0	0.017195	2.2956220000000003	4.0	64.03878	2.0128220000000003	5.0	60.44002	8.301328	6.0	63.851739	2.287999	6.0	51.223397999999996	21.465164	4.0	0.031941000000000004	9.5562	4.0	92.056127	23.402067000000002	5.0	47.829076
878.0	2.0	96.76500300000001	7.220791	8.516457	43.11331	0.690434	0.888698	0.897985	0.131973	20.727942000000002	5.0	88.17367800000001	19.414481	2.0	0.026804	4.009364	5.0	86.953062	0.487357	4.0	41.694831	0.772712	5.0	61.594529	1.304859	4.0	83.505443	16.385333	3.0	0.071845	14.64376	5.0	29.797781	22.040307000000002	5.0	29.276202
913.0	2.0	34.467363	11.767398	21.973522	8.086081	0.406224	0.859893	0.7153079999999999	0.8745719999999999	0.27333	3.0	91.25054899999999	3.233018	6.0	0.029552	5.185823	2.0	92.06318900000001	4.464322	2.0	4.659788	20.610589	5.0	41.66251	2.4942290000000003	6.0	9.28956	19.783459	1.0	0.198115	6.25561	1.0	89.652434	15.136035000000001	5.0	96.830809
918.0	2.0	86.29916800000001	6.748553	1.178384	62.216347999999996	0.691322	0.8500030000000001	0.470988	0.197277	2.725361	3.0	1.6106719999999999	25.388251	2.0	0.012567	1.170742	3.0	62.595552000000005	0.43688999999999995	6.0	57.926306000000004	12.692813000000001	1.0	42.320144	17.692157	1.0	93.626154	6.214676	4.0	0.019098	0.641988	3.0	87.077187	24.957838	5.0	44.239827000000005
1511.0	2.0	93.818051	2.56041	56.047978	15.63016	0.407358	0.452615	0.680653	0.504375	19.539472	4.0	23.233506	24.3619	5.0	0.013378999999999999	3.454361	6.0	62.807766	4.8811800000000005	6.0	39.512073	22.411189	3.0	8.796297000000001	24.466876	5.0	40.098940999999996	3.053568	5.0	0.044406	16.938208	1.0	18.613582	22.476502	5.0	18.000235999999997
1841.0	2.0	32.661046	19.958276	1.1213870000000001	13.189125	0.6838	0.678437	0.574869	0.340994	2.629825	4.0	16.979675	9.934339999999999	6.0	0.046839	0.938433	5.0	56.994794999999996	1.862989	1.0	45.573473	18.894099	5.0	71.650796	18.078462	6.0	26.259959000000002	10.341398	4.0	0.045066	6.152349	6.0	5.39475	7.870738	3.0	49.241671000000004
1888.0	2.0	4.608921	15.410803	6.939448	26.511546999999997	0.567473	0.6111479999999999	0.747718	0.274438	14.190737	3.0	85.83453	16.189918	1.0	0.049972	2.0257	5.0	43.762473	2.947695	5.0	55.596627000000005	21.48699	4.0	12.544061	23.546770000000002	6.0	86.327673	7.074872	5.0	0.011216	13.11789	3.0	4.330615	11.058307000000001	5.0	69.847803
2352.0	2.0	3.793394	20.581744	6.6534320000000005	79.856829	0.8439840000000001	0.645948	0.773478	0.565483	15.746129999999999	4.0	83.863551	24.923636	1.0	0.021473	4.001163	2.0	33.101378000000004	2.029275	2.0	27.934307	4.011094	3.0	30.655448	15.346568	3.0	62.385670999999995	1.2041030000000001	1.0	0.65362	8.988395	2.0	89.8457	7.058687	3.0	75.182695
2549.0	2.0	66.426291	1.624369	22.743561	4.967816	0.14987799999999998	0.8281870000000001	0.413229	0.737488	2.1985959999999998	1.0	56.731097999999996	2.367594	5.0	0.073198	2.3721650000000003	5.0	29.472236	1.265369	4.0	95.716525	21.203436	2.0	35.90724	11.746315	5.0	43.471084000000005	21.457414	2.0	0.20060799999999998	8.948998	4.0	31.892233	12.070817	1.0	32.525017
2771.0	2.0	66.785668	5.83769	28.106044	24.692604	0.37648400000000004	0.65435	0.683808	0.934157	15.121522	4.0	9.784061999999999	21.770920999999998	3.0	0.021004	5.3237760000000005	4.0	51.667303000000004	4.524344999999999	6.0	77.465645	17.374939	3.0	98.03961600000001	18.969863	6.0	59.867521999999994	21.280119	4.0	0.050345	11.832283	2.0	86.010535	3.86784	1.0	84.799607
2848.0	2.0	42.467756	17.790696	58.482436	20.766504	0.103601	0.8363950000000001	0.515412	0.776561	0.7193689999999999	2.0	29.727538	13.342101999999999	2.0	0.021621	3.036423	3.0	64.431797	1.202018	4.0	32.597004	22.939255	2.0	92.530057	0.9077540000000001	4.0	26.529342	19.136981	5.0	0.109954	18.321041	1.0	30.229643	16.711167	2.0	90.35048499999999
2976.0	2.0	12.564346	5.181868	97.657742	1.6081159999999999	0.40271	0.32611	0.6299710000000001	0.569612	22.605929	6.0	3.6058260000000004	8.210375	2.0	0.02484	3.682197	3.0	88.253123	1.494413	1.0	8.665059	22.447754999999997	3.0	73.952738	20.66777	2.0	40.838618	1.702074	2.0	0.011567000000000001	16.751379	1.0	75.80283	9.442707	5.0	52.740643000000006
3377.0	2.0	2.634907	58.427079000000006	2.5478240000000003	61.016467000000006	0.208218	0.178861	0.589304	0.735329	21.632399	5.0	2.415222	6.236821	1.0	0.021033	5.780979	6.0	14.499272	3.3370050000000004	5.0	82.513747	10.673337	3.0	84.943537	22.243389	6.0	58.43679100000001	2.185634	1.0	0.09302300000000001	2.378993	6.0	3.180684	6.5789789999999995	5.0	12.534065
3784.0	2.0	8.073139999999999	1.7987240000000002	7.366028	33.444782000000004	0.772202	0.849002	0.83339	0.9811200000000001	14.390844	3.0	27.708108000000003	11.024486999999999	3.0	0.16053499999999998	3.7357709999999997	5.0	55.132385	3.860813	4.0	76.307967	22.045521	2.0	12.517686	5.507189	3.0	9.058653	6.452902	6.0	0.010477	18.471408	1.0	19.840084	2.950834	3.0	88.371172
3878.0	2.0	63.283077	18.327	2.4205240000000003	52.945315	0.969609	0.729588	0.49484700000000004	0.432816	21.287031	6.0	38.311823	9.212415	5.0	0.018851	2.511942	6.0	37.739407	3.212991	4.0	71.98005699999999	22.654789	1.0	56.125987	21.711605	1.0	34.647946999999995	11.881092	4.0	0.010704	3.1214779999999998	1.0	78.369908	22.476454	5.0	6.276103
3933.0	2.0	76.246385	10.831986	84.10311899999999	4.652474	0.492328	0.723463	0.8643569999999999	0.9784219999999999	16.207255	6.0	94.767377	13.458530999999999	2.0	0.019628	0.44446899999999995	4.0	76.361193	5.69074	3.0	87.240251	9.523137	3.0	88.222612	3.00858	3.0	23.171494	23.843529999999998	5.0	0.10294400000000001	12.532374	2.0	25.967494	8.496554	2.0	35.236146000000005
4247.0	2.0	76.717099	9.158574	7.741939	79.774291	0.8338450000000001	0.698581	0.761462	0.300925	17.148354	1.0	58.279766	18.216669	2.0	0.013857	1.7346130000000002	2.0	15.515888	2.53857	5.0	81.40671800000001	15.927172	6.0	78.219059	10.671279	5.0	48.692531	18.27685	4.0	0.013475	0.6342180000000001	5.0	56.59397	6.901694	4.0	46.352726000000004
4345.0	2.0	46.570434000000006	4.257768	10.633818	7.768603999999999	0.555879	0.8387610000000001	0.164859	0.509591	21.746887	4.0	6.379944999999999	22.865632	3.0	0.23494299999999999	5.599277	5.0	26.02017	2.454197	4.0	28.039809	4.44139	5.0	61.008714000000005	8.607529	4.0	32.105238	9.958406	1.0	0.011585	16.066927	2.0	39.165815	11.295467	6.0	90.069158
4417.0	2.0	77.54375	9.253792	91.966874	9.603614	0.674817	0.714669	0.9196690000000001	0.861535	18.057204000000002	5.0	77.58365500000001	7.451014	5.0	0.081377	0.934668	6.0	46.105228000000004	1.767512	4.0	30.314064000000002	23.321694	3.0	42.406724	10.703854	3.0	14.599570000000002	9.531336	5.0	0.012865000000000001	14.138667000000002	1.0	28.625352000000003	13.309852	6.0	98.16763900000001
4716.0	2.0	44.406822999999996	9.47057	2.692364	41.445817	0.475955	0.87808	0.364263	0.55442	2.013903	3.0	22.313425	9.537384	4.0	0.024078	5.922644	3.0	20.714059	4.53589	3.0	76.776605	7.867646000000001	6.0	99.072245	1.322732	5.0	94.613277	5.135867	3.0	0.012967	5.641122	1.0	84.155135	11.83131	3.0	85.201391
5013.0	2.0	76.2087	16.962779	7.929892	16.060273000000002	0.301102	0.860108	0.699304	0.343328	23.425963	3.0	68.779165	3.683698	4.0	0.016325	2.119668	4.0	31.0189	5.016478	2.0	41.609696	21.514751	6.0	27.597594	21.42719	5.0	14.123465	1.0615	5.0	0.010634999999999999	19.066472	2.0	99.725978	16.641558	6.0	27.765846999999997
5636.0	2.0	97.920721	7.185678	2.068635	72.601403	0.18526900000000002	0.905617	0.7675890000000001	0.926214	3.42591	4.0	76.778727	3.241362	2.0	0.016278	5.005284	6.0	88.263035	3.3558879999999998	1.0	66.08108399999999	12.774042	2.0	23.205209	15.629779999999998	4.0	40.957846999999994	4.729115	6.0	0.067347	1.916377	2.0	85.919055	13.763145999999999	5.0	14.254686999999999
5707.0	2.0	98.612613	10.977354	33.878661	8.954046	0.995094	0.44280699999999995	0.83219	0.754151	20.733457	2.0	13.604232999999999	17.568607	3.0	0.104707	4.0897	1.0	3.221662	3.550851	1.0	92.846503	12.607572	3.0	99.223602	25.148548	2.0	11.640155	9.546417	6.0	0.059283	1.135783	2.0	44.985882000000004	6.9031139999999995	5.0	26.875273999999997
5899.0	2.0	81.621874	6.548508999999999	3.729803	93.093784	0.951371	0.9569709999999999	0.729608	0.270573	12.184231	1.0	85.67541700000001	23.831643	4.0	0.020772	4.059474	5.0	71.06759100000001	2.923554	5.0	81.49887199999999	17.9223	2.0	64.442888	9.424128999999999	6.0	43.404565999999996	4.015937999999999	6.0	0.08167999999999999	8.352532	2.0	86.369213	22.650212	5.0	52.27231
6008.0	2.0	55.266277	2.42271	4.146064	70.29034899999999	0.115277	0.42593400000000003	0.424338	0.149247	7.833267	5.0	77.647183	5.373976	4.0	0.012931999999999999	5.543572	6.0	4.821330000000001	1.9328330000000002	2.0	72.673172	20.328444	5.0	47.996588	4.355164	2.0	10.361891	16.594817000000003	3.0	0.018455000000000003	18.300910000000002	4.0	26.908172999999998	14.148928	4.0	83.761543
6271.0	2.0	82.19888	20.619703	7.529014	98.334746	0.589477	0.720058	0.8993270000000001	0.320627	8.663821	5.0	61.661462	6.603117	6.0	0.011662	4.4952760000000005	5.0	4.33838	0.699666	3.0	36.116229	20.002582999999998	5.0	44.668802	14.092001999999999	1.0	29.607698	18.24233	6.0	0.01166	6.828398	1.0	64.748714	21.285939000000003	3.0	22.312847
6431.0	2.0	55.60009	1.312501	9.714525	49.549417	0.697918	0.5335850000000001	0.929815	0.14153	10.777994	4.0	58.351565	23.167342	6.0	0.051557000000000006	5.413479	6.0	4.0727970000000004	3.4222059999999996	3.0	69.730921	9.932614	5.0	87.953038	22.587654	2.0	71.273596	6.942688	6.0	0.024919	8.6575	4.0	46.542248	21.328844	4.0	49.68136
6434.0	2.0	66.274661	10.036153	32.32445	9.364792999999999	0.6147520000000001	0.751273	0.703254	0.626622	12.138797	1.0	33.140213	20.156717999999998	2.0	0.011027	0.753052	4.0	27.385969	0.45252200000000004	6.0	8.91269	16.316999	5.0	80.435787	5.173245	6.0	78.822335	21.051029	1.0	0.014005000000000002	4.205058	1.0	98.72997	18.447955	3.0	34.609938
6519.0	2.0	23.417849	3.53095	7.136464	51.635852	0.916267	0.816075	0.722119	0.52098	6.812513	6.0	97.272355	11.005336	2.0	0.060454999999999995	3.198036	1.0	93.286527	0.44112700000000005	4.0	32.568543	1.493221	1.0	68.238105	1.726994	6.0	29.414969	17.125454	6.0	0.435784	8.638944	2.0	25.090871	4.211568	6.0	78.454299
6713.0	2.0	89.93298100000001	2.6328139999999998	28.334957	6.280622	0.768458	0.572697	0.53825	0.597405	18.585832	3.0	84.611027	3.3914370000000003	6.0	0.018021000000000002	0.642411	3.0	43.448462	1.450983	4.0	36.896027000000004	9.931030999999999	3.0	11.947576	0.371409	2.0	75.478513	17.743305	3.0	0.063277	11.619197	1.0	76.609121	19.625552	1.0	97.044723
6731.0	2.0	6.689454	77.961449	79.577646	4.985654	0.5989869999999999	0.953284	0.8610270000000001	0.696171	18.084026	1.0	82.961479	10.023569	6.0	0.010018	3.74177	1.0	78.465304	5.3837269999999995	2.0	45.035562	0.770065	3.0	24.861393	1.701257	3.0	92.494723	13.764342000000001	1.0	0.042584	13.346186999999999	6.0	55.655989	19.009584	2.0	96.602779
6866.0	2.0	37.888826	13.717937	85.076879	3.032813	0.163914	0.976923	0.589947	0.313407	9.715586	2.0	2.688388	3.529157	4.0	0.010465	5.1401639999999995	6.0	64.55303599999999	2.598364	4.0	93.234027	13.508213	5.0	82.39885500000001	3.854881	2.0	57.849959	18.838832	3.0	0.035851	8.044146000000001	3.0	47.226498	19.095951	1.0	62.956770999999996
7069.0	2.0	5.643021	98.77719599999999	5.458241	17.924317000000002	0.703808	0.541485	0.759415	0.11389300000000001	8.677197	1.0	20.695451000000002	12.349651	6.0	0.010448	4.456935	5.0	74.738805	0.378118	5.0	40.305688	7.707403	4.0	98.078568	14.045838	6.0	30.286744	18.200609	3.0	0.014869	8.267617999999999	6.0	81.749066	1.75911	5.0	11.664878999999999
7208.0	2.0	7.61025	2.085393	7.295757000000001	82.444975	0.926444	0.863107	0.755678	0.9542809999999999	22.111117	6.0	64.505319	6.382832	6.0	0.012457	4.515736	1.0	92.050721	3.619681	6.0	87.591349	12.1839	4.0	13.092378	3.3499440000000003	5.0	35.520471	23.740564000000003	4.0	0.016769	2.485984	6.0	72.184373	8.713099	4.0	20.809079
7228.0	2.0	34.547836	4.229648	3.5010730000000003	55.870633	0.173739	0.154889	0.195109	0.420096	2.740334	4.0	69.866325	18.662175	3.0	0.015733	3.3798739999999996	6.0	98.397262	1.046864	6.0	96.454133	19.713432	2.0	22.272752	23.799572	1.0	34.132571	23.376374	1.0	0.018544	18.551191	6.0	50.90681	9.704894	3.0	78.934371
7249.0	2.0	3.6127480000000003	28.453659000000002	10.474341	18.703437	0.580549	0.862664	0.575541	0.6672060000000001	9.973555000000001	5.0	4.083596	2.575457	2.0	0.08973500000000001	0.312154	6.0	56.787287	3.412836	5.0	11.206646000000001	18.985141	4.0	51.188204999999996	23.326213	2.0	92.466943	16.403681	3.0	0.010613	10.822341999999999	5.0	50.176138	23.413693	5.0	70.766424
7491.0	2.0	48.2993	10.365639	4.828335	60.645990000000005	0.172388	0.930999	0.470444	0.74737	11.789433	1.0	9.722806	9.432737	6.0	0.041397	0.275862	1.0	76.011938	2.020151	1.0	69.728495	9.239265	4.0	11.474499	21.75206	3.0	67.957652	8.863569	1.0	0.018475	13.629429	1.0	43.960544	7.650706	4.0	87.417823
7757.0	2.0	57.314225	12.532721	42.881109	7.736427000000001	0.124484	0.9977719999999999	0.319615	0.564869	6.6007690000000006	3.0	48.787713000000004	21.321568	2.0	0.014318	4.796839	3.0	24.790188	2.9429119999999998	5.0	14.694633999999999	21.215709	1.0	48.492059000000005	18.077358	4.0	34.005889	2.09022	6.0	0.0263	8.579236	1.0	38.277321	4.9245849999999995	3.0	56.050338
8014.0	2.0	66.20428100000001	6.4206199999999995	5.373675	14.011216000000001	0.36991999999999997	0.971354	0.195689	0.729943	9.099608	6.0	13.08163	0.984353	2.0	0.02394	0.810567	5.0	91.16409300000001	0.32678	4.0	2.371849	7.981066	1.0	19.542543	10.899984	6.0	11.108436	15.327423999999999	1.0	0.011129	7.49768	3.0	11.702466000000001	14.593929999999999	3.0	80.51812
8052.0	2.0	1.138908	34.699546999999995	5.37056	37.543607	0.598489	0.8943049999999999	0.612013	0.958509	15.150699	1.0	33.643426	12.849642	4.0	0.397285	1.423122	2.0	17.987897	3.593231	3.0	78.75359	10.333664	4.0	94.360385	6.895913	4.0	84.968455	6.607852	4.0	0.031339	9.331449000000001	1.0	13.206563000000001	21.314503	1.0	2.7477840000000002
8270.0	2.0	9.192241000000001	11.479349000000001	6.648328	40.602722	0.390092	0.34884899999999996	0.754135	0.6355970000000001	0.804133	5.0	13.789766	11.040689	5.0	0.010439	4.87692	3.0	82.89240600000001	3.878207	1.0	44.171145	15.082514999999999	6.0	94.523746	25.312271	5.0	27.840870000000002	15.203756	1.0	0.013455000000000002	2.336799	6.0	62.685871999999996	24.849859	5.0	56.986559
8321.0	2.0	57.124165000000005	5.282513	8.103521	54.507701000000004	0.929588	0.6617310000000001	0.788987	0.537555	14.626189000000002	4.0	62.113693000000005	8.549994	3.0	0.014385	1.8150220000000001	2.0	19.946454	4.864889	4.0	25.833191	3.5811900000000003	4.0	25.792676999999998	23.477395	4.0	78.621161	19.634541	6.0	0.053219	2.528509	5.0	8.862295	4.952852	1.0	19.182284
8322.0	2.0	79.585994	31.321592	1.56151	37.725054	0.350561	0.744582	0.295804	0.22405999999999998	9.604833	4.0	14.587106	1.528059	6.0	0.016721	4.71143	6.0	53.547808999999994	2.840622	1.0	40.99045	22.965585	2.0	94.908505	1.20193	4.0	55.106998	3.20286	1.0	0.012098000000000001	13.538947	6.0	26.684851000000002	11.092366	3.0	30.756953999999997
8808.0	2.0	29.776898	4.553666000000001	12.168044	83.494649	0.666801	0.9643510000000001	0.9719200000000001	0.736988	10.42987	6.0	22.283675	20.239745000000003	5.0	0.074689	0.9242319999999999	2.0	75.400765	6.070969	5.0	82.75263199999999	5.668761	2.0	92.135006	12.313671000000001	1.0	64.722062	3.168176	2.0	0.018396	17.377422	2.0	70.356501	6.395135	1.0	89.81210899999999
9266.0	2.0	38.238815	6.9400960000000005	31.207383	9.90972	0.326756	0.6344989999999999	0.991392	0.499899	20.603393	1.0	33.928886	19.901419	4.0	0.013811000000000002	1.612027	4.0	77.95515999999999	3.6890680000000002	3.0	66.43729499999999	22.181513	4.0	99.795439	20.798913	1.0	69.995733	16.241895	3.0	0.017398	13.611085000000001	6.0	46.842924	25.34331	4.0	87.75681800000001
9615.0	2.0	73.887644	7.685633999999999	39.974262	5.31491	0.2616	0.36020399999999997	0.5221939999999999	0.688994	17.656704	2.0	9.188248	5.98911	5.0	0.040762	3.2107650000000003	6.0	85.494926	1.92451	3.0	62.443538000000004	17.122884	5.0	39.461458	4.999876	4.0	24.507614999999998	20.573951	4.0	0.011811	19.142421	1.0	52.344316	16.691357	3.0	2.059142
9718.0	2.0	35.834024	5.123667	71.776188	17.540198	0.540886	0.818678	0.628896	0.561806	7.622014	4.0	11.002002000000001	12.608228	2.0	0.010011	3.149367	3.0	47.623908	2.578032	6.0	17.273410000000002	14.904110000000001	2.0	12.784057	13.079664	1.0	51.430023	5.393332	4.0	0.018741999999999998	9.459746	2.0	99.291487	24.638139000000002	4.0	31.124139000000003
9786.0	2.0	36.503294	4.954279	44.209091	1.6014760000000001	0.914274	0.338713	0.59897	0.7492340000000001	6.678425	6.0	3.012713	18.213059	6.0	0.096875	3.598536	3.0	80.16784	3.935888	5.0	93.122377	17.969672	1.0	98.940865	8.76622	6.0	82.048516	3.182964	5.0	0.011254	10.826636	6.0	47.930459	1.57651	3.0	64.771855
9928.0	2.0	2.157248	19.970751999999997	2.797159	77.223606	0.28952100000000003	0.643108	0.26977399999999996	0.102702	15.554960000000001	2.0	68.174978	13.760147	2.0	0.011867	2.780451	4.0	40.702409	5.760989	3.0	29.306441999999997	7.512364999999999	5.0	4.266972	25.029897000000002	6.0	34.220078	16.702935999999998	3.0	0.010853	10.738146	5.0	38.432375	4.044962	5.0	9.333258
225.0	2.0	5.297875	64.353672	3.46377	22.924869	0.687077	0.43779300000000004	0.450979	0.34632199999999996	3.01438	3.0	6.4645220000000005	19.295920000000002	3.0	0.023681	5.826182	5.0	30.015874	3.556806	3.0	22.805777	8.210585	3.0	19.108259	25.188516	5.0	85.659035	6.658742	5.0	0.026782999999999998	4.256161	2.0	16.167764000000002	18.868579999999998	5.0	56.390266000000004
302.0	2.0	1.600071	89.719301	2.066935	76.88927	0.204069	0.752763	0.204242	0.198787	1.607805	3.0	23.589113	4.884939	6.0	0.13622599999999999	6.140276999999999	4.0	92.861772	5.962136	3.0	8.631944	17.084395999999998	2.0	29.656755	11.740798	3.0	78.98476099999999	9.414955	4.0	0.019533000000000002	14.851857	5.0	35.872129	17.772102	6.0	9.571769
532.0	2.0	56.946954000000005	13.443473000000001	4.532558	98.62604	0.8658879999999999	0.42618999999999996	0.45374899999999996	0.523471	20.70815	5.0	30.599785999999998	6.8882270000000005	1.0	0.093696	4.128218	3.0	24.716441	2.764365	6.0	71.55375699999999	21.527072	1.0	23.90304	20.705463	2.0	9.323267999999999	18.76118	5.0	0.097721	10.429459	6.0	26.910594	4.769356	5.0	52.464288
636.0	2.0	70.628039	11.833784	70.472041	2.615811	0.220282	0.79628	0.49823100000000003	0.734863	5.131988	2.0	24.260723000000002	22.158616000000002	5.0	0.01551	2.309807	3.0	66.262276	1.7139	3.0	66.378095	13.595745	2.0	41.802966999999995	17.600085	3.0	61.140553000000004	14.640676000000001	5.0	0.065153	10.873582	5.0	57.554584999999996	17.669515	1.0	88.638835
637.0	2.0	79.634419	15.720975	10.724581	33.337058	0.323281	0.7565930000000001	0.619222	0.617166	14.233931	1.0	32.077278	7.271945	5.0	0.016993	1.9052490000000002	6.0	59.151487	0.6990970000000001	4.0	68.919198	11.597264	2.0	28.011034000000002	4.379836	1.0	68.862822	21.045285999999997	1.0	0.012107999999999999	16.615884	4.0	43.422922	3.4240730000000004	1.0	75.619238
824.0	2.0	91.95469	9.033814	69.715496	12.031359	0.545085	0.756921	0.611768	0.696152	16.520289000000002	6.0	11.090593	9.936411999999999	3.0	0.017195	2.2956220000000003	4.0	64.03878	2.0128220000000003	5.0	60.44002	8.301328	6.0	63.851739	2.287999	6.0	51.223397999999996	21.465164	4.0	0.031941000000000004	9.5562	4.0	92.056127	23.402067000000002	5.0	47.829076
878.0	2.0	96.76500300000001	7.220791	8.516457	43.11331	0.690434	0.888698	0.897985	0.131973	20.727942000000002	5.0	88.17367800000001	19.414481	2.0	0.026804	4.009364	5.0	86.953062	0.487357	4.0	41.694831	0.772712	5.0	61.594529	1.304859	4.0	83.505443	16.385333	3.0	0.071845	14.64376	5.0	29.797781	22.040307000000002	5.0	29.276202
913.0	2.0	34.467363	11.767398	21.973522	8.086081	0.406224	0.859893	0.7153079999999999	0.8745719999999999	0.27333	3.0	91.25054899999999	3.233018	6.0	0.029552	5.185823	2.0	92.06318900000001	4.464322	2.0	4.659788	20.610589	5.0	41.66251	2.4942290000000003	6.0	9.28956	19.783459	1.0	0.198115	6.25561	1.0	89.652434	15.136035000000001	5.0	96.830809
918.0	2.0	86.29916800000001	6.748553	1.178384	62.216347999999996	0.691322	0.8500030000000001	0.470988	0.197277	2.725361	3.0	1.6106719999999999	25.388251	2.0	0.012567	1.170742	3.0	62.595552000000005	0.43688999999999995	6.0	57.926306000000004	12.692813000000001	1.0	42.320144	17.692157	1.0	93.626154	6.214676	4.0	0.019098	0.641988	3.0	87.077187	24.957838	5.0	44.239827000000005
1511.0	2.0	93.818051	2.56041	56.047978	15.63016	0.407358	0.452615	0.680653	0.504375	19.539472	4.0	23.233506	24.3619	5.0	0.013378999999999999	3.454361	6.0	62.807766	4.8811800000000005	6.0	39.512073	22.411189	3.0	8.796297000000001	24.466876	5.0	40.098940999999996	3.053568	5.0	0.044406	16.938208	1.0	18.613582	22.476502	5.0	18.000235999999997
1841.0	2.0	32.661046	19.958276	1.1213870000000001	13.189125	0.6838	0.678437	0.574869	0.340994	2.629825	4.0	16.979675	9.934339999999999	6.0	0.046839	0.938433	5.0	56.994794999999996	1.862989	1.0	45.573473	18.894099	5.0	71.650796	18.078462	6.0	26.259959000000002	10.341398	4.0	0.045066	6.152349	6.0	5.39475	7.870738	3.0	49.241671000000004
1888.0	2.0	4.608921	15.410803	6.939448	26.511546999999997	0.567473	0.6111479999999999	0.747718	0.274438	14.190737	3.0	85.83453	16.189918	1.0	0.049972	2.0257	5.0	43.762473	2.947695	5.0	55.596627000000005	21.48699	4.0	12.544061	23.546770000000002	6.0	86.327673	7.074872	5.0	0.011216	13.11789	3.0	4.330615	11.058307000000001	5.0	69.847803
2352.0	2.0	3.793394	20.581744	6.6534320000000005	79.856829	0.8439840000000001	0.645948	0.773478	0.565483	15.746129999999999	4.0	83.863551	24.923636	1.0	0.021473	4.001163	2.0	33.101378000000004	2.029275	2.0	27.934307	4.011094	3.0	30.655448	15.346568	3.0	62.385670999999995	1.2041030000000001	1.0	0.65362	8.988395	2.0	89.8457	7.058687	3.0	75.182695
2549.0	2.0	66.426291	1.624369	22.743561	4.967816	0.14987799999999998	0.8281870000000001	0.413229	0.737488	2.1985959999999998	1.0	56.731097999999996	2.367594	5.0	0.073198	2.3721650000000003	5.0	29.472236	1.265369	4.0	95.716525	21.203436	2.0	35.90724	11.746315	5.0	43.471084000000005	21.457414	2.0	0.20060799999999998	8.948998	4.0	31.892233	12.070817	1.0	32.525017
2771.0	2.0	66.785668	5.83769	28.106044	24.692604	0.37648400000000004	0.65435	0.683808	0.934157	15.121522	4.0	9.784061999999999	21.770920999999998	3.0	0.021004	5.3237760000000005	4.0	51.667303000000004	4.524344999999999	6.0	77.465645	17.374939	3.0	98.03961600000001	18.969863	6.0	59.867521999999994	21.280119	4.0	0.050345	11.832283	2.0	86.010535	3.86784	1.0	84.799607
2848.0	2.0	42.467756	17.790696	58.482436	20.766504	0.103601	0.8363950000000001	0.515412	0.776561	0.7193689999999999	2.0	29.727538	13.342101999999999	2.0	0.021621	3.036423	3.0	64.431797	1.202018	4.0	32.597004	22.939255	2.0	92.530057	0.9077540000000001	4.0	26.529342	19.136981	5.0	0.109954	18.321041	1.0	30.229643	16.711167	2.0	90.35048499999999
2976.0	2.0	12.564346	5.181868	97.657742	1.6081159999999999	0.40271	0.32611	0.6299710000000001	0.569612	22.605929	6.0	3.6058260000000004	8.210375	2.0	0.02484	3.682197	3.0	88.253123	1.494413	1.0	8.665059	22.447754999999997	3.0	73.952738	20.66777	2.0	40.838618	1.702074	2.0	0.011567000000000001	16.751379	1.0	75.80283	9.442707	5.0	52.740643000000006
3377.0	2.0	2.634907	58.427079000000006	2.5478240000000003	61.016467000000006	0.208218	0.178861	0.589304	0.735329	21.632399	5.0	2.415222	6.236821	1.0	0.021033	5.780979	6.0	14.499272	3.3370050000000004	5.0	82.513747	10.673337	3.0	84.943537	22.243389	6.0	58.43679100000001	2.185634	1.0	0.09302300000000001	2.378993	6.0	3.180684	6.5789789999999995	5.0	12.534065
3784.0	2.0	8.073139999999999	1.7987240000000002	7.366028	33.444782000000004	0.772202	0.849002	0.83339	0.9811200000000001	14.390844	3.0	27.708108000000003	11.024486999999999	3.0	0.16053499999999998	3.7357709999999997	5.0	55.132385	3.860813	4.0	76.307967	22.045521	2.0	12.517686	5.507189	3.0	9.058653	6.452902	6.0	0.010477	18.471408	1.0	19.840084	2.950834	3.0	88.371172
3878.0	2.0	63.283077	18.327	2.4205240000000003	52.945315	0.969609	0.729588	0.49484700000000004	0.432816	21.287031	6.0	38.311823	9.212415	5.0	0.018851	2.511942	6.0	37.739407	3.212991	4.0	71.98005699999999	22.654789	1.0	56.125987	21.711605	1.0	34.647946999999995	11.881092	4.0	0.010704	3.1214779999999998	1.0	78.369908	22.476454	5.0	6.276103
3933.0	2.0	76.246385	10.831986	84.10311899999999	4.652474	0.492328	0.723463	0.8643569999999999	0.9784219999999999	16.207255	6.0	94.767377	13.458530999999999	2.0	0.019628	0.44446899999999995	4.0	76.361193	5.69074	3.0	87.240251	9.523137	3.0	88.222612	3.00858	3.0	23.171494	23.843529999999998	5.0	0.10294400000000001	12.532374	2.0	25.967494	8.496554	2.0	35.236146000000005
4247.0	2.0	76.717099	9.158574	7.741939	79.774291	0.8338450000000001	0.698581	0.761462	0.300925	17.148354	1.0	58.279766	18.216669	2.0	0.013857	1.7346130000000002	2.0	15.515888	2.53857	5.0	81.40671800000001	15.927172	6.0	78.219059	10.671279	5.0	48.692531	18.27685	4.0	0.013475	0.6342180000000001	5.0	56.59397	6.901694	4.0	46.352726000000004
4345.0	2.0	46.570434000000006	4.257768	10.633818	7.768603999999999	0.555879	0.8387610000000001	0.164859	0.509591	21.746887	4.0	6.379944999999999	22.865632	3.0	0.23494299999999999	5.599277	5.0	26.02017	2.454197	4.0	28.039809	4.44139	5.0	61.008714000000005	8.607529	4.0	32.105238	9.958406	1.0	0.011585	16.066927	2.0	39.165815	11.295467	6.0	90.069158
4417.0	2.0	77.54375	9.253792	91.966874	9.603614	0.674817	0.714669	0.9196690000000001	0.861535	18.057204000000002	5.0	77.58365500000001	7.451014	5.0	0.081377	0.934668	6.0	46.105228000000004	1.767512	4.0	30.314064000000002	23.321694	3.0	42.406724	10.703854	3.0	14.599570000000002	9.531336	5.0	0.012865000000000001	14.138667000000002	1.0	28.625352000000003	13.309852	6.0	98.16763900000001
4716.0	2.0	44.406822999999996	9.47057	2.692364	41.445817	0.475955	0.87808	0.364263	0.55442	2.013903	3.0	22.313425	9.537384	4.0	0.024078	5.922644	3.0	20.714059	4.53589	3.0	76.776605	7.867646000000001	6.0	99.072245	1.322732	5.0	94.613277	5.135867	3.0	0.012967	5.641122	1.0	84.155135	11.83131	3.0	85.201391
5013.0	2.0	76.2087	16.962779	7.929892	16.060273000000002	0.301102	0.860108	0.699304	0.343328	23.425963	3.0	68.779165	3.683698	4.0	0.016325	2.119668	4.0	31.0189	5.016478	2.0	41.609696	21.514751	6.0	27.597594	21.42719	5.0	14.123465	1.0615	5.0	0.010634999999999999	19.066472	2.0	99.725978	16.641558	6.0	27.765846999999997
5636.0	2.0	97.920721	7.185678	2.068635	72.601403	0.18526900000000002	0.905617	0.7675890000000001	0.926214	3.42591	4.0	76.778727	3.241362	2.0	0.016278	5.005284	6.0	88.263035	3.3558879999999998	1.0	66.08108399999999	12.774042	2.0	23.205209	15.629779999999998	4.0	40.957846999999994	4.729115	6.0	0.067347	1.916377	2.0	85.919055	13.763145999999999	5.0	14.254686999999999
5707.0	2.0	98.612613	10.977354	33.878661	8.954046	0.995094	0.44280699999999995	0.83219	0.754151	20.733457	2.0	13.604232999999999	17.568607	3.0	0.104707	4.0897	1.0	3.221662	3.550851	1.0	92.846503	12.607572	3.0	99.223602	25.148548	2.0	11.640155	9.546417	6.0	0.059283	1.135783	2.0	44.985882000000004	6.9031139999999995	5.0	26.875273999999997
5899.0	2.0	81.621874	6.548508999999999	3.729803	93.093784	0.951371	0.9569709999999999	0.729608	0.270573	12.184231	1.0	85.67541700000001	23.831643	4.0	0.020772	4.059474	5.0	71.06759100000001	2.923554	5.0	81.49887199999999	17.9223	2.0	64.442888	9.424128999999999	6.0	43.404565999999996	4.015937999999999	6.0	0.08167999999999999	8.352532	2.0	86.369213	22.650212	5.0	52.27231
6008.0	2.0	55.266277	2.42271	4.146064	70.29034899999999	0.115277	0.42593400000000003	0.424338	0.149247	7.833267	5.0	77.647183	5.373976	4.0	0.012931999999999999	5.543572	6.0	4.821330000000001	1.9328330000000002	2.0	72.673172	20.328444	5.0	47.996588	4.355164	2.0	10.361891	16.594817000000003	3.0	0.018455000000000003	18.300910000000002	4.0	26.908172999999998	14.148928	4.0	83.761543
6271.0	2.0	82.19888	20.619703	7.529014	98.334746	0.589477	0.720058	0.8993270000000001	0.320627	8.663821	5.0	61.661462	6.603117	6.0	0.011662	4.4952760000000005	5.0	4.33838	0.699666	3.0	36.116229	20.002582999999998	5.0	44.668802	14.092001999999999	1.0	29.607698	18.24233	6.0	0.01166	6.828398	1.0	64.748714	21.285939000000003	3.0	22.312847
6431.0	2.0	55.60009	1.312501	9.714525	49.549417	0.697918	0.5335850000000001	0.929815	0.14153	10.777994	4.0	58.351565	23.167342	6.0	0.051557000000000006	5.413479	6.0	4.0727970000000004	3.4222059999999996	3.0	69.730921	9.932614	5.0	87.953038	22.587654	2.0	71.273596	6.942688	6.0	0.024919	8.6575	4.0	46.542248	21.328844	4.0	49.68136
6434.0	2.0	66.274661	10.036153	32.32445	9.364792999999999	0.6147520000000001	0.751273	0.703254	0.626622	12.138797	1.0	33.140213	20.156717999999998	2.0	0.011027	0.753052	4.0	27.385969	0.45252200000000004	6.0	8.91269	16.316999	5.0	80.435787	5.173245	6.0	78.822335	21.051029	1.0	0.014005000000000002	4.205058	1.0	98.72997	18.447955	3.0	34.609938
6519.0	2.0	23.417849	3.53095	7.136464	51.635852	0.916267	0.816075	0.722119	0.52098	6.812513	6.0	97.272355	11.005336	2.0	0.060454999999999995	3.198036	1.0	93.286527	0.44112700000000005	4.0	32.568543	1.493221	1.0	68.238105	1.726994	6.0	29.414969	17.125454	6.0	0.435784	8.638944	2.0	25.090871	4.211568	6.0	78.454299
6713.0	2.0	89.93298100000001	2.6328139999999998	28.334957	6.280622	0.768458	0.572697	0.53825	0.597405	18.585832	3.0	84.611027	3.3914370000000003	6.0	0.018021000000000002	0.642411	3.0	43.448462	1.450983	4.0	36.896027000000004	9.931030999999999	3.0	11.947576	0.371409	2.0	75.478513	17.743305	3.0	0.063277	11.619197	1.0	76.609121	19.625552	1.0	97.044723
6731.0	2.0	6.689454	77.961449	79.577646	4.985654	0.5989869999999999	0.953284	0.8610270000000001	0.696171	18.084026	1.0	82.961479	10.023569	6.0	0.010018	3.74177	1.0	78.465304	5.3837269999999995	2.0	45.035562	0.770065	3.0	24.861393	1.701257	3.0	92.494723	13.764342000000001	1.0	0.042584	13.346186999999999	6.0	55.655989	19.009584	2.0	96.602779
6866.0	2.0	37.888826	13.717937	85.076879	3.032813	0.163914	0.976923	0.589947	0.313407	9.715586	2.0	2.688388	3.529157	4.0	0.010465	5.1401639999999995	6.0	64.55303599999999	2.598364	4.0	93.234027	13.508213	5.0	82.39885500000001	3.854881	2.0	57.849959	18.838832	3.0	0.035851	8.044146000000001	3.0	47.226498	19.095951	1.0	62.956770999999996
7069.0	2.0	5.643021	98.77719599999999	5.458241	17.924317000000002	0.703808	0.541485	0.759415	0.11389300000000001	8.677197	1.0	20.695451000000002	12.349651	6.0	0.010448	4.456935	5.0	74.738805	0.378118	5.0	40.305688	7.707403	4.0	98.078568	14.045838	6.0	30.286744	18.200609	3.0	0.014869	8.267617999999999	6.0	81.749066	1.75911	5.0	11.664878999999999
7208.0	2.0	7.61025	2.085393	7.295757000000001	82.444975	0.926444	0.863107	0.755678	0.9542809999999999	22.111117	6.0	64.505319	6.382832	6.0	0.012457	4.515736	1.0	92.050721	3.619681	6.0	87.591349	12.1839	4.0	13.092378	3.3499440000000003	5.0	35.520471	23.740564000000003	4.0	0.016769	2.485984	6.0	72.184373	8.713099	4.0	20.809079
7228.0	2.0	34.547836	4.229648	3.5010730000000003	55.870633	0.173739	0.154889	0.195109	0.420096	2.740334	4.0	69.866325	18.662175	3.0	0.015733	3.3798739999999996	6.0	98.397262	1.046864	6.0	96.454133	19.713432	2.0	22.272752	23.799572	1.0	34.132571	23.376374	1.0	0.018544	18.551191	6.0	50.90681	9.704894	3.0	78.934371
7249.0	2.0	3.6127480000000003	28.453659000000002	10.474341	18.703437	0.580549	0.862664	0.575541	0.6672060000000001	9.973555000000001	5.0	4.083596	2.575457	2.0	0.08973500000000001	0.312154	6.0	56.787287	3.412836	5.0	11.206646000000001	18.985141	4.0	51.188204999999996	23.326213	2.0	92.466943	16.403681	3.0	0.010613	10.822341999999999	5.0	50.176138	23.413693	5.0	70.766424
7491.0	2.0	48.2993	10.365639	4.828335	60.645990000000005	0.172388	0.930999	0.470444	0.74737	11.789433	1.0	9.722806	9.432737	6.0	0.041397	0.275862	1.0	76.011938	2.020151	1.0	69.728495	9.239265	4.0	11.474499	21.75206	3.0	67.957652	8.863569	1.0	0.018475	13.629429	1.0	43.960544	7.650706	4.0	87.417823
7757.0	2.0	57.314225	12.532721	42.881109	7.736427000000001	0.124484	0.9977719999999999	0.319615	0.564869	6.6007690000000006	3.0	48.787713000000004	21.321568	2.0	0.014318	4.796839	3.0	24.790188	2.9429119999999998	5.0	14.694633999999999	21.215709	1.0	48.492059000000005	18.077358	4.0	34.005889	2.09022	6.0	0.0263	8.579236	1.0	38.277321	4.9245849999999995	3.0	56.050338
8014.0	2.0	66.20428100000001	6.4206199999999995	5.373675	14.011216000000001	0.36991999999999997	0.971354	0.195689	0.729943	9.099608	6.0	13.08163	0.984353	2.0	0.02394	0.810567	5.0	91.16409300000001	0.32678	4.0	2.371849	7.981066	1.0	19.542543	10.899984	6.0	11.108436	15.327423999999999	1.0	0.011129	7.49768	3.0	11.702466000000001	14.593929999999999	3.0	80.51812
8052.0	2.0	1.138908	34.699546999999995	5.37056	37.543607	0.598489	0.8943049999999999	0.612013	0.958509	15.150699	1.0	33.643426	12.849642	4.0	0.397285	1.423122	2.0	17.987897	3.593231	3.0	78.75359	10.333664	4.0	94.360385	6.895913	4.0	84.968455	6.607852	4.0	0.031339	9.331449000000001	1.0	13.206563000000001	21.314503	1.0	2.7477840000000002
8270.0	2.0	9.192241000000001	11.479349000000001	6.648328	40.602722	0.390092	0.34884899999999996	0.754135	0.6355970000000001	0.804133	5.0	13.789766	11.040689	5.0	0.010439	4.87692	3.0	82.89240600000001	3.878207	1.0	44.171145	15.082514999999999	6.0	94.523746	25.312271	5.0	27.840870000000002	15.203756	1.0	0.013455000000000002	2.336799	6.0	62.685871999999996	24.849859	5.0	56.986559
8321.0	2.0	57.124165000000005	5.282513	8.103521	54.507701000000004	0.929588	0.6617310000000001	0.788987	0.537555	14.626189000000002	4.0	62.113693000000005	8.549994	3.0	0.014385	1.8150220000000001	2.0	19.946454	4.864889	4.0	25.833191	3.5811900000000003	4.0	25.792676999999998	23.477395	4.0	78.621161	19.634541	6.0	0.053219	2.528509	5.0	8.862295	4.952852	1.0	19.182284
8322.0	2.0	79.585994	31.321592	1.56151	37.725054	0.350561	0.744582	0.295804	0.22405999999999998	9.604833	4.0	14.587106	1.528059	6.0	0.016721	4.71143	6.0	53.547808999999994	2.840622	1.0	40.99045	22.965585	2.0	94.908505	1.20193	4.0	55.106998	3.20286	1.0	0.012098000000000001	13.538947	6.0	26.684851000000002	11.092366	3.0	30.756953999999997
8808.0	2.0	29.776898	4.553666000000001	12.168044	83.494649	0.666801	0.9643510000000001	0.9719200000000001	0.736988	10.42987	6.0	22.283675	20.239745000000003	5.0	0.074689	0.9242319999999999	2.0	75.400765	6.070969	5.0	82.75263199999999	5.668761	2.0	92.135006	12.313671000000001	1.0	64.722062	3.168176	2.0	0.018396	17.377422	2.0	70.356501	6.395135	1.0	89.81210899999999
9266.0	2.0	38.238815	6.9400960000000005	31.207383	9.90972	0.326756	0.6344989999999999	0.991392	0.499899	20.603393	1.0	33.928886	19.901419	4.0	0.013811000000000002	1.612027	4.0	77.95515999999999	3.6890680000000002	3.0	66.43729499999999	22.181513	4.0	99.795439	20.798913	1.0	69.995733	16.241895	3.0	0.017398	13.611085000000001	6.0	46.842924	25.34331	4.0	87.75681800000001
9615.0	2.0	73.887644	7.685633999999999	39.974262	5.31491	0.2616	0.36020399999999997	0.5221939999999999	0.688994	17.656704	2.0	9.188248	5.98911	5.0	0.040762	3.2107650000000003	6.0	85.494926	1.92451	3.0	62.443538000000004	17.122884	5.0	39.461458	4.999876	4.0	24.507614999999998	20.573951	4.0	0.011811	19.142421	1.0	52.344316	16.691357	3.0	2.059142
9718.0	2.0	35.834024	5.123667	71.776188	17.540198	0.540886	0.818678	0.628896	0.561806	7.622014	4.0	11.002002000000001	12.608228	2.0	0.010011	3.149367	3.0	47.623908	2.578032	6.0	17.273410000000002	14.904110000000001	2.0	12.784057	13.079664	1.0	51.430023	5.393332	4.0	0.018741999999999998	9.459746	2.0	99.291487	24.638139000000002	4.0	31.124139000000003
9786.0	2.0	36.503294	4.954279	44.209091	1.6014760000000001	0.914274	0.338713	0.59897	0.7492340000000001	6.678425	6.0	3.012713	18.213059	6.0	0.096875	3.598536	3.0	80.16784	3.935888	5.0	93.122377	17.969672	1.0	98.940865	8.76622	6.0	82.048516	3.182964	5.0	0.011254	10.826636	6.0	47.930459	1.57651	3.0	64.771855
9928.0	2.0	2.157248	19.970751999999997	2.797159	77.223606	0.28952100000000003	0.643108	0.26977399999999996	0.102702	15.554960000000001	2.0	68.174978	13.760147	2.0	0.011867	2.780451	4.0	40.702409	5.760989	3.0	29.306441999999997	7.512364999999999	5.0	4.266972	25.029897000000002	6.0	34.220078	16.702935999999998	3.0	0.010853	10.738146	5.0	38.432375	4.044962	5.0	9.333258
