167.0	3.0	1.3659729999999999	31.195885999999998	39.505259	32.077672	0.47858	0.6407970000000001	0.372176	0.46625	21.935215	2.0	96.02354	5.871428	3.0	0.018944	3.2333540000000003	6.0	51.981214	3.5013650000000003	5.0	95.025997	7.822941	2.0	11.296085	0.529722	4.0	61.123326	13.81024	6.0	7.028401	22.623363	5.0	23.702120999999998	5.913522	6.0	45.360688
207.0	3.0	79.31388000000001	8.787532	69.140346	18.340395	0.703025	0.797696	0.543848	0.397016	10.659975	6.0	74.789599	6.8495729999999995	5.0	0.016375999999999998	3.00018	4.0	80.84749599999999	2.991745	5.0	47.246609	15.406011	1.0	82.84869	0.697574	1.0	91.645422	7.397410000000001	3.0	13.796888000000001	8.858635000000001	2.0	39.147149	20.994378	3.0	46.979721999999995
294.0	3.0	37.658116	3.51926	50.035773	81.347072	0.8240620000000001	0.590696	0.236916	0.446999	12.976284	3.0	40.682737	6.4501800000000005	3.0	0.022022999999999997	4.995623999999999	5.0	12.064033	5.089911	3.0	98.69162800000001	11.107717	2.0	90.285318	5.79592	3.0	51.515125	19.751467	3.0	15.446624	20.193707999999997	1.0	96.214462	25.081889	4.0	34.100351
369.0	3.0	92.220876	19.355748000000002	78.035768	36.891156	0.789716	0.668603	0.234708	0.158869	9.572022	6.0	15.053122	12.896908	3.0	0.028852	0.133682	2.0	1.259586	4.3908629999999995	5.0	37.832066	21.124105	4.0	96.92584000000001	10.089175	1.0	10.069622	11.386049	3.0	51.511162	2.102102	5.0	54.705411	23.191471	3.0	93.8148
765.0	3.0	1.365966	74.50354200000001	28.759578	37.879326	0.189744	0.12388800000000001	0.400487	0.938276	20.385970999999998	2.0	19.693548999999997	16.985477	4.0	0.502491	4.343654	3.0	85.208263	4.396615	5.0	69.65326800000001	20.019536	2.0	35.837446	13.447724	4.0	4.646246	2.063966	4.0	42.791058	12.190384	1.0	85.296373	9.221183	3.0	29.327666999999998
770.0	3.0	4.186642	46.561213	66.482855	75.71860500000001	0.310577	0.724102	0.257189	0.5747260000000001	17.696662	1.0	73.82004599999999	10.413847	4.0	0.022831999999999998	5.809207	2.0	28.233684999999998	2.3913439999999997	3.0	93.552222	12.61918	2.0	13.661686999999999	10.450961999999999	4.0	10.685627	10.69454	4.0	46.107948	20.835665	5.0	96.666428	15.675948000000002	4.0	77.068465
900.0	3.0	2.769069	3.0064740000000003	48.029157	94.212745	0.906329	0.380168	0.5999909999999999	0.636786	10.166779	5.0	23.882927	17.000619	3.0	0.017232	4.74545	5.0	58.666666000000006	2.59917	4.0	26.606075	13.83405	2.0	28.568332	15.058504000000001	5.0	2.6171159999999998	4.927618	6.0	75.151516	18.862029	5.0	74.730728	19.203863000000002	3.0	89.739939
906.0	3.0	74.36608299999999	26.380316999999998	70.58121	54.344538	0.489654	0.8591770000000001	0.664175	0.756486	9.457248	2.0	63.082440000000005	21.182952	1.0	0.015550999999999999	4.810612	5.0	80.891772	1.4500030000000002	3.0	55.72681899999999	23.781471	4.0	36.446428999999995	20.274714000000003	6.0	4.826402	2.222025	5.0	36.416233	13.562198	5.0	86.778243	18.277295000000002	3.0	93.107188
936.0	3.0	9.472763	32.628254999999996	78.417873	35.111451	0.958066	0.565012	0.34717800000000004	0.997885	20.274814000000003	4.0	32.557534999999994	1.549379	1.0	0.149321	5.789633	2.0	63.364782999999996	6.048568	4.0	27.523264	12.609019	6.0	71.411056	7.246485000000001	1.0	18.434324	15.771301000000001	3.0	28.765695	2.480138	4.0	23.425218	5.811623	5.0	47.118254
981.0	3.0	58.90450500000001	9.251886	54.59445699999999	14.657478	0.338343	0.8551219999999999	0.109604	0.375726	8.621922	4.0	17.097509	18.914911	2.0	0.09019400000000001	1.6099510000000001	2.0	77.847719	2.042896	5.0	74.137117	18.817531	2.0	39.530215000000005	2.811009	1.0	93.120594	16.304709	6.0	28.487516999999997	3.456782	3.0	62.365497999999995	11.369059	1.0	51.025393
1211.0	3.0	22.899546	25.912959	58.34163100000001	34.467248	0.11018299999999999	0.8451	0.232461	0.67469	12.445064	6.0	16.486523000000002	24.138338	3.0	0.018039	1.0716350000000001	6.0	1.645809	5.068271	4.0	21.57281	22.915121	2.0	95.63032	16.372147000000002	5.0	6.9096839999999995	20.506749	6.0	26.864726	5.2727319999999995	2.0	96.338996	21.584718	2.0	43.308489
1527.0	3.0	34.087508	3.4685269999999995	90.925139	11.695383999999999	0.929949	0.87892	0.11494000000000001	0.298308	7.645810000000001	5.0	77.709395	21.296206	3.0	0.013984	6.237846	2.0	10.686291	5.310299	6.0	91.109072	15.068504999999998	5.0	65.087799	19.703323	5.0	82.431093	4.182678	4.0	6.000751	7.467747	6.0	44.030657	17.840113	5.0	18.960827
1560.0	3.0	8.582248	14.509623999999999	62.87315	73.802266	0.901429	0.557315	0.365248	0.399404	1.185466	1.0	28.414553	7.458356	5.0	0.101569	4.300659	3.0	97.56971899999999	5.353076000000001	3.0	92.29460300000001	20.268606	1.0	68.869996	5.32691	3.0	73.378773	12.227899	2.0	96.146017	2.0974779999999997	6.0	46.345703	24.614691	6.0	56.337906000000004
2007.0	3.0	75.10490300000001	13.471448	34.058793	71.42237800000001	0.944823	0.802407	0.20052899999999999	0.671196	5.799441000000001	6.0	19.447439000000003	24.607761	5.0	0.012456	5.812399	6.0	88.469471	0.176279	1.0	6.147436	16.87801	5.0	36.285519	6.247739	1.0	34.486	4.338399	4.0	8.13839	1.9655939999999998	6.0	37.204327	14.039363	6.0	56.83447099999999
2072.0	3.0	17.686989	12.954928	19.981164	86.727841	0.944039	0.597889	0.527526	0.9818520000000001	12.25933	2.0	1.691132	13.778184	1.0	0.050526	0.42953	6.0	49.742003000000004	2.952502	4.0	53.196940000000005	20.827268	5.0	77.39496	8.61641	4.0	76.978993	15.718709	2.0	79.88673299999999	19.158122	1.0	32.389371000000004	8.331089	4.0	65.88650200000001
2232.0	3.0	56.06754399999999	8.807385	59.63665699999999	38.816399	0.910637	0.775406	0.13586800000000002	0.338645	15.288684	2.0	56.994073	0.560817	6.0	0.048010000000000004	3.579815	6.0	34.994589000000005	5.549275	6.0	6.987094	21.546941	6.0	7.183474	1.8346630000000002	2.0	64.542349	14.2635	4.0	61.758014	7.016203999999999	2.0	87.188438	25.047695	6.0	32.131116999999996
2460.0	3.0	7.337553999999999	3.333505	30.127301	41.674396	0.576009	0.388384	0.107615	0.383626	9.32293	4.0	39.380299	17.586312	3.0	0.012490000000000001	0.155746	5.0	80.895484	4.506954	2.0	47.821174	4.04582	6.0	45.590989	6.884833	2.0	7.512021000000001	20.50678	2.0	23.041813	15.296524	2.0	27.751696000000003	18.860797	6.0	19.788891
2489.0	3.0	62.070758	24.102935000000002	21.627487	16.705574	0.368302	0.808867	0.42064799999999997	0.589587	15.368792000000001	4.0	5.937386	24.243257	4.0	0.053988999999999995	1.368608	5.0	50.823798	0.548093	3.0	19.841406	19.0087	2.0	95.81967900000001	3.599082	4.0	76.604526	19.287608	2.0	7.656388000000001	16.351308	2.0	83.647048	6.579060000000001	2.0	45.31139
2528.0	3.0	63.070766000000006	1.439339	28.922109000000003	56.188972	0.190219	0.7014090000000001	0.597114	0.7700279999999999	11.428591	2.0	28.60203	24.572761	1.0	0.033809	1.230216	2.0	77.522675	0.789267	5.0	57.244727000000005	16.665771	2.0	31.075138	7.489211999999999	2.0	76.142809	20.650001	4.0	73.196786	14.325295	2.0	22.329545	24.01951	5.0	70.23153
2682.0	3.0	67.27810799999999	8.895315	95.60091700000001	47.411965	0.224525	0.7115859999999999	0.981977	0.938209	7.05312	2.0	20.021829	24.866362	1.0	0.013209	2.095285	2.0	71.944714	4.012641	3.0	28.417653	16.803473999999998	1.0	57.198878	6.2639309999999995	1.0	16.08694	16.633704	3.0	72.56051500000001	13.538866	1.0	56.118781000000006	5.285505000000001	2.0	75.737484
2822.0	3.0	86.65592600000001	8.107414	72.76271	89.94996	0.826882	0.91248	0.583267	0.8673200000000001	21.440849	1.0	25.342956	15.950439000000001	2.0	0.08157	4.01783	4.0	31.790974	2.974621	5.0	9.918298	18.93985	6.0	60.321740000000005	6.9932229999999995	3.0	3.0663139999999998	14.934045999999999	3.0	84.84274599999999	10.251961	3.0	45.934211	12.912251	6.0	73.333528
3539.0	3.0	8.914859	1.152082	98.249501	36.919267	0.52022	0.196037	0.113125	0.9827520000000001	17.954376	3.0	79.709696	20.920576	3.0	0.012053	1.8860569999999999	4.0	76.142585	1.589249	4.0	57.677321	22.450463	1.0	19.676367000000003	3.314336	3.0	72.683803	7.375991	5.0	66.049286	16.204743	2.0	62.851315	18.023597	4.0	50.86984
3550.0	3.0	99.268819	2.059377	39.118942	21.731003	0.25621900000000003	0.54062	0.836932	0.7770050000000001	15.607401000000001	5.0	89.158455	25.261528	5.0	0.020385	5.34296	2.0	8.156016000000001	0.9518399999999999	3.0	13.930287	2.321727	1.0	65.14017	8.843923	3.0	3.261143	2.336937	3.0	66.425691	6.48885	3.0	78.568141	15.549634	5.0	13.922573000000002
3994.0	3.0	23.564877	3.959014	33.119145	47.677426000000004	0.369847	0.407629	0.423483	0.73069	2.720989	5.0	50.589541	7.457275999999999	3.0	0.035345	5.390009	5.0	98.17734300000001	0.590187	1.0	33.547160999999996	22.098914999999998	3.0	41.265262	0.67774	4.0	35.142596000000005	8.214630999999999	2.0	86.686014	2.227327	3.0	82.23049300000001	20.774620000000002	3.0	49.998538
5117.0	3.0	65.11216800000001	1.2973219999999999	35.42177	31.149098	0.42156499999999997	0.729421	0.194661	0.6082930000000001	21.248863	2.0	10.165806	1.031909	6.0	0.023202	0.242733	5.0	61.111168000000006	2.945334	4.0	42.544119	15.84595	6.0	11.019442	0.921364	2.0	20.368142000000002	15.819788	2.0	54.52405400000001	22.875269	3.0	76.430996	11.4179	3.0	78.24518499999999
5528.0	3.0	98.432265	1.47061	72.55103100000001	34.519152000000005	0.7393109999999999	0.414605	0.727212	0.22628600000000001	16.087685999999998	1.0	52.451052000000004	20.591319	3.0	0.04485	2.265175	6.0	66.32927600000001	2.395043	1.0	32.398864	15.92583	3.0	49.20564	6.081069	5.0	40.442214	13.324387	2.0	45.063673	22.570211999999998	5.0	26.791348	17.202154999999998	6.0	25.385699
5562.0	3.0	6.923471000000001	3.700257	73.496338	55.199045999999996	0.601147	0.370611	0.20660900000000001	0.9851989999999999	14.217057	4.0	44.147946000000005	23.303085	6.0	0.097274	0.345585	6.0	83.555214	2.5034970000000003	2.0	44.221265	0.336227	1.0	72.738816	20.883113	3.0	15.076943	10.474223	6.0	36.600808	24.310666	1.0	22.519057	8.804702	6.0	52.672982
6276.0	3.0	3.9522699999999995	65.290386	70.165131	17.846997	0.73419	0.567184	0.319496	0.38390100000000005	6.5604070000000005	1.0	78.02624300000001	6.085196	5.0	0.0306	3.944028	6.0	12.035765	3.257458	5.0	12.161116999999999	22.61059	5.0	79.704737	1.249323	1.0	82.618619	6.612002	1.0	8.748607000000002	17.509948	5.0	77.231225	19.76246	6.0	81.553211
7082.0	3.0	2.566475	74.11572	78.878372	28.499437	0.521946	0.776364	0.793161	0.989712	19.405	3.0	89.556191	17.547411999999998	1.0	0.043504	1.7550860000000001	1.0	82.492437	6.1415489999999995	2.0	9.989154	5.688498	4.0	17.117241	24.287337	2.0	1.9901389999999999	15.820507000000001	4.0	86.02623	20.442083	4.0	33.678892	9.895197999999999	5.0	43.12406
7314.0	3.0	90.748387	7.184660000000001	59.584779000000005	68.400671	0.445071	0.726329	0.4768	0.5416270000000001	7.244603	3.0	50.915388	2.515152	5.0	0.017615000000000002	2.756839	1.0	73.246933	5.661761	4.0	66.367077	9.273449000000001	2.0	13.133479999999999	1.59622	1.0	72.338154	15.797728	2.0	58.85540699999999	4.017094999999999	5.0	5.547421	4.841799	6.0	90.43299499999999
7371.0	3.0	56.258081000000004	23.631358	46.553583	63.170821999999994	0.710495	0.9790620000000001	0.7860199999999999	0.6997720000000001	22.55885	6.0	41.854445	9.059764999999999	4.0	0.011773	3.0523279999999997	1.0	49.332863	2.8693049999999998	1.0	20.113414000000002	15.405719	3.0	77.940007	0.810133	6.0	78.46033	10.475308	5.0	51.615731	13.605164000000002	2.0	9.033008	22.335169	6.0	21.71317
7551.0	3.0	98.87140600000001	7.351683	61.41591700000001	43.376204	0.636683	0.336857	0.34863099999999997	0.9024260000000001	3.395838	4.0	84.18236999999999	10.985351	1.0	0.023461000000000003	5.6082540000000005	5.0	74.383676	4.195391000000001	6.0	42.492619	15.757353	4.0	34.515053	2.669925	1.0	93.73456999999999	19.633944	6.0	14.154064000000002	17.483964	1.0	82.168539	21.433964000000003	6.0	54.889281000000004
7909.0	3.0	16.139712	12.633495	48.798398999999996	25.732369	0.503876	0.7928970000000001	0.36227600000000004	0.9603219999999999	8.453397	1.0	82.795351	13.654797	3.0	0.018333000000000002	0.6887439999999999	6.0	37.589449	2.7602729999999998	3.0	45.134392	15.795245999999999	4.0	36.065515999999995	0.9047	5.0	32.753199	22.862786	1.0	52.23052	8.672238	4.0	66.721568	4.8341959999999995	6.0	16.200923
7926.0	3.0	45.879259000000005	27.651633	83.30208	45.085694000000004	0.998042	0.8759610000000001	0.129992	0.895608	2.121889	2.0	21.129881	9.975402	5.0	0.018289	2.2353650000000003	2.0	16.802048000000003	2.386384	4.0	87.231052	21.356738	3.0	61.887574	9.114215	3.0	16.787004	21.729277	5.0	39.157939	21.238254	4.0	58.952912	16.103882000000002	5.0	93.85641
8220.0	3.0	18.209349	11.73072	37.091612	39.194446	0.997999	0.38359699999999997	0.351917	0.780936	17.444329999999997	5.0	37.607334	11.317252	1.0	0.011815	2.6621639999999998	3.0	32.489141	2.365862	1.0	49.094965	19.743119	3.0	29.191723	1.388368	1.0	16.213204	9.319332000000001	2.0	16.952548	15.438876	1.0	58.133662	16.164834	4.0	44.345853999999996
9001.0	3.0	38.76271	13.124469	66.153319	22.761923	0.295955	0.43500900000000003	0.11224300000000001	0.421255	21.481391000000002	2.0	4.483713	24.104446	3.0	0.083203	2.967434	2.0	78.763785	5.552918	1.0	66.026628	20.591957999999998	5.0	28.422660999999998	10.439644	3.0	33.578996000000004	13.20421	4.0	48.887896000000005	4.45265	1.0	77.65411999999999	12.704578999999999	1.0	86.24379
9111.0	3.0	2.052795	86.401513	54.091426	32.245465	0.6979390000000001	0.9333790000000001	0.8670459999999999	0.245214	7.595624000000001	5.0	25.888122	24.83005	3.0	0.065197	1.228849	1.0	24.658578	2.3932189999999998	5.0	27.526743	19.181822	5.0	11.183387	0.844316	3.0	71.97948199999999	14.528364000000002	5.0	59.815066	17.680922	4.0	94.716548	17.951492000000002	6.0	93.217535
9538.0	3.0	8.796558000000001	13.372391	32.910723	89.141248	0.955527	0.874591	0.945824	0.626599	10.134583000000001	2.0	82.63460500000001	3.165807	5.0	0.015869	1.201462	1.0	23.73976	1.438372	2.0	79.560069	21.266931	2.0	2.509989	0.478825	4.0	40.302146	6.395901	5.0	3.3366190000000002	13.542391	5.0	34.380624	14.559435	5.0	47.274791
9754.0	3.0	46.216731	20.206460999999997	38.444838	39.422002	0.27574099999999996	0.586996	0.102364	0.7094600000000001	13.864968	4.0	25.193046	22.498905	2.0	0.013628999999999999	5.575986	1.0	64.93114399999999	5.93243	5.0	40.735127	20.23764	4.0	71.674074	1.45402	3.0	77.429808	15.34821	3.0	28.628032	1.201492	5.0	89.461564	7.968197999999999	4.0	81.67232299999999
