10.0	3.0	75.965721	10.076163000000001	82.32640500000001	84.213289	0.8835799999999999	0.9435290000000001	0.596531	0.983353	8.222239	4.0	37.154033	22.944597	2.0	0.029508999999999997	4.823282	1.0	8.555525	2.94132	1.0	46.435787	17.332258	2.0	86.62241999999999	7.2931919999999995	2.0	39.227342	1.626282	5.0	17.068226	8.194676	4.0	51.481171999999994	4.928793	5.0	79.48057
126.0	3.0	54.473751	3.140908	94.088822	54.249976000000004	0.3992	0.77668	0.825407	0.6946289999999999	10.9626	2.0	39.010803	20.639426999999998	5.0	0.032070999999999995	1.8596650000000001	5.0	96.690775	4.238526	4.0	23.334464999999998	16.276501	3.0	6.933059	6.124483000000001	6.0	29.489635999999997	19.564709	2.0	91.881038	5.922797	1.0	97.327199	8.456581	3.0	9.678999000000001
185.0	3.0	71.105035	11.799178999999999	94.731459	99.89285	0.802004	0.89825	0.8482040000000001	0.329955	17.834212	3.0	42.3492	11.272764	1.0	0.015624	5.6286879999999995	3.0	53.510889	0.13481700000000002	6.0	11.324463	9.283091	3.0	52.263619	8.475178999999999	3.0	43.675936	16.323559	6.0	36.106747999999996	5.14344	1.0	93.27489200000001	10.608405	2.0	94.79065600000001
285.0	3.0	72.961977	17.286692000000002	83.620784	60.392318	0.39066599999999996	0.9985149999999999	0.759483	0.271036	7.752163	6.0	33.528776	23.943822	4.0	0.027427999999999998	2.966121	3.0	76.85649599999999	2.19828	3.0	5.551409	22.524182999999997	1.0	99.27486400000001	23.385626000000002	5.0	84.44721700000001	0.31101599999999996	3.0	6.4702980000000005	17.770278	1.0	25.851245000000002	18.033751000000002	6.0	85.433308
473.0	3.0	55.836608999999996	3.4192970000000003	75.350757	51.071346000000005	0.32598	0.402719	0.223962	0.421325	20.347525	6.0	12.844466	12.664769999999999	2.0	0.016069999999999997	0.9722719999999999	5.0	57.088609999999996	0.933817	6.0	18.930532	21.785795	1.0	41.035949	23.691632000000002	1.0	97.844675	24.095467000000003	4.0	62.844315	20.703673000000002	3.0	77.801734	1.844648	5.0	73.86072800000001
492.0	3.0	17.546537	6.241626	80.172596	13.583942	0.10606800000000001	0.637641	0.218165	0.141943	14.740563	4.0	12.04787	3.156261	3.0	0.011969	5.929790000000001	5.0	60.883281999999994	4.205731	3.0	72.414075	16.069761	3.0	90.33955300000001	1.302363	6.0	44.134192	1.8545369999999999	3.0	44.08238	24.06056	1.0	65.20172	13.723212	3.0	20.238751999999998
799.0	3.0	4.3790569999999995	17.96312	54.103451	90.855939	0.3885	0.8425229999999999	0.27631300000000003	0.37606	22.91222	2.0	22.3229	6.3060849999999995	1.0	0.054295	1.3750790000000002	2.0	86.027134	0.661403	5.0	99.820504	19.64656	5.0	29.311321000000003	10.47557	3.0	21.321679999999997	23.348689	5.0	51.077434999999994	3.9469300000000005	3.0	71.375614	8.826246000000001	3.0	20.366958
820.0	3.0	87.81890200000001	13.847151	58.254118000000005	97.050258	0.623698	0.5703560000000001	0.767149	0.350036	0.422353	4.0	70.02279	0.911681	4.0	0.038002999999999995	0.620522	6.0	4.214626	2.477388	4.0	63.15349499999999	18.006426	5.0	60.05774	23.695027	6.0	52.789609999999996	2.6609220000000002	6.0	50.796896000000004	14.134314999999999	3.0	5.119496	11.692753999999999	5.0	48.474587
828.0	3.0	39.56122	6.492401999999999	17.882396	47.50079	0.10624600000000001	0.567276	0.603313	0.6967180000000001	0.8907309999999999	6.0	57.54081899999999	6.427573000000001	2.0	0.014275	1.940047	4.0	55.624444	5.42957	3.0	14.807835999999998	18.578064	6.0	27.83683	3.046215	3.0	22.483069	3.500351	3.0	70.751265	21.697308	5.0	44.269923	0.94395	4.0	9.806493
843.0	3.0	79.548416	15.73664	39.174083	73.765253	0.884484	0.429929	0.413343	0.316334	10.791537	5.0	17.334903	22.710326000000002	5.0	0.037847000000000006	2.639293	4.0	89.175165	2.503975	1.0	92.937865	23.285182	4.0	8.224655	20.257813	1.0	5.245766000000001	6.188466	6.0	32.783004	6.404853	5.0	71.130172	4.898738	3.0	91.05955
871.0	3.0	40.506048	1.316064	23.643905	79.25795500000001	0.187085	0.793319	0.621786	0.459164	16.752098	2.0	1.1960540000000002	7.202928	6.0	0.023205	5.46398	2.0	85.640362	3.074248	5.0	91.650902	6.993645	6.0	19.120247	14.475953	6.0	40.735264	6.1801639999999995	4.0	15.919607999999998	2.424886	4.0	60.96264	1.013009	6.0	56.045758
886.0	3.0	94.691561	7.305861	81.6768	61.69505699999999	0.945699	0.8871690000000001	0.51456	0.633921	10.185329	4.0	26.574303999999998	24.495739	3.0	0.017738999999999998	1.227077	6.0	15.687157999999998	2.110264	5.0	19.70534	5.805707	1.0	53.99801899999999	15.652116	3.0	65.150284	10.201661	1.0	49.929772	4.195373	6.0	17.352338	13.411578	5.0	38.186289
904.0	3.0	1.026109	22.199331	68.260182	62.054888	0.936328	0.505962	0.149593	0.15755	11.523941	3.0	74.963212	23.762039	1.0	0.015822	4.227734	6.0	23.368377	2.9995580000000004	1.0	86.512934	8.607252	1.0	63.173207	19.5708	1.0	75.006642	18.311614000000002	6.0	95.840408	6.437573	1.0	10.808164	11.744479	6.0	53.776061999999996
908.0	3.0	82.939879	3.237516	70.30561	12.838293	0.49398000000000003	0.35379099999999997	0.727059	0.29943000000000003	3.633688	4.0	13.868229999999999	22.939418	2.0	0.026083	5.5823540000000005	3.0	16.653594000000002	5.248666	4.0	70.434485	13.740097	5.0	54.383864	4.140218	3.0	69.927382	15.767837	4.0	42.622377	16.776395	3.0	39.72637	24.828626999999997	4.0	14.65727
1010.0	3.0	15.733710999999998	6.772844	36.679239	93.92271600000001	0.246065	0.5467310000000001	0.666644	0.579277	15.776646	1.0	80.585032	1.015626	1.0	0.027302999999999997	4.282785	6.0	25.132391000000002	3.8442849999999997	4.0	76.792574	23.764310000000002	3.0	19.88974	11.622826	2.0	17.404557	0.28124899999999997	6.0	80.732425	17.362819000000002	4.0	25.139103	17.649067000000002	2.0	14.135454999999999
1011.0	3.0	39.78287	29.093556	15.876831	30.468702	0.188997	0.8731549999999999	0.12218599999999999	0.576341	15.576413	5.0	36.078829999999996	5.156630000000001	5.0	0.079549	1.7604419999999998	1.0	34.855976	0.506293	6.0	12.446391	19.777606	2.0	82.112658	22.308881	2.0	33.769193	18.43647	5.0	18.352311	2.798468	3.0	81.576511	12.773303	3.0	64.70531
1092.0	3.0	12.462871	5.787993	55.660289	36.34895	0.154578	0.866591	0.495062	0.297824	2.493861	3.0	7.821958	0.646784	2.0	0.024046	3.076858	4.0	17.131219	2.16417	5.0	94.95446700000001	23.629012	2.0	66.940753	11.30183	1.0	56.519385	9.013485000000001	2.0	83.948677	22.673594	2.0	53.295797	1.6872080000000003	4.0	9.216383
1131.0	3.0	25.99782	19.331217000000002	44.917972	94.452434	0.516794	0.795462	0.770399	0.41666000000000003	22.133249	2.0	35.89311	12.488831	5.0	0.017995	4.0401050000000005	6.0	97.878782	0.879252	5.0	70.920063	6.083396	6.0	98.436288	15.347245999999998	2.0	24.855621	12.503876	6.0	18.095576	0.42890600000000006	2.0	46.592496999999995	14.913047	3.0	83.617151
1184.0	3.0	8.576474000000001	43.915128	27.004617	73.921805	0.566434	0.25740100000000005	0.641187	0.347553	16.144779	5.0	85.13265600000001	21.226663000000002	1.0	0.031779	4.1147860000000005	5.0	11.807633000000001	2.587762	3.0	94.61592399999999	21.505976	2.0	85.181066	23.375942000000002	3.0	50.878741999999995	17.390617000000002	2.0	93.496763	11.331745	2.0	6.178413	1.991064	5.0	85.378637
1189.0	3.0	27.691289	97.72699399999999	34.908659	88.69701500000001	0.779146	0.943486	0.820039	0.552602	1.747339	2.0	33.223839	3.6307669999999996	4.0	0.01933	0.359227	6.0	93.788525	5.035235	3.0	75.790564	17.647964	6.0	42.393351	10.926836999999999	5.0	48.180958000000004	8.544694999999999	3.0	46.144617	19.56573	4.0	3.2081459999999997	3.1619669999999998	6.0	53.705572
1192.0	3.0	79.017587	19.439503	67.72779799999999	60.93533299999999	0.69676	0.662304	0.549445	0.388935	22.228377	5.0	4.572921	15.151548000000002	4.0	0.05874600000000001	2.992913	6.0	41.447553000000006	5.214461	6.0	1.197876	19.803231	6.0	82.35855699999999	12.275994	4.0	30.767957	9.323678999999998	1.0	84.114875	22.692904000000002	4.0	21.752128	13.800996	4.0	58.271613
1276.0	3.0	35.569475	11.622411999999999	48.603194	82.642142	0.21171700000000002	0.716579	0.9152110000000001	0.9829950000000001	3.118978	1.0	23.972621	17.339219	6.0	0.015787	3.8970849999999997	3.0	68.430975	4.52928	3.0	95.60171600000001	18.985436	5.0	66.767522	17.695514000000003	2.0	90.406802	20.785698999999997	5.0	97.474583	2.383443	2.0	86.434792	7.31013	1.0	11.652277999999999
1301.0	3.0	84.53835600000001	3.35771	56.749418999999996	64.370483	0.163353	0.580208	0.636043	0.412946	5.900714	1.0	91.381449	13.589626999999998	2.0	0.059261	1.020888	4.0	42.477202	5.436673000000001	6.0	26.423459	4.191274	3.0	37.591311	7.963348	1.0	54.577677	5.025848000000001	6.0	83.210073	13.11936	1.0	78.76245899999999	17.30322	2.0	66.86389799999999
1335.0	3.0	31.798388	12.773933999999999	37.459714	19.342244	0.879207	0.748951	0.331964	0.6090180000000001	17.718107	2.0	79.848049	15.922953	4.0	0.022650999999999998	4.054401	6.0	78.373633	3.4542949999999997	6.0	39.14158	11.470352	3.0	20.889129999999998	17.981288	1.0	21.465067	3.338022	6.0	74.722898	8.966466	2.0	10.017486	15.382739	5.0	69.793572
1355.0	3.0	93.187383	13.691775	25.542877999999998	80.268925	0.389959	0.9708620000000001	0.12707100000000002	0.666378	12.991003	3.0	47.977375	24.374895000000002	6.0	0.24959299999999998	1.867635	2.0	75.161893	4.270924	4.0	77.732792	22.935769	4.0	27.647982	22.509588	4.0	46.640194	14.340282	4.0	42.807069	17.079233	5.0	14.324613000000001	6.987014	4.0	98.948176
1464.0	3.0	25.661074	4.677427	88.95098	43.085452000000004	0.8321350000000001	0.756113	0.276025	0.5391600000000001	0.743654	3.0	96.89093100000001	20.263355999999998	4.0	0.011336	4.0026779999999995	6.0	60.130679	2.218074	3.0	85.74911999999999	16.171231	3.0	99.403129	9.282324000000001	3.0	6.98907	15.971973	5.0	88.831819	5.827008	2.0	12.910405	7.941172999999999	4.0	25.034519
1539.0	3.0	50.199239	6.421305	19.395342000000003	30.663542	0.810319	0.323403	0.971981	0.55055	19.280794	6.0	56.481292	21.845538	6.0	0.057616999999999995	2.945481	5.0	16.05088	1.824903	2.0	11.475773	18.428061	5.0	55.678252	10.566068	3.0	6.825969000000001	4.811872	5.0	83.785507	9.459033999999999	6.0	3.548631	8.663482	5.0	14.917599
1562.0	3.0	2.467868	21.548426	85.444087	78.41605200000001	0.467275	0.363698	0.5776140000000001	0.274034	3.8120839999999996	3.0	47.247873999999996	21.083234	2.0	0.061076	4.992615	4.0	23.962457999999998	1.8479459999999999	4.0	77.088243	5.964044	2.0	89.210652	21.292696	6.0	73.086965	12.137960000000001	6.0	43.736576	16.848627	5.0	7.862845	16.268203	5.0	75.65344499999999
1636.0	3.0	63.449213	11.179911	73.35825600000001	70.12386	0.191413	0.727378	0.302227	0.257862	3.972457	4.0	33.456419	11.716892999999999	5.0	0.013191999999999999	2.770357	2.0	64.015535	3.886965	3.0	98.052819	13.680423999999999	2.0	16.833796	21.890914000000002	2.0	35.227426	19.176208	5.0	13.856993	10.658207	5.0	26.817632	20.992724	6.0	8.323157
1700.0	3.0	55.45109300000001	39.771249	38.121649	82.71509499999999	0.588516	0.9999399999999999	0.528935	0.688987	8.414296	2.0	81.651322	20.523188	3.0	0.037861	4.715207	5.0	22.891437	4.453311	1.0	14.05245	22.993128	4.0	65.541996	19.957535999999998	1.0	21.915605	21.359351999999998	1.0	33.288955	10.723785000000001	6.0	35.182249	0.724449	6.0	54.841949
1721.0	3.0	75.221724	4.763694	53.00559200000001	90.20470300000001	0.679871	0.23662600000000003	0.8408620000000001	0.47130900000000003	8.195383999999999	2.0	91.123625	23.938905	4.0	0.036111000000000004	0.24262199999999998	6.0	63.571420999999994	5.292695	1.0	6.237265	14.145923000000002	2.0	61.03696	16.676116	1.0	30.567396000000002	20.825957	2.0	2.643992	3.857265	6.0	83.883255	19.972041	6.0	13.393208
1789.0	3.0	98.197725	11.765500999999999	45.975885999999996	67.543772	0.14405199999999999	0.42208	0.318973	0.9466129999999999	3.057709	3.0	46.595036	12.398074000000001	1.0	0.038985	5.668151	5.0	43.954896000000005	4.537392	2.0	6.898244	19.95734	3.0	38.356327	12.624888	2.0	58.308797	4.8719220000000005	5.0	30.561846999999997	1.613094	3.0	99.20791899999999	16.845476	3.0	79.304587
1906.0	3.0	65.442267	20.354561	88.962689	30.976402	0.735518	0.801189	0.401287	0.957413	8.099496	4.0	58.030243999999996	5.759532	3.0	0.044472000000000005	5.823716	1.0	88.310629	1.836082	4.0	28.551610999999998	16.522102	6.0	22.78027	19.574713	4.0	77.64373499999999	0.658626	5.0	47.258161	16.809425	1.0	67.069903	9.429573	5.0	38.177611
1912.0	3.0	18.673597	11.147554	14.922954	43.472126	0.103163	0.33541	0.6911430000000001	0.182703	11.649224	5.0	20.628418	2.2695540000000003	2.0	0.031049	0.684156	5.0	46.356311	4.955529	2.0	1.804871	21.58532	2.0	65.71690500000001	23.334107999999997	6.0	69.637526	6.3510919999999995	1.0	85.92665799999999	1.973817	2.0	49.993753999999996	18.132588000000002	2.0	49.611266
1926.0	3.0	36.544616	13.503932999999998	43.771190999999995	30.111258000000003	0.49716000000000005	0.6573439999999999	0.22435700000000003	0.331588	20.589691000000002	4.0	40.513335999999995	17.246131	1.0	0.013009	6.063867	2.0	77.528501	5.608417	2.0	92.135536	23.597860999999998	6.0	16.204282	21.590457999999998	6.0	51.02303	0.954412	4.0	48.016994	22.104804	1.0	12.107411	25.069886999999998	6.0	4.7202589999999995
1977.0	3.0	94.778723	2.471376	90.20513100000001	95.413421	0.588305	0.9390959999999999	0.9473659999999999	0.761867	1.254441	6.0	97.118915	16.738123	6.0	0.032341	0.337134	6.0	23.278635	2.823443	6.0	9.401407	8.604579	4.0	36.163191999999995	1.614154	6.0	23.346655	5.579369	2.0	58.587998	15.034331	3.0	20.266199	16.844827	3.0	98.988736
2015.0	3.0	52.84258199999999	30.266596999999997	88.309738	98.817181	0.514821	0.8077	0.501141	0.97491	9.939316	3.0	81.759699	8.156865	5.0	0.025817000000000003	5.612759	2.0	46.385877	2.116189	3.0	47.540135	21.76749	5.0	38.043254	9.942082000000001	5.0	56.351702	12.771682	4.0	76.38297800000001	2.238315	4.0	36.086743	10.01863	2.0	12.014689
2039.0	3.0	15.590053	24.661549	27.521408	54.605105	0.222348	0.7435470000000001	0.380353	0.361613	9.452131	6.0	41.281971999999996	16.589347	6.0	0.029789999999999997	0.783111	5.0	42.473939	6.040444	4.0	14.383676999999999	17.832337	3.0	77.433679	15.280254000000001	1.0	52.380939	5.721076	6.0	98.542428	21.68563	2.0	22.48451	13.182521	4.0	86.052476
2101.0	3.0	74.6573	22.009972	29.783838	36.372477	0.602694	0.9932209999999999	0.5333640000000001	0.183425	3.993307	1.0	70.754657	11.693662	6.0	0.019828	3.636455	2.0	98.697514	0.268241	4.0	29.129555	20.443908999999998	3.0	99.853175	18.93692	4.0	52.487588	3.232455	5.0	87.13277099999999	22.474067	3.0	26.300414	22.779749	6.0	1.36838
2124.0	3.0	31.799357	9.076914	24.707299	35.112528000000005	0.981426	0.473341	0.354631	0.8995299999999999	5.701003	2.0	94.34097299999999	3.309574	3.0	0.025037	3.0172950000000003	1.0	25.051859	5.903395	1.0	65.05624	11.749825999999999	2.0	89.44556800000001	5.667066	4.0	15.524021	1.426274	2.0	94.56984200000001	10.51943	3.0	83.124009	12.591914	3.0	80.128411
2187.0	3.0	93.430073	1.6598110000000001	28.470196	59.051737	0.9905860000000001	0.424857	0.281898	0.29231599999999996	22.107646	3.0	86.033423	7.668278	2.0	0.637487	2.594304	2.0	69.711597	1.734586	4.0	95.422863	20.055293	5.0	13.836139999999999	14.611443	2.0	21.804033	17.099101	5.0	70.754267	8.951746	4.0	52.083163	2.0865650000000002	4.0	20.457017999999998
2198.0	3.0	52.544074	5.792406	42.445145000000004	68.658744	0.5219560000000001	0.842377	0.629738	0.41352	16.52642	5.0	71.719511	18.170065	3.0	0.016252000000000003	1.039788	5.0	64.997846	0.996992	1.0	45.401788	15.007842000000002	5.0	2.828057	3.4661980000000003	5.0	17.980615	1.2255280000000002	5.0	76.090404	20.198486	2.0	77.751053	17.946259	2.0	17.798785000000002
2209.0	3.0	94.060123	2.550739	52.663455000000006	73.88955	0.632785	0.8277450000000001	0.731485	0.963667	13.529906	5.0	10.092524000000001	19.733644	2.0	0.056337	6.1092580000000005	6.0	31.146620000000002	4.715582	1.0	48.725333	23.423634	4.0	63.745160999999996	22.50069	4.0	21.178353	2.7525020000000002	6.0	61.05431899999999	4.7354	5.0	65.367861	23.841557	4.0	87.618544
2487.0	3.0	30.626585	10.930205	68.484188	28.154415000000004	0.22968899999999998	0.955666	0.9258930000000001	0.46564799999999995	6.826625	3.0	3.5978449999999995	8.780467	6.0	0.023336000000000003	6.164184	6.0	91.744486	3.9197269999999995	2.0	32.190227	8.288159	4.0	22.152193	15.251372	3.0	53.527503	23.66615	4.0	10.202303	22.429880999999998	4.0	19.593754999999998	10.223977	2.0	76.865554
2529.0	3.0	76.638605	1.1069799999999999	47.706031	84.660562	0.328886	0.388079	0.7917310000000001	0.583344	17.733213	5.0	19.994752	17.086307	4.0	0.01434	4.710542	4.0	6.940028999999999	0.17910299999999998	3.0	56.914541	11.331905	1.0	13.659545000000001	23.838824	4.0	69.83864100000001	18.857944	2.0	13.864426000000002	8.906423	5.0	54.805615	10.884537	3.0	93.54231899999999
2546.0	3.0	95.33537	36.200153	72.137525	92.708505	0.211024	0.982142	0.263019	0.9428280000000001	13.872564	1.0	14.728102999999999	19.101914999999998	2.0	0.034505	5.040687	5.0	89.94991999999999	4.012412	6.0	91.323398	23.623399	5.0	16.751282999999997	24.827526000000002	4.0	48.862211	13.381882999999998	5.0	84.037041	7.435282000000001	6.0	12.821311	14.830145000000002	1.0	70.017649
2596.0	3.0	58.846086	1.6959849999999999	65.560271	48.864298	0.109951	0.858028	0.6565840000000001	0.826641	1.8030080000000002	1.0	55.048021999999996	2.125364	2.0	0.014083000000000002	4.744004	3.0	98.327726	4.763153	6.0	90.440554	16.342370000000003	1.0	64.30439	25.092706	4.0	84.954847	1.234073	6.0	27.054915	0.718057	1.0	41.150665000000004	10.535783	1.0	32.664716999999996
2608.0	3.0	67.30074	21.980874	17.913662	98.379936	0.47623000000000004	0.9166129999999999	0.2026	0.529682	5.063447	1.0	91.237942	17.067981	1.0	0.013737000000000001	4.3084430000000005	3.0	38.167982	0.305706	5.0	53.195428	22.987354	1.0	74.600619	8.119926	3.0	92.380542	11.967092	6.0	56.91463	20.9608	5.0	29.197459999999996	3.9201629999999996	2.0	74.55364399999999
2671.0	3.0	26.653137	17.24822	64.984353	87.424796	0.546814	0.655572	0.29280100000000003	0.29657	2.242604	1.0	2.842187	1.555858	3.0	0.019395	4.579046	6.0	69.370579	0.914783	3.0	99.407962	19.558131	3.0	19.061401999999998	1.605227	6.0	86.92613100000001	16.72421	4.0	65.100802	7.613324	1.0	96.530597	16.60031	3.0	45.77513
2708.0	3.0	57.25436800000001	22.015207	25.128122	64.827954	0.774618	0.9718209999999999	0.9192969999999999	0.763152	4.660518	1.0	47.144548	21.213255	6.0	0.013758000000000001	0.21999200000000002	5.0	78.161487	2.609771	4.0	70.967951	21.666014999999998	4.0	93.76721500000001	2.064352	3.0	98.296204	15.843723	3.0	5.759426	21.259601999999997	4.0	96.88735600000001	19.878307	4.0	23.463770999999998
2718.0	3.0	86.980963	19.336159	52.495292000000006	89.654504	0.59024	0.717288	0.173841	0.665744	18.720462	2.0	3.2595099999999997	1.635433	4.0	0.010707	5.74821	4.0	69.02294300000001	1.43675	3.0	82.861345	11.208651	4.0	51.692987	12.40658	2.0	60.948522	3.170219	6.0	5.930728	4.614028	6.0	27.411797999999997	16.270398	6.0	10.039810000000001
2780.0	3.0	1.404045	42.835762	83.897921	84.959482	0.854267	0.47472299999999995	0.9623219999999999	0.173792	14.944443	1.0	48.513511	9.139184	2.0	0.011048	5.994914	4.0	9.826107	0.959608	2.0	67.136839	21.899903	3.0	4.583156	15.735211999999999	2.0	12.467797000000001	18.312782000000002	3.0	63.353241000000004	5.173786	2.0	44.837754	19.311135	6.0	73.808786
2907.0	3.0	5.405432	77.576461	45.910198	86.540842	0.6964600000000001	0.773492	0.7804369999999999	0.10793	20.733902	3.0	45.324081	21.011549	4.0	0.021981	2.833585	2.0	8.891656	2.791086	2.0	76.473703	22.529197	3.0	34.584004	3.291095	3.0	58.210527	21.963931	2.0	27.188757	1.737308	6.0	93.45756999999999	10.655953	5.0	16.159882
3054.0	3.0	15.891998999999998	9.815408	16.80144	55.492321	0.17327599999999999	0.503256	0.14510599999999998	0.314704	19.226004999999997	3.0	10.845252	7.692457000000001	4.0	0.018674	2.3835830000000002	3.0	66.788493	3.535073	2.0	82.292713	19.476003	2.0	98.512265	16.719372	2.0	23.208102	4.957476	4.0	89.02395200000001	19.718885	1.0	65.988489	9.132102	3.0	63.604380000000006
3186.0	3.0	71.04262	7.876174000000001	50.114149	52.142974	0.8334540000000001	0.91395	0.627648	0.27073	7.019677000000001	2.0	41.993010999999996	18.080351	6.0	0.011262999999999999	1.511763	5.0	13.82211	0.6936399999999999	5.0	45.216206	17.508260999999997	1.0	5.756901999999999	23.531878	4.0	69.007708	22.419977	6.0	75.481617	17.162563000000002	3.0	73.50502900000001	22.207095000000002	3.0	17.465113
3197.0	3.0	18.614825	21.166397	23.783367000000002	94.49782900000001	0.155014	0.807955	0.162752	0.280131	7.540503999999999	6.0	51.997469	4.597955000000001	1.0	0.01721	4.0284059999999995	6.0	98.07140600000001	2.418502	5.0	79.556078	12.886104	6.0	76.219264	16.686054000000002	5.0	34.393755	22.066482999999998	4.0	29.610569	15.226772	2.0	62.877239	7.550178999999999	5.0	15.562560000000001
3254.0	3.0	3.4080550000000005	21.287508	63.04761800000001	58.932781999999996	0.360252	0.797118	0.31278	0.22867600000000002	0.732052	1.0	51.041321	8.740723	1.0	0.051099	5.528559	2.0	94.556563	5.97208	2.0	9.259928	17.678956	6.0	84.683945	11.745853	5.0	32.218909000000004	0.605611	6.0	79.37870500000001	22.909202	4.0	26.016342	9.529511999999999	6.0	16.21636
3283.0	3.0	74.670659	20.857456	5.913115	89.243049	0.828623	0.87392	0.397544	0.4494	4.564899	6.0	67.912635	18.970029999999998	6.0	0.046672000000000005	0.064415	2.0	18.546516	1.224493	4.0	94.19769000000001	14.926929999999999	4.0	67.227018	3.9978540000000002	4.0	98.009249	3.793489	4.0	38.607921999999995	7.636777	1.0	22.519374	9.939176	6.0	3.210298
3388.0	3.0	55.165519999999994	15.47323	66.402254	24.695111999999998	0.155876	0.748819	0.21632300000000002	0.631462	12.262267	5.0	86.99353599999999	11.539139	5.0	0.017736000000000002	0.977648	2.0	80.359606	3.227496	2.0	34.630284	22.320667999999998	5.0	59.616276	12.177216	2.0	92.659155	5.405455	4.0	44.739077	20.393203	4.0	69.62602	16.625004	2.0	17.402867999999998
3393.0	3.0	74.904765	5.658275	42.266628999999995	80.21187900000001	0.169795	0.8540760000000001	0.458873	0.728754	9.679511999999999	2.0	93.714608	23.780261	1.0	0.020675	5.925892	1.0	74.588567	2.251953	1.0	89.84283	12.476685	5.0	18.951472	11.807358	1.0	33.676614	13.311252	6.0	68.195525	13.258717	5.0	8.538797	4.152008	3.0	81.492272
3408.0	3.0	83.608827	2.8764990000000004	26.598651	94.83596	0.620208	0.19052	0.214833	0.605915	14.831883	3.0	37.413229	11.964633000000001	4.0	0.012431000000000001	5.0644919999999995	5.0	82.225871	0.473455	5.0	99.356601	20.152480999999998	4.0	11.834423	16.100165	1.0	5.012932	12.328009	6.0	50.252465	3.3954410000000004	1.0	21.783718	23.399188	3.0	9.279072
3467.0	3.0	58.059819999999995	21.975129000000003	35.419666	75.316797	0.9710030000000001	0.850836	0.368722	0.469383	12.151947	5.0	50.691611	0.9752620000000001	5.0	0.019081	1.270412	3.0	10.715844	4.991549	2.0	15.752832999999999	16.444868	2.0	94.303636	5.41285	6.0	68.36219100000001	5.684993	6.0	63.864313	9.447954	1.0	92.213785	3.8263769999999995	4.0	81.79220699999999
3530.0	3.0	17.781304000000002	18.357965	97.569262	33.941879	0.701422	0.40885	0.203739	0.726975	21.749660000000002	1.0	64.26475500000001	14.631368	5.0	0.019332	3.845768	3.0	79.802061	2.8795450000000002	2.0	53.712981000000006	1.370924	5.0	65.373521	9.805813	1.0	50.967868	17.955366	2.0	64.673022	8.400229	3.0	41.686303	0.510798	5.0	87.074924
3541.0	3.0	37.983666	6.226302	93.10979	20.509583	0.126227	0.6088859999999999	0.44303100000000006	0.46871999999999997	22.150453	6.0	85.433246	13.163510999999998	1.0	0.013565	5.549339	1.0	72.185078	3.1388	6.0	51.517189	21.756448000000002	3.0	97.367665	2.866482	2.0	50.561869	17.669779000000002	5.0	92.503273	0.316146	1.0	63.880347	22.177329999999998	5.0	47.147040000000004
3659.0	3.0	63.99663100000001	9.966746	95.54441800000001	84.202501	0.30521	0.426386	0.30953	0.6290180000000001	20.557751	5.0	81.567704	8.698372	3.0	0.011706	5.099984	3.0	99.607989	5.958596	3.0	68.600256	16.147742	5.0	64.22975699999999	9.384736	6.0	74.44833299999999	23.084791	4.0	68.124444	11.386751	6.0	58.46764	1.27473	4.0	72.443332
3692.0	3.0	30.281841999999997	11.849422	51.85047	26.738970000000002	0.6821189999999999	0.7374689999999999	0.754965	0.310483	21.07035	3.0	1.687232	1.616535	5.0	0.059685	3.8075309999999996	4.0	46.959241999999996	0.688112	5.0	2.512718	18.102625	5.0	96.634142	6.353143	6.0	25.714976999999998	12.981347999999999	2.0	26.15815	11.87702	2.0	97.061353	22.129931	4.0	69.566324
3938.0	3.0	52.873554000000006	1.960561	18.333282999999998	61.380070999999994	0.587277	0.514282	0.667247	0.175222	19.0874	1.0	86.90037	1.306735	6.0	0.039663	0.236781	3.0	92.771666	0.788293	5.0	4.250728	13.98369	1.0	56.811032	21.43238	2.0	19.370082	6.521584	6.0	63.080507	5.596419	4.0	32.147504	6.144157	2.0	21.074734
4070.0	3.0	88.348166	2.926015	58.351172	99.46172	0.736681	0.608625	0.8260059999999999	0.391256	21.631142	2.0	67.144503	23.891985000000002	6.0	0.048943	0.9179870000000001	4.0	29.403632	0.175699	1.0	69.916454	8.319734	1.0	44.12523	10.604716	6.0	69.551238	3.307213	2.0	23.195492	6.807794	1.0	82.356712	1.638728	6.0	15.166109
4104.0	3.0	91.775819	2.049954	90.602242	98.650998	0.479767	0.6538069999999999	0.9743370000000001	0.604304	5.808007	4.0	11.590666	3.134244	1.0	0.022598	5.753618	1.0	59.284314	5.203261	1.0	78.480967	0.581893	5.0	61.598457999999994	18.402331	4.0	99.335273	13.998679999999998	2.0	4.299717	8.838881	2.0	61.091330000000006	6.572642	6.0	83.912173
4142.0	3.0	77.118154	5.463008	30.719848	63.28798199999999	0.187145	0.792087	0.286656	0.6078	18.44097	1.0	52.036910999999996	21.228884	2.0	0.053663	5.212492	4.0	93.61349200000001	3.3692699999999998	2.0	74.68521700000001	14.540338	4.0	5.7914	13.132276000000001	1.0	66.265174	12.085054	5.0	92.396598	11.071375999999999	1.0	69.391901	13.196267	3.0	39.594173
4173.0	3.0	31.179529	1.76098	26.435864000000002	99.584787	0.474495	0.186891	0.783309	0.915717	13.735804000000002	1.0	62.48934200000001	15.288965	6.0	0.013412	0.13482	6.0	54.823925	1.611585	1.0	76.576044	9.105323	2.0	47.609118	21.353758	5.0	84.58650899999999	20.603092	1.0	8.701433999999999	15.770701999999998	1.0	26.431127000000004	20.369061	2.0	70.924406
4206.0	3.0	79.616366	5.644878	79.345196	86.833325	0.880358	0.975816	0.8169810000000001	0.547894	9.352888	3.0	30.378846999999997	16.783352	3.0	0.039448000000000004	1.229762	4.0	17.80797	5.384725	2.0	5.047924	2.1723689999999998	2.0	97.169435	18.64677	1.0	38.58068	21.954145999999998	3.0	56.082538	16.048756	2.0	17.279376	23.914116	1.0	5.913209999999999
4224.0	3.0	88.480416	3.047434	62.228908	47.577428999999995	0.425296	0.657169	0.646748	0.476137	9.137563	1.0	24.647402	19.398148000000003	3.0	0.011993	6.188432	1.0	43.128412	4.126226	2.0	67.940298	5.455761	6.0	79.771823	8.681617999999999	2.0	94.90914699999999	7.578199000000001	5.0	54.326409	3.2856	1.0	98.84172	22.019185999999998	6.0	2.988273
4265.0	3.0	13.034735000000001	23.842492	81.412024	81.558155	0.811225	0.541618	0.989835	0.385454	3.906829	4.0	16.931106	17.483043	5.0	0.44409099999999996	6.0386169999999995	2.0	16.975154999999997	3.128592	6.0	92.882787	22.815197	2.0	66.611024	22.154742000000002	1.0	13.585467000000001	5.675225	5.0	31.740671999999996	14.741969000000001	5.0	16.515168	4.82948	6.0	35.518987
4313.0	3.0	16.755775	16.347069	24.206158	86.593204	0.138328	0.9629700000000001	0.33747699999999997	0.8937459999999999	6.130707	6.0	40.236509000000005	21.149778	1.0	0.033467000000000004	0.8681780000000001	6.0	52.482048999999996	6.202249	1.0	80.487085	21.750173999999998	3.0	99.947327	4.3130370000000005	5.0	43.641868	7.160319	4.0	50.815436	19.921282	3.0	43.413934000000005	3.5037879999999997	5.0	83.59127099999999
4364.0	3.0	25.199045	91.261045	58.607119999999995	67.027393	0.469587	0.5318	0.25971900000000003	0.212792	1.738731	3.0	90.012398	10.582757	6.0	0.020928	5.863908	5.0	71.935337	4.737068	2.0	30.262697999999997	15.466322	5.0	85.726597	5.848185	1.0	83.136668	17.63176	3.0	8.603178	13.286954999999999	3.0	77.49091800000001	18.817398999999998	4.0	55.279563
4403.0	3.0	89.878185	1.151458	70.185174	54.074025	0.268176	0.137825	0.459476	0.924358	17.405151999999998	2.0	9.058114999999999	17.014958	4.0	0.018785	6.04551	4.0	37.241246999999994	4.363123000000001	4.0	48.312094	10.087661	3.0	82.424499	20.556053	6.0	76.5544	17.910475	5.0	19.262397	13.724712	1.0	16.280627	21.772525	3.0	11.9726
4501.0	3.0	37.352608000000004	32.647259000000005	79.890867	36.718185999999996	0.38374	0.8682030000000001	0.9274110000000001	0.21255700000000002	4.02968	1.0	56.821874	21.672544	4.0	0.027652	4.729792	5.0	69.592968	1.164858	5.0	73.450239	22.824285999999997	6.0	54.481826	20.696663	3.0	48.481221000000005	10.948729	6.0	32.339099	14.461806	4.0	83.406062	1.388555	3.0	53.107767
4674.0	3.0	4.882198000000001	20.615388	54.336682999999994	70.36093199999999	0.738359	0.8292799999999999	0.21381799999999998	0.8764790000000001	23.810562	2.0	9.785745	16.453905	2.0	0.022902000000000002	6.247822	5.0	92.612465	4.352434	3.0	31.927801000000002	17.969518	5.0	1.237251	4.51165	5.0	57.12560500000001	18.567887	5.0	81.405627	3.949816	1.0	15.572076999999998	10.484274000000001	1.0	50.358259999999994
4685.0	3.0	81.84055500000001	11.498955	87.813925	47.418186	0.924579	0.680379	0.392313	0.169621	17.536459	1.0	92.280836	6.629014999999999	3.0	0.020183	0.344603	3.0	59.660835999999996	0.6937	1.0	35.544844	13.774104000000001	5.0	95.427095	22.634939000000003	3.0	39.416986	23.731333	2.0	9.792824000000001	22.404318	1.0	76.946698	10.097557	5.0	26.385426000000002
4861.0	3.0	58.994744	10.960231	96.669639	56.346872	0.240414	0.930061	0.792479	0.347955	3.325179	5.0	7.876057	6.185551	3.0	0.010912	3.262797	2.0	49.62137	1.27548	3.0	53.941508	17.534533	5.0	83.973426	8.033408999999999	2.0	76.346055	0.49947299999999994	6.0	70.024813	3.70546	5.0	55.527634	0.743517	3.0	72.536403
4887.0	3.0	91.671993	17.08963	85.99521700000001	29.891790999999998	0.634919	0.736963	0.941867	0.430037	3.4416059999999997	4.0	30.823234000000003	15.496132000000001	3.0	0.01399	2.820494	5.0	14.711707999999998	5.9978370000000005	4.0	85.182811	21.541539	3.0	67.5427	9.47086	5.0	99.576488	12.934424	3.0	86.071021	5.593719	3.0	66.828928	21.58054	4.0	86.288634
4900.0	3.0	88.236306	4.665768	96.74033399999999	93.02051	0.196447	0.563235	0.9476629999999999	0.598237	17.426042000000002	5.0	86.37300400000001	14.780595000000002	3.0	0.041691000000000006	2.155745	6.0	94.21540300000001	1.557132	1.0	26.840090000000004	13.360667999999999	3.0	14.169697	11.88685	2.0	38.210578000000005	3.741129	3.0	32.751762	7.559722	1.0	11.7974	10.023655	5.0	84.50348000000001
4927.0	3.0	14.5962	2.417948	69.97880500000001	62.787647	0.101716	0.28344899999999995	0.726076	0.639199	21.831907	5.0	66.19600200000001	15.117593	4.0	0.121565	0.294317	3.0	87.862247	3.270493	1.0	70.520051	21.689546	1.0	32.964993	7.397392999999999	6.0	22.170317999999998	7.78688	2.0	48.301626	4.00062	1.0	96.014471	3.11912	5.0	53.664704
5121.0	3.0	77.190827	17.226066	93.175053	58.03185799999999	0.5255989999999999	0.882834	0.778388	0.8736389999999999	7.988989	1.0	97.32701	23.800144	5.0	0.011285	1.8038889999999999	6.0	47.228472	0.650354	2.0	33.088457	15.303038	6.0	60.54371	16.822907999999998	4.0	34.011778	15.838572000000001	6.0	73.81658900000001	7.9920919999999995	5.0	97.049761	14.246444	4.0	6.728426
5228.0	3.0	16.322333	16.695826999999998	41.786414	58.997246	0.8068609999999999	0.744842	0.100506	0.290501	22.231899	3.0	65.692429	7.5917460000000005	6.0	0.010269	5.283643	6.0	62.337504	3.070373	3.0	96.70536899999999	19.899235	1.0	26.573459999999997	14.020847	5.0	86.420932	18.521584	4.0	94.541081	10.83682	6.0	19.707214999999998	1.2572649999999999	3.0	78.008542
5282.0	3.0	3.329104	34.251703000000006	65.68745	57.311707999999996	0.937866	0.573376	0.8460700000000001	0.357215	12.744579	2.0	12.652125	24.080895	6.0	0.167578	2.258322	6.0	40.52902	3.764188	1.0	15.198929000000001	17.098527999999998	5.0	28.409081	3.87627	1.0	43.357169	12.58094	6.0	98.332676	8.555549000000001	5.0	14.863793	4.642755999999999	2.0	42.82935
5312.0	3.0	86.36090899999999	11.617486999999999	22.30588	44.187684999999995	0.182704	0.99235	0.42464300000000005	0.8198409999999999	19.226529	1.0	70.999303	1.827466	3.0	0.021631	2.959863	2.0	43.750101	4.941626	5.0	39.670682	10.985282000000002	4.0	8.696458999999999	19.654889	4.0	85.843804	11.564605	1.0	79.433581	8.686338000000001	3.0	42.187267999999996	9.688459	1.0	49.660441
5510.0	3.0	96.902303	3.377739	56.961833	56.770846999999996	0.360898	0.662155	0.967535	0.38481	8.970874	6.0	16.78841	4.60583	6.0	0.023772	3.567444	3.0	35.824805	4.912171	3.0	54.627520999999994	11.881283999999999	5.0	46.600137	17.421554999999998	1.0	30.935116999999998	2.736543	2.0	91.011955	22.121964000000002	4.0	44.658588	8.318458999999999	2.0	87.229676
5516.0	3.0	99.45954499999999	12.747677000000001	64.32418100000001	92.539728	0.34727399999999997	0.664425	0.474274	0.9951479999999999	8.471152	3.0	68.991045	17.062952	6.0	0.017817	0.503972	3.0	73.683426	1.364529	1.0	45.494446	17.50035	2.0	77.349992	1.541986	6.0	83.577961	16.129345999999998	4.0	44.653415	19.450157	3.0	93.57941	18.362969	2.0	33.945415999999994
5532.0	3.0	82.798843	12.884066	49.043442999999996	66.531632	0.590021	0.559888	0.225123	0.817867	22.024417	4.0	63.240676	14.648759	2.0	0.013807	5.310752	6.0	8.010216999999999	3.6109519999999997	4.0	19.32349	17.937813000000002	5.0	44.725161	8.468621	3.0	71.840029	21.299933	6.0	38.813921	3.3261550000000004	3.0	75.799011	15.136318	6.0	83.34100699999999
5555.0	3.0	45.523065	10.568163	57.542046	13.343623000000001	0.928176	0.7222569999999999	0.816022	0.38595	1.578087	3.0	82.08511700000001	6.897193	4.0	0.091792	4.0239910000000005	6.0	19.273538000000002	5.6301309999999996	2.0	82.74056	14.454358	1.0	67.858074	21.632594	1.0	14.682433999999999	1.475559	2.0	71.186268	12.717386	5.0	74.785845	16.613706	1.0	23.632951000000002
5602.0	3.0	6.402006	6.1776919999999995	64.480328	40.271781	0.132926	0.955778	0.978547	0.26666	1.381888	6.0	68.64115799999999	13.701269	5.0	0.01286	2.1828060000000002	2.0	91.04691	3.975333	1.0	76.320099	4.800077	1.0	5.598707	19.990341	5.0	61.539499	6.229669	3.0	29.81048	2.4247080000000003	2.0	53.48840500000001	18.312228	2.0	8.933614
5655.0	3.0	40.899229999999996	3.1147419999999997	70.678712	70.077539	0.625495	0.465343	0.9165540000000001	0.912048	2.224939	3.0	82.372574	25.046954	1.0	0.012831	2.72525	4.0	34.347424	0.7341489999999999	6.0	99.768588	15.582448000000001	5.0	7.103915	5.4798230000000006	5.0	88.32861	11.803728	1.0	73.055617	21.929463000000002	1.0	31.498924	10.534165	1.0	50.794745
5657.0	3.0	47.145362	16.968211	7.820325	26.943494	0.5686100000000001	0.652032	0.25710500000000003	0.7333029999999999	7.8474770000000005	4.0	81.861929	8.961853999999999	5.0	0.020607	1.630681	1.0	61.93119300000001	4.269979	1.0	37.330662	22.084416	1.0	70.330652	10.959525	5.0	13.743220999999998	7.833345	3.0	21.869689	0.7565609999999999	5.0	37.470673	6.1301440000000005	3.0	28.326189000000003
5764.0	3.0	72.349275	4.859735	69.922097	36.850719	0.671794	0.345547	0.805945	0.9612870000000001	22.032835000000002	3.0	68.90845999999999	20.113945	2.0	0.04387	0.6661600000000001	4.0	14.918760999999998	2.024922	2.0	34.858489	7.875732000000001	3.0	41.235357	24.641717	4.0	52.935839	16.714006	3.0	64.973213	5.286514	5.0	66.555844	8.838626	3.0	41.349305
5921.0	3.0	76.591812	39.455273	72.354794	40.497111	0.11776700000000001	0.938688	0.421343	0.160965	15.87568	4.0	39.112183	11.897381	5.0	0.026226	3.152732	6.0	25.394365	0.15398599999999998	3.0	21.439837	22.085897	2.0	92.149976	13.614007	4.0	81.466774	21.191322	6.0	77.779803	7.547913	5.0	63.022194999999996	16.268295000000002	5.0	39.672313
6023.0	3.0	9.720873	15.210586	70.427231	97.527185	0.471765	0.743432	0.8734129999999999	0.518613	4.763488	1.0	41.216615000000004	1.227416	3.0	0.031231000000000002	0.197171	5.0	94.889251	4.588051	1.0	57.612069999999996	20.521152999999998	2.0	62.57333199999999	24.231955	6.0	25.67493	1.570767	3.0	13.486809	13.762929999999999	3.0	86.495866	4.132204	5.0	92.962267
6038.0	3.0	99.173335	3.887883	24.244873000000002	62.453823	0.369606	0.549795	0.9442870000000001	0.7978350000000001	6.076154	3.0	72.79692800000001	14.496416	5.0	0.010392	0.974234	1.0	45.943807	2.9680009999999997	3.0	16.939292000000002	4.551575	4.0	42.369321	12.995922	3.0	49.960537	3.6197839999999997	3.0	12.752116000000001	3.066848	3.0	10.222107000000001	0.773675	4.0	77.419921
6042.0	3.0	1.694432	5.349662	3.2288650000000003	83.610285	0.847849	0.349489	0.112701	0.28741500000000003	3.270548	2.0	71.95766	20.246944	3.0	0.535675	1.771986	2.0	76.708073	3.188278	4.0	4.476667	12.315799	6.0	15.310063000000001	13.197220000000002	4.0	34.287698999999996	7.612280999999999	5.0	89.73911700000001	3.650607	1.0	70.448803	3.5771629999999996	3.0	85.697198
6065.0	3.0	1.676626	76.28665	35.420086	66.67205899999999	0.8810540000000001	0.9245059999999999	0.753265	0.525125	11.182021	5.0	3.065537	23.796201	2.0	0.012643000000000001	5.93936	6.0	75.267178	1.484173	4.0	83.61118499999999	5.073526	2.0	33.414524	5.986925	6.0	34.517107	11.502785000000001	5.0	66.79741800000001	9.148274	1.0	95.66359	1.636188	5.0	80.082773
6163.0	3.0	93.779302	10.324015	17.090161	86.35233199999999	0.691809	0.998165	0.47934399999999994	0.41803500000000005	12.043386	1.0	70.487859	5.7741690000000006	4.0	0.030101	1.025047	5.0	30.381312	3.2931760000000003	1.0	53.857611	18.699119	5.0	80.179549	22.829846	1.0	7.072603	6.04324	5.0	80.297107	17.828366	1.0	84.050368	13.002482	2.0	45.075520000000004
6165.0	3.0	39.125333000000005	8.827517	48.201463000000004	81.890722	0.72843	0.8544200000000001	0.5320189999999999	0.405114	19.664369	1.0	29.38365	11.829074	6.0	0.014928	1.859792	5.0	4.44259	2.05896	5.0	40.504221	8.808492999999999	2.0	37.056762	11.320932	5.0	64.175224	17.850578	5.0	30.566371000000004	18.999361999999998	3.0	73.87796800000001	1.206497	4.0	87.418463
6206.0	3.0	89.718977	31.8292	76.86246899999999	13.333285	0.664946	0.7922359999999999	0.8469690000000001	0.652738	0.8045939999999999	4.0	32.120090000000005	6.318098	2.0	0.014152000000000001	3.2768269999999995	4.0	33.323188	3.043101	1.0	67.085914	21.751732	2.0	19.504158	22.632678	6.0	86.219584	1.805848	3.0	4.215422	6.8566199999999995	4.0	67.907911	11.697567	5.0	93.836901
6290.0	3.0	3.1910279999999998	60.430296999999996	22.359973	81.85013000000001	0.448304	0.523261	0.752575	0.538141	4.847293	5.0	66.765845	18.446931	3.0	0.011276000000000001	6.186030000000001	4.0	68.05324300000001	1.892398	2.0	69.921779	2.710287	2.0	55.067747999999995	16.622198	5.0	25.68685	0.40367800000000004	6.0	80.28272	11.14702	6.0	76.21583100000001	1.7966389999999999	1.0	33.933328
6336.0	3.0	5.410866	20.616201	37.920455	65.32059100000001	0.460984	0.799239	0.10666400000000001	0.197884	21.65082	4.0	7.399017	11.49575	3.0	0.013716999999999998	0.490935	4.0	29.378953999999997	2.5081599999999997	5.0	19.437410999999997	13.903462	6.0	48.068826	4.021786	1.0	32.118584999999996	6.9830179999999995	4.0	70.660226	20.357029	3.0	24.668332999999997	19.108825	3.0	88.937569
6347.0	3.0	18.747995	7.45768	49.165344	63.985231000000006	0.510517	0.975941	0.473793	0.677824	0.6360439999999999	5.0	58.435217	17.74602	4.0	0.052167	0.339513	6.0	99.99605600000001	0.48857399999999995	5.0	85.431168	19.737607999999998	6.0	19.118202	17.844188	2.0	73.32632	18.529819	2.0	9.822532	7.381639	5.0	81.663161	11.241584	6.0	23.415706
6394.0	3.0	88.233594	4.995446	71.290437	49.276593	0.335892	0.73117	0.583796	0.770096	7.100499	2.0	75.93574100000001	0.9879979999999999	1.0	0.017603999999999998	0.815828	6.0	64.37374200000001	5.513133	6.0	91.166329	9.562786000000001	4.0	13.980984	21.798007000000002	6.0	48.218927	6.944686999999999	4.0	64.901866	14.208042	4.0	65.209287	16.273563	5.0	22.66779
6408.0	3.0	42.733691	2.104924	78.795508	70.841459	0.346918	0.406415	0.677182	0.428777	4.74255	2.0	21.446967	16.444423999999998	2.0	0.046485000000000005	3.0211900000000003	2.0	19.140975	2.618341	6.0	60.055273	9.127202	1.0	60.8755	22.533751000000002	4.0	88.627363	6.857778999999999	6.0	94.226607	17.192199	6.0	8.022809	20.881982	6.0	70.569022
6588.0	3.0	35.087487	3.322507	23.563892000000003	84.81559399999999	0.561912	0.83716	0.43070200000000003	0.726043	6.619235000000001	5.0	11.076064	19.394596	5.0	0.021684000000000002	1.914379	4.0	77.89273	5.1293370000000005	6.0	68.400313	16.68176	5.0	16.93441	7.053535000000001	1.0	82.598259	14.053367999999999	6.0	98.080834	10.214696	2.0	81.678076	6.851185000000001	6.0	95.223476
6621.0	3.0	65.46719499999999	2.577609	64.576146	55.080307999999995	0.304661	0.152642	0.9027719999999999	0.397314	20.393097	6.0	31.636162	13.827245000000001	3.0	0.03073	3.1080810000000003	2.0	27.141934999999997	1.7266169999999998	5.0	7.901959	13.197323	5.0	42.779732	5.048216	4.0	90.339084	0.293186	5.0	69.38584200000001	10.461497999999999	2.0	62.83265	17.167722	6.0	76.163696
6629.0	3.0	57.351135	70.730264	30.799629	83.440226	0.56543	0.7754840000000001	0.524034	0.31062199999999995	4.94319	2.0	89.751714	0.584064	6.0	0.010795	2.222325	6.0	52.377534000000004	3.450807	5.0	26.974375	16.900514	6.0	80.752961	18.062289	5.0	39.191629999999996	10.170455	2.0	27.239390000000004	14.632735	1.0	55.3447	1.848502	5.0	14.345142000000001
6675.0	3.0	43.214399	4.116681	10.143291	95.232708	0.352825	0.28580700000000003	0.552182	0.500233	7.377241000000001	5.0	79.50961600000001	7.437336999999999	5.0	0.058391	5.367794	2.0	89.92366	5.481601	6.0	50.974195	19.235196	6.0	85.79354000000001	7.518167999999999	2.0	39.412504	5.241994	2.0	39.515833	11.335646	2.0	29.711277000000003	2.679162	2.0	31.429448999999998
6731.0	3.0	84.00653199999999	2.715375	57.814028	54.386793000000004	0.754256	0.811954	0.6049140000000001	0.6885939999999999	10.494913	2.0	6.738767	13.043596	3.0	0.014371	2.565877	4.0	37.300781	1.5044620000000002	6.0	68.102928	22.917809	4.0	8.599967999999999	25.077394	1.0	52.844352	23.064115	2.0	74.55117800000001	18.578538	3.0	33.632459000000004	16.871624	5.0	32.212783
6836.0	3.0	59.76368299999999	4.613799	93.675289	73.65286800000001	0.9497059999999999	0.336273	0.221531	0.539525	13.598994	5.0	60.8997	18.836001	6.0	0.041535	2.393296	1.0	87.605938	1.396819	3.0	60.424783	23.106823000000002	4.0	40.696845	23.626106	3.0	34.077031	20.594585000000002	3.0	94.398383	22.651244000000002	2.0	55.403749	1.267362	3.0	54.001087
7217.0	3.0	26.489562	1.19021	49.075047	55.65940500000001	0.26366300000000004	0.667543	0.44984399999999997	0.829109	8.389746	2.0	12.568008	23.238879	5.0	0.023819	2.559082	6.0	88.028786	4.818544999999999	5.0	95.427284	7.839019	6.0	33.58121	7.8674479999999996	4.0	76.905549	0.851666	5.0	4.643644999999999	12.986355	1.0	90.27450999999999	5.141648	1.0	62.606466000000005
7225.0	3.0	1.905872	68.749901	86.798474	35.666299	0.56488	0.184596	0.5510430000000001	0.141433	0.8317540000000001	4.0	46.364309999999996	16.435841	4.0	0.070602	2.36747	2.0	37.989909000000004	5.733382	5.0	33.64719	17.127839	1.0	18.406893	6.909167	5.0	22.447578	3.306571	2.0	49.859643	21.347842	1.0	61.230498	17.692404999999997	4.0	57.860375
7281.0	3.0	49.555626000000004	83.749449	93.987601	34.432755	0.624279	0.30998200000000004	0.595788	0.891308	2.223589	6.0	50.582315	4.73125	5.0	0.019196	4.868321	6.0	49.556573	3.873332	5.0	81.83932	17.081853	4.0	15.117642000000002	3.045744	5.0	35.133733	21.013112	5.0	39.041414	3.878371	4.0	14.171672000000001	0.41443	4.0	47.802415
7303.0	3.0	65.97924499999999	7.538411999999999	27.8056	98.309048	0.273462	0.18594000000000002	0.652383	0.476192	8.360807000000001	3.0	99.374033	11.027269	5.0	0.034168000000000004	0.9181959999999999	5.0	60.125391	2.069763	5.0	48.737080999999996	23.035549	2.0	53.081582999999995	5.101662999999999	5.0	60.874966	10.28938	5.0	11.165996	14.043698000000001	6.0	75.019986	8.203467999999999	3.0	25.6014
7323.0	3.0	76.031006	4.0988940000000005	24.505201	32.469615999999995	0.13323	0.9560489999999999	0.281332	0.44210299999999997	11.81834	6.0	87.448033	0.503865	4.0	0.027205	0.95204	6.0	44.156197999999996	0.581262	2.0	9.510942	11.233068	2.0	18.164445999999998	21.447978	2.0	68.273432	20.887925	6.0	9.203536	10.968634	3.0	49.813185	20.952139000000003	2.0	77.218959
7407.0	3.0	22.852173	9.892980999999999	98.474357	86.572587	0.24335500000000002	0.731471	0.571545	0.371685	22.277082999999998	6.0	36.403448	3.133416	6.0	0.010484	0.849391	4.0	57.784856999999995	0.909099	2.0	66.191182	10.668092999999999	5.0	85.292101	13.380097	1.0	95.687493	23.662816	4.0	66.687174	15.153374	2.0	30.361520000000002	17.140677	3.0	15.696133999999999
7429.0	3.0	23.63299	11.413013000000001	73.06748	46.514508	0.894509	0.9941459999999999	0.879985	0.230548	17.74549	4.0	39.895615	4.3328	4.0	0.16799	0.43871099999999996	2.0	66.873987	2.967658	3.0	9.153773	13.502457999999999	1.0	34.800084999999996	8.227345	3.0	91.42989	23.717663	3.0	20.993041	7.762198	3.0	88.243208	6.883236999999999	3.0	39.73608
7470.0	3.0	63.381422	14.677610999999999	38.843794	82.611078	0.567901	0.9725219999999999	0.145801	0.901835	13.361523000000002	1.0	16.614378	11.484928	5.0	0.031276	4.128092	5.0	84.08331899999999	3.4879800000000003	2.0	28.093571	14.4143	1.0	82.850788	16.025667000000002	3.0	64.054769	8.534841	4.0	17.445370999999998	13.872914000000002	3.0	1.551799	10.356119	3.0	74.327251
7490.0	3.0	92.750152	4.53215	35.24123	71.20702	0.42306400000000005	0.5495899999999999	0.45478	0.5311359999999999	22.815693	1.0	24.149051999999998	9.783998	3.0	0.010154	1.914506	5.0	18.742859	2.059959	4.0	32.792189	7.621535000000001	1.0	69.538715	3.7199739999999997	1.0	51.071014	10.215242	5.0	25.879063000000002	23.21631	4.0	38.092365	8.398636	3.0	94.74956999999999
7534.0	3.0	7.013717	44.926551	87.7611	88.849453	0.244631	0.33115900000000004	0.547461	0.479473	21.53567	6.0	11.147768	25.278781	3.0	0.024184999999999998	0.859676	4.0	88.74962	3.207135	5.0	77.73633000000001	23.671889	3.0	45.503257	22.603351	5.0	88.281356	7.793608	5.0	13.448806	6.19262	2.0	9.196919	8.084214	6.0	14.295592999999998
7535.0	3.0	91.401039	20.121339000000003	28.959899	46.086564	0.5483979999999999	0.708092	0.604106	0.547291	5.176231	3.0	14.620153	1.528404	5.0	0.023344	5.20641	4.0	42.027764000000005	4.3895	4.0	6.53032	12.788361	5.0	28.100489000000003	8.228067	1.0	2.925166	15.487276000000001	3.0	12.708091	6.066951	5.0	47.494318	11.466489	5.0	2.801593
7564.0	3.0	48.76338	33.731770000000004	53.382208	13.014047999999999	0.698663	0.9653450000000001	0.605318	0.108931	10.977304	3.0	16.357979999999998	2.7244099999999998	3.0	0.012278	1.577558	4.0	93.151207	1.898434	3.0	81.86372	20.473677	4.0	36.7899	13.345144	1.0	82.244548	11.800233	1.0	58.959019	15.009331	6.0	36.690123	14.260871	3.0	7.747698
7577.0	3.0	71.438172	6.381571	57.907717000000005	96.616967	0.7270989999999999	0.473887	0.815542	0.6559119999999999	16.850285999999997	5.0	30.102752000000002	6.434537000000001	4.0	0.028508	4.773573000000001	5.0	7.951549000000001	3.627961	5.0	25.214772	7.027131	4.0	67.798215	8.601741	5.0	76.653559	16.406639000000002	3.0	11.502347	13.556341	3.0	39.428913	1.284602	5.0	44.498903000000006
7596.0	3.0	57.095838	27.603913000000002	88.01378299999999	68.942624	0.831664	0.8825040000000001	0.445667	0.421213	4.407873	3.0	93.504628	10.436551	4.0	0.014375	0.234352	4.0	39.164239	4.118314	4.0	20.25277	18.560679999999998	4.0	79.60814	18.678706	3.0	60.632957999999995	1.457362	2.0	29.234016999999998	12.623437	3.0	51.171471999999994	15.440114000000001	3.0	25.494522
7716.0	3.0	23.580429000000002	6.577101	77.445584	94.343913	0.31835399999999997	0.51466	0.97816	0.867501	1.197449	3.0	19.155228	1.832496	5.0	0.010806999999999999	4.7175400000000005	4.0	28.260128	3.272211	4.0	26.866515999999997	18.196759	2.0	25.752184	0.904035	2.0	20.924618	15.915126999999998	3.0	92.52923	20.597502	2.0	4.976386	4.894686	5.0	29.052675
7817.0	3.0	46.813677	4.903982	23.045868	42.039924	0.6365109999999999	0.700425	0.233221	0.9966969999999999	15.208739999999999	6.0	63.149407	1.7262970000000002	3.0	0.016274	4.403588	2.0	28.805246999999998	3.026382	6.0	24.001772	17.737413	3.0	13.376883	4.900335	4.0	13.776164999999999	4.480263	6.0	44.982132	6.37582	4.0	65.569361	17.242467	6.0	86.366798
7827.0	3.0	66.971661	6.0659730000000005	55.025794999999995	21.384488	0.736721	0.447333	0.573915	0.504525	4.081882	3.0	19.299048000000003	7.019	2.0	0.047341	0.592651	3.0	67.809022	2.217723	2.0	17.066993	8.84833	4.0	32.124864	22.390098000000002	2.0	39.572075	21.928001000000002	5.0	24.016047	23.504816	6.0	98.212661	21.979786999999998	3.0	58.912991000000005
7993.0	3.0	79.91338499999999	14.558678	96.588045	33.932066	0.8609540000000001	0.788166	0.269581	0.31411100000000003	3.190399	6.0	15.705192000000002	8.955734	2.0	0.011763	0.686249	4.0	97.06505	5.527812	2.0	83.754335	19.126084	5.0	90.19645899999999	7.41348	3.0	54.718853	23.425813	6.0	13.108866	22.358498	1.0	75.649659	10.941616999999999	3.0	31.847308
8002.0	3.0	20.962385	2.150575	58.280632	43.034392	0.258154	0.922682	0.47876499999999994	0.607425	16.698133	6.0	28.900338	6.935574000000001	6.0	0.010685	0.7008979999999999	3.0	55.323221	0.07148600000000001	1.0	3.6089860000000002	11.692397	4.0	91.484624	7.808496000000001	4.0	80.865215	22.571348	4.0	35.081881	14.228210999999998	6.0	64.822508	13.700778	6.0	73.6793
8016.0	3.0	1.414932	20.853914000000003	47.936388	95.88802	0.301275	0.542501	0.932681	0.759382	21.070621	4.0	33.939965	8.682452	2.0	0.025512	3.8483199999999997	5.0	37.302558000000005	0.41453999999999996	3.0	74.255788	9.110725	1.0	53.299471	15.942870000000001	1.0	12.295566	1.667071	5.0	31.31805	22.377807999999998	1.0	64.01639300000001	24.607997	4.0	66.70071999999999
8078.0	3.0	55.639661	7.010467	81.754069	88.781766	0.559064	0.8297709999999999	0.662678	0.18214	17.336851	1.0	59.62925	12.712826	4.0	0.060292	1.873643	5.0	23.633044	1.148562	3.0	27.582698999999998	23.047235999999998	5.0	33.450379999999996	13.109992000000002	4.0	39.65847	9.587649	5.0	44.734802	18.61361	4.0	35.076452	2.537311	6.0	68.195192
8147.0	3.0	96.785306	13.463019000000001	72.68092299999999	43.599470000000004	0.8747159999999999	0.351065	0.642031	0.6673140000000001	20.811011999999998	5.0	75.182288	17.698329	3.0	0.011567000000000001	3.509347	1.0	71.565454	4.825781	4.0	83.662211	22.317353	4.0	32.478382	12.118	3.0	81.27252	22.074144	6.0	50.126922	9.48785	1.0	1.7194099999999999	20.887755	5.0	13.959991
8182.0	3.0	53.045241000000004	8.994917	69.808453	50.932787	0.3283	0.808642	0.7288060000000001	0.9547889999999999	1.53655	6.0	12.165939999999999	0.378705	4.0	0.014275999999999999	4.180556	5.0	35.976842	2.7525939999999998	2.0	49.079366	16.590682	3.0	94.06408499999999	1.788209	5.0	33.371752	5.660616	2.0	82.853696	18.786914000000003	5.0	44.113526	16.405697	2.0	5.717579
8409.0	3.0	41.664608	10.59175	16.743156	50.137452	0.20537399999999997	0.724476	0.351233	0.5905130000000001	2.4159330000000003	3.0	71.471252	17.551331	3.0	0.028376	0.45105	3.0	80.941638	4.484833999999999	4.0	8.259926	21.70376	4.0	60.386286	16.13133	4.0	9.935661999999999	18.256028	4.0	28.120040000000003	22.965832000000002	4.0	5.44191	12.41852	3.0	64.090303
8420.0	3.0	49.964876000000004	22.747812	84.385427	64.60499200000001	0.7659560000000001	0.953124	0.9629340000000001	0.5819989999999999	20.453235999999997	2.0	25.510210999999998	12.638897	1.0	0.012597	1.17318	3.0	70.22765600000001	2.8443490000000002	1.0	72.888832	22.668751	2.0	48.685814	2.556618	2.0	89.340965	18.679848	1.0	46.578247999999995	7.636774000000001	2.0	89.406244	14.941182000000001	2.0	47.9187
8454.0	3.0	5.131858	30.789103000000004	58.896186	70.993199	0.983174	0.789833	0.289247	0.75554	5.138614	2.0	6.875986	14.35534	6.0	0.049551	1.698119	2.0	33.884931	5.570714	1.0	61.986839	19.149875	4.0	8.939793	25.392989	3.0	55.272434999999994	1.963757	5.0	74.369451	14.923835999999998	2.0	60.94217	3.576276	2.0	86.69363100000001
8488.0	3.0	3.431679	30.577887	94.83736400000001	78.042615	0.429457	0.5071720000000001	0.409026	0.448033	19.437398	2.0	94.562232	22.347524	4.0	0.194419	4.4769309999999995	1.0	66.841951	5.281614	5.0	45.783186	9.18416	6.0	3.74945	15.540878	1.0	77.98057800000001	21.062949	6.0	72.140179	0.488187	1.0	52.559491	19.718072	2.0	79.285878
8571.0	3.0	80.689929	12.815565	46.002476	44.412393	0.69247	0.663583	0.203468	0.17291199999999998	15.993328	1.0	7.399823	11.508065	5.0	0.012519	3.557405	6.0	56.695640000000004	2.271976	3.0	94.58825300000001	23.868366	3.0	13.871681	18.61261	2.0	82.304517	8.847224	4.0	16.81767	17.988975	2.0	19.204085	2.757835	5.0	63.246370999999996
8609.0	3.0	66.677021	10.438521000000001	29.435712	41.688038	0.621186	0.9608540000000001	0.213155	0.684146	14.709696	6.0	60.966164	3.7892069999999998	3.0	0.055904999999999996	0.8957959999999999	5.0	76.635001	1.924423	3.0	13.061363	8.681586	4.0	59.922484999999995	9.169684	5.0	40.930462	8.904955000000001	3.0	88.846176	8.794532	3.0	16.596866000000002	10.476065	6.0	60.187234
8611.0	3.0	94.247555	4.535632	26.850614	21.11904	0.62725	0.306423	0.538129	0.413833	20.745642	4.0	88.684911	11.760352000000001	5.0	0.01166	4.543319	4.0	59.844226	1.158654	1.0	16.396043	20.780032000000002	4.0	46.616851000000004	15.381922	2.0	26.960075	0.674593	6.0	67.75599799999999	6.4138269999999995	4.0	56.603719999999996	3.936874	1.0	30.788294
8744.0	3.0	19.618762	3.886969	43.605812	43.857186999999996	0.297732	0.294557	0.218662	0.3876	1.432134	1.0	55.769378	19.727204	1.0	0.010605	1.733255	4.0	63.214842000000004	0.679948	3.0	27.804845	23.198017999999998	5.0	35.675739	12.045803999999999	4.0	50.596415	16.818962	3.0	43.603204	7.866484	1.0	19.761359	20.355925	1.0	18.000314000000003
8825.0	3.0	17.595868	16.545642	51.893190999999995	16.482767000000003	0.556258	0.7954319999999999	0.744648	0.935124	5.487468	3.0	15.282048000000001	2.205526	5.0	0.035587	0.337919	4.0	71.494958	2.568823	4.0	20.58023	16.687216	4.0	83.599552	1.680937	6.0	42.177627	18.441959	6.0	97.282844	8.084761	2.0	89.815733	13.341128	1.0	91.248834
8880.0	3.0	96.089075	21.655974	75.31869499999999	97.415091	0.777963	0.7777930000000001	0.529924	0.345223	16.349570999999997	3.0	76.25086	6.670249	5.0	0.061805	2.5242150000000003	5.0	3.401007	3.7827910000000005	2.0	71.081767	22.107192	2.0	80.942885	12.296502	5.0	71.79440699999999	4.462811	1.0	61.142386	22.162733	4.0	95.037313	0.41671800000000003	4.0	65.008324
8926.0	3.0	94.290217	4.073352	83.140817	97.313613	0.5892569999999999	0.556767	0.305103	0.722723	18.270604000000002	6.0	41.4733	20.167832	2.0	0.045656	3.27374	4.0	55.364863	4.436158	5.0	75.784609	22.214433	6.0	26.408647	5.717095	6.0	51.382678999999996	3.157363	5.0	38.091695	15.913038	4.0	62.415887	23.827517	3.0	72.298585
8944.0	3.0	38.150271000000004	6.226395	44.433659999999996	52.519251000000004	0.315492	0.901365	0.9010819999999999	0.612917	17.445144	5.0	92.09747800000001	24.442439999999998	1.0	0.022448	4.721334	2.0	41.512019	4.491746	6.0	12.161755	7.0486059999999995	3.0	40.937971999999995	7.569394	3.0	78.534252	10.911745	4.0	21.818445999999998	4.369280000000001	2.0	16.382975	3.9302550000000003	6.0	42.672732
8996.0	3.0	35.767271	8.059356	74.339052	38.039088	0.348905	0.947557	0.807426	0.562163	7.102286	4.0	77.646956	2.162556	3.0	0.016485	3.222755	2.0	78.10171700000001	1.26449	1.0	8.902382000000001	16.536987	2.0	55.983123	9.112229	2.0	14.617392	6.656453999999999	6.0	42.190637	1.516034	3.0	63.29953100000001	13.827476999999998	4.0	53.87961800000001
9026.0	3.0	53.695303	5.14847	81.492609	56.754227	0.805164	0.42990600000000007	0.21516799999999997	0.505847	8.045575999999999	6.0	65.915697	18.302506	6.0	0.014922	0.725983	5.0	85.622219	5.035804	1.0	42.531594	13.94254	1.0	32.465792	24.920823000000002	4.0	58.661001	1.476321	6.0	11.799942999999999	24.278601000000002	5.0	36.509215999999995	14.061057	3.0	28.614390000000004
9057.0	3.0	16.108315	25.652222000000002	90.81988	92.968478	0.249532	0.919408	0.8322450000000001	0.748991	8.356111	5.0	26.842767	11.977219	3.0	0.010103000000000001	2.8686689999999997	4.0	30.516138	1.177159	6.0	79.567929	18.381491	3.0	19.662746	10.281666	5.0	94.404351	11.944198	5.0	91.080659	1.452015	3.0	26.799483000000002	21.070614000000003	2.0	75.199213
9123.0	3.0	91.65173	18.475363	48.731394	45.871796	0.883056	0.8630469999999999	0.614791	0.587705	3.936671	5.0	10.044143	15.479385	6.0	0.020746	4.929801	6.0	96.837717	4.580767	4.0	54.47505699999999	14.108037	3.0	35.503869	8.447408	2.0	60.593255000000006	21.624457999999997	5.0	47.129690999999994	6.747209	4.0	4.930626	20.607656	6.0	72.357824
9195.0	3.0	96.310497	1.475466	54.101068999999995	85.557182	0.904824	0.933637	0.60531	0.48184899999999997	15.060548999999998	1.0	29.451929999999997	10.470498	6.0	0.065174	0.625164	5.0	40.865646000000005	1.205775	2.0	20.205079	8.9239	3.0	83.98065799999999	11.508694	6.0	40.773964	2.69601	1.0	38.325531	5.848022	3.0	95.692877	23.757254	6.0	61.357878
9205.0	3.0	21.099952	25.717757000000002	40.827875	61.883644999999994	0.897329	0.460632	0.391905	0.121011	12.250866	6.0	98.347561	24.5053	4.0	0.011903	5.053041	1.0	16.572904	1.5187950000000001	2.0	70.499324	11.499065	4.0	45.807089000000005	1.8633540000000002	6.0	97.804179	23.215329999999998	6.0	17.780898999999998	0.407143	2.0	12.814417	5.205807	4.0	86.557805
9226.0	3.0	59.053964	14.889493	34.275625	45.425447999999996	0.48288400000000004	0.400623	0.18565299999999998	0.61744	22.242563	1.0	96.17784	16.807026	2.0	0.108394	1.491196	5.0	4.273649	3.958333	2.0	72.78184	21.522271	4.0	43.035984	14.431164	2.0	29.059372999999997	18.220482	3.0	60.614006	4.068937	5.0	68.489104	2.563713	4.0	84.84744599999999
9275.0	3.0	39.761635	20.562081	63.503623	50.866526	0.871315	0.672305	0.688569	0.156998	9.9875	2.0	3.0350509999999997	14.102651999999999	3.0	0.013163999999999999	5.7164779999999995	5.0	84.348326	5.717862	3.0	82.124976	20.171597	6.0	45.456369	22.750566	2.0	73.013475	17.777047	1.0	94.817109	9.745211	1.0	57.833327000000004	23.414244	1.0	89.13386
9405.0	3.0	34.172591	3.025702	77.05346999999999	44.034748	0.5923729999999999	0.69263	0.942425	0.686232	11.055746000000001	6.0	6.219861	11.693727	4.0	0.016261	5.115401	4.0	89.019595	6.127292	3.0	11.561416	18.674923	4.0	60.85355799999999	17.113941	2.0	68.664438	11.314488	2.0	61.09543000000001	9.471148	3.0	82.24773499999999	23.404478	3.0	31.965958
9418.0	3.0	21.130181	6.4647190000000005	79.423749	38.884958000000005	0.437978	0.755753	0.589059	0.191896	19.829731	5.0	93.87644499999999	5.335148	2.0	0.059290999999999996	1.562775	4.0	89.592505	1.062455	1.0	16.073693	21.380452	2.0	82.10090799999999	8.836625999999999	2.0	81.814539	18.429167	6.0	72.751312	22.472203	3.0	13.269338000000001	0.992251	6.0	81.909669
9471.0	3.0	68.673903	14.810753	91.580268	99.416168	0.614086	0.6334529999999999	0.9980979999999999	0.673874	12.398607	5.0	46.918879	4.334147	3.0	0.019188	0.9641379999999999	3.0	80.070422	4.322846	1.0	98.050554	14.296026000000001	5.0	63.8854	5.063096	5.0	33.197059	19.727039	5.0	94.932695	2.323706	4.0	77.052459	13.769820999999999	2.0	81.42111
9550.0	3.0	27.965934000000004	4.40564	87.296254	85.162589	0.14058299999999999	0.6136659999999999	0.331573	0.133508	7.733513	2.0	10.560092	1.345497	6.0	0.011518	1.484406	4.0	62.412847	3.816908	4.0	54.937810999999996	14.627970000000001	1.0	86.787314	16.782252	2.0	72.237239	0.67529	2.0	18.565281	17.435075	4.0	73.253063	18.694087	2.0	20.092089
9552.0	3.0	71.521877	21.366054000000002	92.38897	61.098686	0.11096800000000001	0.596828	0.9368120000000001	0.312676	13.993184	3.0	56.81075799999999	0.7493529999999999	1.0	0.020683	4.620095	1.0	27.042358	0.09215599999999999	4.0	55.958012	23.352222	5.0	69.200502	9.227198	6.0	90.190848	9.987344	5.0	55.172385	0.8576879999999999	6.0	99.30981899999999	6.5542050000000005	2.0	18.457525
9608.0	3.0	63.463595999999995	8.810567	61.665025	47.64306	0.606809	0.5888399999999999	0.47838	0.502314	17.680749	4.0	90.368622	7.828755999999999	2.0	0.022262	6.183154	2.0	37.432124	0.854621	4.0	41.057083	10.305403	6.0	84.487572	9.083694	5.0	91.643517	0.350088	5.0	42.273790999999996	20.970088	4.0	59.767413	7.6811490000000004	1.0	59.65789
9628.0	3.0	18.639779	55.951772999999996	33.481879	88.733802	0.847817	0.37853000000000003	0.981923	0.16204100000000002	23.769856	5.0	59.842259	18.155009	5.0	0.042426	4.196344	4.0	24.588759	4.503414	4.0	55.284380000000006	9.488099	6.0	57.44655899999999	18.019151	6.0	62.720379	13.634468	1.0	5.10826	2.2164759999999997	4.0	79.983299	3.487512	3.0	85.409184
9632.0	3.0	60.042848	11.62899	43.968209	87.622434	0.12048699999999998	0.684656	0.71977	0.223869	3.797884	5.0	46.075753000000006	0.804671	3.0	0.010435999999999999	0.926112	6.0	28.917754	2.4134729999999998	2.0	47.358416	19.044832999999997	1.0	93.036884	24.174626	5.0	11.884298	19.290244	5.0	19.438825	3.072355	5.0	94.659488	19.722946	3.0	39.207260999999995
9678.0	3.0	14.110717000000001	2.398348	77.36889000000001	31.127863	0.258033	0.5595140000000001	0.603267	0.174413	3.520831	4.0	64.093039	4.335783	3.0	0.024678	2.950354	6.0	38.160627000000005	0.497442	4.0	43.881893	18.293415	4.0	76.210725	5.758069	2.0	41.199425	14.313991	5.0	31.585287	4.3711400000000005	6.0	48.587378	16.68672	4.0	97.47766899999999
9776.0	3.0	77.777191	3.604834	59.018526	14.021948000000002	0.6417609999999999	0.854992	0.146648	0.8439610000000001	13.151707	5.0	74.480262	10.789072	4.0	0.022252	0.516832	2.0	31.866822999999997	5.919859	3.0	71.86793	12.286703999999999	2.0	53.10323	4.305028	5.0	59.1354	1.395545	6.0	20.689532	24.269493	5.0	11.655184	8.17028	6.0	47.155208
9831.0	3.0	34.842711	2.182259	97.913625	93.82959100000001	0.20942800000000003	0.8214549999999999	0.167514	0.748447	8.597068	5.0	11.195326	2.842822	5.0	0.091899	2.233029	4.0	86.845281	0.599825	3.0	35.819601	0.339528	1.0	46.474447999999995	14.453211999999999	3.0	75.132637	18.10976	1.0	40.368031	21.073829999999997	5.0	37.528114	6.746503999999999	6.0	22.833113
9945.0	3.0	42.777695	2.768943	74.968843	22.050373	0.25027	0.544212	0.637965	0.49062	14.126648000000001	1.0	64.194092	4.025189	5.0	0.304628	4.77878	1.0	38.503476	1.3674	3.0	77.525586	10.997214	1.0	3.41445	15.019132	2.0	97.111138	13.939252	3.0	42.040126	8.917236	5.0	44.167235	4.052929	6.0	97.823514
9947.0	3.0	32.8168	4.931923	36.656428000000005	54.111267000000005	0.41545200000000004	0.940566	0.390716	0.123976	11.839241000000001	2.0	80.917232	10.781646	6.0	0.020041	5.285959	3.0	91.209629	2.5198650000000002	1.0	91.30806	3.6473410000000004	1.0	13.012264	0.34534899999999996	5.0	29.714892	20.009085	3.0	81.33731	22.116020000000002	2.0	11.388873	1.7494029999999998	6.0	78.055959
9952.0	3.0	60.084765000000004	3.4302980000000005	14.713438	11.039869	0.73688	0.251537	0.722136	0.146835	13.08955	3.0	5.5029	6.597899000000001	6.0	0.113104	5.062914	6.0	6.5084	2.188536	1.0	35.523926	10.059928	3.0	41.936662	22.415797	6.0	16.422226000000002	2.3002759999999998	4.0	96.601833	8.956646000000001	5.0	49.938206	12.580089	1.0	70.10829
