185.0	4.0	12.558912	27.489917	94.76424499999999	28.301496000000004	0.344242	0.518041	0.542263	0.584208	0.576104	6.0	71.794001	16.266289	1.0	0.011568	3.3187349999999998	5.0	59.968627000000005	5.277734	6.0	51.842514	22.713731	2.0	31.794361	2.022812	5.0	56.300515000000004	9.669356	4.0	0.14761	0.7288479999999999	6.0	32.937944	0.145821	1.0	29.630337	9.933861	6.0	96.137686
387.0	4.0	27.628603000000002	75.09825500000001	69.06997	53.517554000000004	0.41024099999999997	0.5509229999999999	0.145386	0.27474699999999996	22.298279	3.0	38.957857000000004	18.449502	4.0	0.020302	2.155063	4.0	50.166754	3.119473	6.0	79.141936	11.39587	5.0	99.319471	9.671124	5.0	97.918028	23.512729	6.0	0.188666	3.325425	6.0	3.091855	2.49525	5.0	12.088269	16.268981	5.0	66.257915
391.0	4.0	36.655353000000005	30.645505	64.811104	54.185432999999996	0.25014699999999995	0.36939	0.147046	0.970332	1.214543	1.0	81.50057199999999	25.021376999999998	2.0	0.01132	1.009825	2.0	89.728544	4.055757	5.0	53.825716	11.171828	4.0	65.734063	6.805071000000001	1.0	44.422173	4.815286	4.0	0.010645	1.802083	3.0	44.784997	4.340833	1.0	97.606873	20.544622	4.0	29.139471
630.0	4.0	62.847033999999994	25.724491	98.251003	41.698549	0.20585799999999999	0.404448	0.627654	0.617169	6.152903	1.0	17.18279	24.291832	5.0	0.01516	5.351074	5.0	56.388629	5.770048	1.0	43.747819	11.713005	4.0	46.420223	14.268041	1.0	46.74671	10.038933	2.0	0.019313	2.385687	1.0	75.69044699999999	2.973774	6.0	39.240302	5.176179	6.0	61.424935999999995
835.0	4.0	51.352282	70.022988	86.54422	79.365447	0.618147	0.62375	0.774751	0.559666	9.916432	1.0	33.717896	22.082979	4.0	0.012033	4.818077	2.0	39.843975	1.226642	5.0	20.112357	15.196094	4.0	36.200261	6.322337999999999	4.0	15.053101999999999	19.212931	3.0	0.04855	0.409159	2.0	25.649593	0.627488	5.0	70.359072	15.298910000000001	4.0	82.669944
906.0	4.0	91.166947	64.85948	8.047601	35.895974	0.7245520000000001	0.9448030000000001	0.60054	0.34229299999999996	8.69201	5.0	13.359663000000001	20.411661	3.0	0.010851000000000001	3.3704339999999995	6.0	7.630739999999999	0.294824	6.0	28.27598	16.999139000000003	5.0	79.313641	14.521878	1.0	4.080522	22.198934	3.0	0.015327	1.933884	1.0	99.981699	3.7517730000000005	5.0	64.68963199999999	7.51726	1.0	71.529306
1162.0	4.0	85.38212299999999	22.627886	92.34670899999999	40.888549	0.372108	0.18626600000000001	0.594202	0.803387	5.5905949999999995	6.0	91.102827	11.358349	4.0	0.012067	1.228137	5.0	27.501875	4.429721	4.0	42.223744	20.499098999999998	3.0	37.927645	25.12655	3.0	39.332205	17.125384	3.0	0.03607	1.28948	4.0	6.989576	3.2986199999999997	1.0	31.381833	7.292180999999999	2.0	94.563854
1346.0	4.0	64.875415	73.630511	33.972109	33.33204	0.347746	0.917005	0.714639	0.316697	9.725438	4.0	67.19738199999999	10.742596	6.0	0.010026	0.576763	5.0	90.268403	3.22407	1.0	28.8709	14.288131	5.0	62.890572999999996	1.2623090000000001	4.0	20.521886	4.556627	3.0	0.012731999999999999	0.085576	1.0	12.153555	1.3332760000000001	1.0	22.824289999999998	13.552945000000001	6.0	77.953599
1435.0	4.0	97.378528	7.332725	26.692818	96.838769	0.8602270000000001	0.312793	0.8951680000000001	0.695835	22.192863	6.0	66.144587	17.598558999999998	4.0	0.020858	0.129908	6.0	99.892042	5.257229	2.0	64.272044	2.292457	4.0	90.645545	3.030853	3.0	51.145393	18.453154	5.0	0.013484000000000001	3.27053	2.0	1.5079049999999998	1.2692290000000002	1.0	16.653178	20.790791	4.0	40.202734
1786.0	4.0	10.68839	44.103535	94.322086	10.13742	0.128445	0.7693369999999999	0.10648099999999999	0.520911	1.875832	1.0	29.664789000000003	2.3031029999999997	3.0	0.012205	5.873629	6.0	45.518282	0.676433	2.0	99.88331099999999	12.763494999999999	3.0	51.671799	23.972405	2.0	35.282783	3.558964	3.0	0.02727	2.518555	1.0	61.164196	0.109417	6.0	84.497846	7.757861	4.0	85.009883
1847.0	4.0	97.06485699999999	84.383046	25.931816	46.4573	0.6798850000000001	0.529407	0.217912	0.9248959999999999	10.198146000000001	1.0	22.583067	18.839828	1.0	0.010270999999999999	2.24972	5.0	33.412628999999995	3.3590199999999997	1.0	34.845566999999996	23.221237	5.0	98.35050799999999	2.829415	3.0	6.208554	9.471051	5.0	0.015574000000000001	4.157941	1.0	76.357514	3.659811	3.0	6.873441000000001	18.829618	6.0	13.509521
1950.0	4.0	54.83783100000001	58.84969399999999	81.969176	56.4297	0.8313520000000001	0.875128	0.642876	0.8734270000000001	20.978813	3.0	13.321485000000001	23.73803	2.0	0.011238	4.426294	1.0	70.18615799999999	4.1071	1.0	10.207221	16.882908	5.0	45.345158000000005	8.802321000000001	2.0	37.668240000000004	13.488984	6.0	0.035626	1.426899	1.0	78.490996	4.3085629999999995	6.0	69.878508	18.553059	5.0	34.413299
2590.0	4.0	17.947687	33.363452	72.776494	19.716960999999998	0.121709	0.9719770000000001	0.566109	0.5959939999999999	20.015207999999998	1.0	27.016163	7.8893	3.0	0.057096	1.602735	5.0	62.965258	2.0976939999999997	1.0	76.960373	12.935960000000001	3.0	54.491641	2.958159	5.0	12.436253	11.717725999999999	2.0	0.020952000000000002	5.8990160000000005	1.0	12.137966	5.391968	5.0	66.802534	22.787314000000002	1.0	89.388823
3086.0	4.0	98.378276	77.12500899999999	27.458789000000003	97.94013000000001	0.289419	0.34585	0.9291590000000001	0.41614799999999996	12.023972	3.0	28.972781	2.337264	3.0	0.01619	4.78177	4.0	47.975134000000004	2.5016119999999997	6.0	74.298879	1.114342	5.0	67.88176899999999	18.866478	1.0	59.33462900000001	16.227014	3.0	0.016811000000000003	0.063712	2.0	97.034994	1.8023959999999999	6.0	56.537183999999996	16.641696	5.0	99.257474
3508.0	4.0	67.933753	86.547771	89.333488	51.486136	0.65854	0.40156	0.800817	0.43799899999999997	9.367386	1.0	36.463614	17.823999	1.0	0.010523000000000001	4.068592	3.0	42.00629	2.232811	2.0	28.890852000000002	22.213851000000002	6.0	90.355662	1.308743	4.0	8.041394	9.499626	5.0	0.017327000000000002	5.543463	6.0	2.170256	0.8477549999999999	1.0	11.456661	20.461606	6.0	93.079237
4136.0	4.0	45.943963000000004	23.633155	82.07566	94.417448	0.691948	0.184553	0.160742	0.475292	16.05934	5.0	39.795164	9.08662	2.0	0.032867	0.50565	5.0	30.953625	4.16339	2.0	22.561692	12.369319	3.0	58.731004000000006	23.015167	1.0	15.837641	20.357715	3.0	0.010466	4.055478	5.0	10.532335	4.68078	1.0	84.431195	22.953098999999998	6.0	38.428987
4265.0	4.0	71.00036800000001	22.899713000000002	88.95510999999999	65.249535	0.322288	0.380248	0.952634	0.436046	8.984098	6.0	39.996586	7.139371000000001	1.0	0.012261	0.327823	6.0	62.749738	0.798287	1.0	38.351595	21.720873	5.0	88.64455500000001	0.304644	1.0	15.835063	5.193357	6.0	0.056549	5.847195	4.0	68.411435	0.34213000000000005	4.0	26.237061999999998	25.274363	3.0	37.336106
4389.0	4.0	64.672782	37.809442	88.879186	93.754088	0.323019	0.7825270000000001	0.39221500000000004	0.780911	12.810182000000001	4.0	69.382598	18.582629999999998	6.0	0.012740000000000001	0.505374	3.0	61.109109	3.652479	3.0	86.505075	12.659391000000001	6.0	48.305115	11.009983	5.0	43.495951	1.661656	4.0	0.723294	3.2758529999999997	1.0	74.728254	2.3154779999999997	2.0	9.371348	22.907877	3.0	86.759865
4500.0	4.0	30.637007	24.522045000000002	21.184407	11.581013	0.348341	0.769068	0.5597949999999999	0.173083	3.357504	2.0	19.018867	14.804085999999998	6.0	0.017466	2.839452	3.0	37.463373	2.7646889999999997	2.0	8.600344	1.977691	3.0	59.443952	13.368020000000001	6.0	10.189549000000001	18.067833	6.0	0.409681	2.1957009999999997	1.0	75.313353	1.249568	4.0	22.051861	18.337204	6.0	84.47647099999999
4528.0	4.0	96.63284399999999	68.871509	39.098799	57.065645999999994	0.140925	0.381643	0.312579	0.76893	23.171207	6.0	61.388495999999996	13.774493	4.0	0.268424	5.054767	5.0	29.027046999999996	2.6465229999999997	1.0	8.805357	15.811125	6.0	69.45399	3.643099	6.0	16.998020999999998	19.558118	3.0	0.19401	5.256106	6.0	4.790385	5.89433	1.0	31.293470000000003	21.978497	4.0	18.516685
4552.0	4.0	52.406655	89.736326	71.66628100000001	67.893194	0.24933200000000003	0.9741780000000001	0.581829	0.836304	19.440984	2.0	91.39110600000001	23.88251	5.0	0.018167	0.476763	5.0	15.489510999999998	1.607431	6.0	78.570936	12.590125	3.0	82.92809	2.7282330000000004	1.0	57.955573	7.286503	2.0	0.049086000000000005	1.3439139999999998	3.0	61.168889	0.294352	1.0	22.183476000000002	14.424276999999998	3.0	50.213485999999996
4755.0	4.0	71.20355	23.719082999999998	23.652838	53.359224	0.47818900000000003	0.488907	0.180551	0.8393870000000001	7.429410000000001	4.0	9.033086	2.170181	2.0	0.012631999999999999	3.611188	4.0	64.940995	5.168943	4.0	33.382678000000006	6.448281	4.0	44.806833000000005	12.713414	3.0	85.132234	7.230588000000001	2.0	0.011684	0.232942	4.0	14.118372	4.003978	6.0	53.426275	8.402244999999999	6.0	23.515992999999998
5159.0	4.0	74.093223	22.92274	88.7753	83.280427	0.571249	0.20209000000000002	0.231859	0.495796	23.674089000000002	4.0	56.115759999999995	20.74164	3.0	0.024806	0.719803	5.0	75.286558	5.888854	1.0	79.46861700000001	23.094087	4.0	80.401168	15.960498000000001	4.0	34.111136	13.526192000000002	1.0	0.017122	0.274473	2.0	28.504741999999997	1.589256	2.0	70.811099	8.495752	5.0	83.76586999999999
5350.0	4.0	87.621736	46.891286	33.218601	32.548164	0.570092	0.686006	0.199169	0.860059	15.238178	3.0	37.336672	2.823983	2.0	0.010183	2.287617	5.0	72.85599599999999	5.641015	5.0	58.789524	22.622503	2.0	93.989778	2.1894560000000003	2.0	23.222209	8.640084	6.0	0.012231	5.557946	1.0	68.13247	5.278336	4.0	92.591373	16.191772	5.0	74.68269599999999
5552.0	4.0	46.038958	97.832396	78.42795799999999	44.36248	0.270852	0.659177	0.900819	0.887732	23.240823000000002	6.0	10.021474000000001	14.689036999999999	2.0	0.012624	5.981811	5.0	19.748881	4.644503	4.0	67.418511	6.378448000000001	6.0	77.487264	9.014277	6.0	32.237758	11.032062	4.0	0.026929	0.82765	1.0	91.411227	5.656455	1.0	35.479025	7.970188	2.0	72.45069000000001
5614.0	4.0	52.717898	70.648953	86.38609	31.494317	0.617309	0.761817	0.187996	0.46699300000000005	9.968303	1.0	70.46197	13.343805999999999	4.0	0.011863	0.27432399999999996	5.0	7.60654	3.7806330000000004	5.0	96.20129	0.8818370000000001	2.0	77.092261	9.395064999999999	3.0	85.862247	1.839591	1.0	0.030864	3.26957	5.0	3.045175	2.612619	2.0	55.385132999999996	16.771732999999998	3.0	79.321301
5621.0	4.0	14.675187	57.579747999999995	48.365281	42.079153999999996	0.538886	0.252739	0.185282	0.578879	19.359001	1.0	9.029562	20.568005	3.0	0.09362999999999999	1.4922090000000001	3.0	63.667271	5.636211	1.0	53.790147	13.313766000000001	6.0	51.224396	15.943641	2.0	2.1275009999999996	14.1571	4.0	0.049036	3.8522839999999996	4.0	39.885624	2.071396	6.0	55.114732999999994	11.053594	4.0	86.956571
5715.0	4.0	95.17921	31.81485	43.975559000000004	6.857817	0.8828219999999999	0.719192	0.18017	0.322443	15.611111	5.0	11.118371	5.430052	3.0	0.026754000000000003	2.0093330000000003	5.0	30.675987	0.483191	3.0	61.315084	11.143151	4.0	15.843515	6.569042	5.0	21.908114	11.649224	3.0	0.016492	0.242657	1.0	36.698282	1.530405	3.0	76.99342800000001	11.6046	5.0	73.02452199999999
5846.0	4.0	47.921402	44.777851	38.039133	58.001236999999996	0.313341	0.9493219999999999	0.97714	0.547227	1.560132	2.0	84.01638100000001	23.160987	4.0	0.040223	4.072865	3.0	99.177138	3.650218	2.0	40.343847	15.739082999999999	2.0	52.572086	16.438137	1.0	48.723843	16.438078	4.0	0.025816000000000002	0.17027899999999999	1.0	16.100764	4.802272	1.0	3.036044	19.21868	6.0	87.12558299999999
5999.0	4.0	27.544364	38.660005	5.072178	9.370718	0.319214	0.8670059999999999	0.44390100000000005	0.371873	21.386945	3.0	38.787707	4.528736	4.0	0.011018	3.725515	6.0	69.66373	1.9571	2.0	26.12535	12.722375	2.0	82.087471	13.906735999999999	1.0	1.9627130000000002	5.241028	5.0	0.016649	4.01661	5.0	3.09026	2.615436	5.0	49.787025	8.024363000000001	6.0	61.25683299999999
6011.0	4.0	90.766081	71.061485	33.50913	83.37215400000001	0.935594	0.7000970000000001	0.20754899999999998	0.880717	6.604811	4.0	13.991010000000001	6.093696	6.0	0.031419	2.191248	6.0	79.142193	6.0224470000000005	6.0	43.044519	19.464638	5.0	44.955998	6.972422999999999	1.0	7.723942999999999	3.548957	3.0	0.014075	2.410081	2.0	7.997653999999999	0.436126	1.0	19.748215	17.617136	3.0	96.745338
6235.0	4.0	28.452628999999998	50.574181	25.422504	53.920429000000006	0.399071	0.5415270000000001	0.5766439999999999	0.334883	20.894832	6.0	43.995764	2.548518	4.0	0.035597000000000004	0.310927	3.0	91.27018199999999	1.897541	2.0	8.599592	14.040906	4.0	20.130965	7.593375	4.0	10.58821	15.326188	2.0	0.015199	1.890355	2.0	11.909502999999999	2.896023	2.0	63.89191700000001	21.523827999999998	5.0	86.71207700000001
6365.0	4.0	23.500183	28.452840999999996	99.483391	25.163275	0.989554	0.108775	0.40347	0.642655	22.004191	5.0	96.10568599999999	4.356459	6.0	0.013798	4.140804	5.0	71.272102	0.24014899999999997	5.0	54.553374	5.9805459999999995	2.0	40.413176	1.293131	4.0	79.709401	23.435136	5.0	0.03612	0.920161	1.0	98.871936	3.3042809999999996	6.0	46.979846	8.642182	3.0	39.854884999999996
6420.0	4.0	85.310047	46.138736	85.147154	70.177313	0.38945599999999997	0.393204	0.380079	0.48749	23.488521	1.0	80.027891	15.614951000000001	1.0	0.016218	1.237629	4.0	21.405501	2.380481	3.0	55.850638000000004	23.770197	6.0	96.296042	21.746314	4.0	34.149685999999996	13.016668	4.0	0.01255	2.5425419999999996	1.0	69.437034	0.691262	1.0	69.32999699999999	24.315214	6.0	65.097144
6523.0	4.0	14.96345	21.376994	80.62545899999999	38.055282	0.23625500000000002	0.702094	0.9560299999999999	0.8649540000000001	13.821213	1.0	60.133899	6.4413800000000005	4.0	0.010508	2.099093	3.0	58.920795	2.0753619999999997	2.0	71.67546899999999	7.229533999999999	5.0	23.618397	11.779810000000001	4.0	1.345708	7.163102	5.0	0.014094999999999998	3.865803	5.0	22.123265	1.317239	6.0	26.602077	11.055696000000001	5.0	65.00984100000001
6857.0	4.0	92.62943299999999	16.488577	40.659189000000005	81.848718	0.256918	0.200794	0.9415629999999999	0.379849	18.442985999999998	1.0	74.595986	2.219777	4.0	0.015538999999999999	4.870575	3.0	68.438787	4.730497	5.0	86.19338499999999	23.761778	4.0	76.04191999999999	0.6218279999999999	1.0	77.730595	15.965372	1.0	0.021135	3.4794980000000004	1.0	60.037220999999995	3.952065	1.0	78.902637	13.948472	6.0	96.191233
6968.0	4.0	37.7849	43.954398	63.053886	27.287219	0.42854899999999996	0.94055	0.701327	0.998397	18.639635000000002	1.0	32.200263	5.095125	1.0	0.048010000000000004	0.382285	4.0	76.827952	2.5164150000000003	6.0	63.330332999999996	15.224729	2.0	82.63161099999999	10.500394	1.0	89.819799	2.4268259999999997	6.0	0.024959000000000002	0.32568600000000003	6.0	15.02939	0.400219	2.0	4.262346	12.558867999999999	6.0	70.555426
7157.0	4.0	92.37567800000001	42.919827000000005	73.90946600000001	31.581038	0.5685319999999999	0.776122	0.481605	0.9221889999999999	19.591744	6.0	54.03386	17.163034	6.0	0.04141	1.710841	5.0	43.335451	5.376696	4.0	34.347996	10.131072	4.0	71.65583000000001	17.348699	2.0	2.024848	4.703088	4.0	0.024886000000000002	4.604451999999999	2.0	12.407716	1.9137529999999998	2.0	77.868853	16.987389	2.0	63.543455
7507.0	4.0	49.799954	70.210284	65.459947	69.39101	0.422771	0.851118	0.677958	0.890133	6.6872940000000005	1.0	22.650824	20.869657999999998	1.0	0.028005000000000002	3.1339200000000003	5.0	65.085821	2.281364	4.0	6.901261999999999	20.67716	2.0	64.606041	13.922916	4.0	5.082893	17.060852	2.0	0.021959	0.26261100000000004	3.0	74.065424	4.232975	5.0	3.9165129999999997	22.643512	4.0	84.573035
7595.0	4.0	65.12006099999999	39.123543	79.390275	41.818338	0.8221950000000001	0.7486010000000001	0.13029300000000002	0.7928569999999999	18.693569	1.0	6.458525	1.985012	2.0	0.011012000000000001	3.450168	5.0	50.586890999999994	5.742743	5.0	82.231328	20.067747	3.0	45.55133	5.119022	3.0	18.288638	1.5674139999999999	3.0	0.021079	1.506687	1.0	71.44723499999999	1.570447	6.0	10.238975	15.789473999999998	4.0	71.264616
7663.0	4.0	10.749967999999999	96.677446	96.293868	83.951329	0.8786459999999999	0.47463900000000003	0.918794	0.631008	23.827915	3.0	49.537363	4.947202	6.0	0.010966	5.978105	2.0	72.871962	0.961384	1.0	11.600883999999999	23.088810000000002	5.0	93.449439	2.561906	4.0	28.085508	1.138916	5.0	0.025962	0.308811	1.0	74.00407299999999	4.6247620000000005	5.0	43.756671999999995	6.467887999999999	6.0	93.951734
7858.0	4.0	77.136465	11.551405	95.350364	93.40059699999999	0.407622	0.42818599999999996	0.61669	0.780211	7.018878999999999	4.0	23.575532	2.792097	2.0	0.013231	1.597472	5.0	73.213713	6.037815	2.0	57.311491000000004	12.369349	4.0	60.624679	17.400755	2.0	12.859384	22.073666	6.0	0.06113	3.14384	1.0	25.729668	3.3648160000000003	3.0	70.154178	13.714305	5.0	41.9971
7954.0	4.0	53.51463199999999	33.285653	33.785484000000004	85.130354	0.689932	0.33552	0.372759	0.6548069999999999	11.148016	5.0	97.687141	20.165303	4.0	0.011204	1.393934	4.0	76.93666400000001	0.596639	6.0	85.56140699999999	16.951992	1.0	12.12005	4.753081	1.0	89.018397	17.4719	3.0	0.016793000000000002	5.695844999999999	6.0	17.189002	0.544092	3.0	27.509876000000002	18.193963	6.0	62.67681999999999
8139.0	4.0	35.843109000000005	28.583015000000003	10.654089	54.593157999999995	0.38598299999999997	0.960363	0.131406	0.963543	6.946959	6.0	11.419808	18.194644	2.0	0.010111	0.557845	6.0	41.405457	5.201982	3.0	25.933721	8.897901	6.0	44.963264	15.165847	1.0	16.049643	7.872038000000001	3.0	0.059338	5.176798000000001	1.0	66.54134599999999	2.518513	4.0	44.509655	17.27347	5.0	12.48279
8170.0	4.0	98.865138	29.833439000000002	50.671378999999995	74.683604	0.321339	0.990865	0.41234399999999993	0.47638	13.197071	1.0	53.899232999999995	23.373035	6.0	0.017922999999999998	3.590528	4.0	52.737398	2.5857040000000002	5.0	69.638024	2.660577	6.0	38.508010999999996	20.6828	5.0	81.876447	9.595765	3.0	0.021446	0.13558499999999998	3.0	94.601524	4.319861	3.0	97.159995	14.560307	6.0	20.210816
8184.0	4.0	65.115155	93.99135600000001	97.509861	74.974317	0.377186	0.690388	0.520534	0.568286	21.518484	4.0	25.416919	8.781721000000001	2.0	0.011656999999999999	3.068635	6.0	95.51151999999999	1.242182	4.0	54.3555	10.185130000000001	4.0	85.660119	1.9466880000000002	1.0	69.007044	8.833031	2.0	0.031533	0.773839	5.0	12.256667	3.990969	4.0	19.845961	6.593603999999999	5.0	90.203672
8714.0	4.0	47.227469	22.002492999999998	55.78355500000001	16.240757000000002	0.444395	0.5109130000000001	0.178955	0.730092	14.658144	1.0	5.121176999999999	6.645799	1.0	0.051454999999999994	5.249968	5.0	79.810884	4.217672	4.0	67.720957	13.399498000000001	5.0	25.236445	24.932312	6.0	27.660871000000004	11.602552000000001	2.0	0.025072999999999998	5.772019	6.0	4.500088	5.321315	2.0	33.037380999999996	10.275753	2.0	81.922248
8880.0	4.0	53.796523	79.890286	36.16767	84.218131	0.874439	0.405381	0.189703	0.6843090000000001	20.059891	2.0	31.539383	6.362305	3.0	0.011640000000000001	0.792539	2.0	69.879044	4.80919	6.0	29.718978000000003	20.216298000000002	1.0	87.435384	9.260109	6.0	76.967308	23.179931	1.0	0.017707	0.353819	1.0	6.291105	5.564959	1.0	37.537843	19.807129	6.0	75.438877
8893.0	4.0	43.837897999999996	91.14115	67.61428199999999	40.683012	0.253715	0.66032	0.492758	0.970844	9.729135000000001	1.0	41.262122	10.362167	5.0	0.029856999999999998	4.638959	2.0	46.353663	4.251824	3.0	75.363337	22.654356	6.0	77.832151	15.265603	6.0	14.509479	11.9963	1.0	0.049145	1.49105	1.0	70.713995	4.437597	4.0	93.58703	14.201794	6.0	75.275166
9018.0	4.0	59.42032	57.626925	77.47452	63.800948999999996	0.833002	0.5271939999999999	0.6861689999999999	0.895595	22.524299	3.0	16.343096	20.848285999999998	2.0	0.040504000000000005	0.571878	3.0	99.47121899999999	4.758785	6.0	44.499553000000006	15.456025	6.0	53.125572999999996	4.383147	4.0	24.705667000000002	11.792685	3.0	0.010603	2.04786	1.0	3.456918	5.755332	6.0	40.160451	22.727419	4.0	70.500102
9220.0	4.0	80.710788	54.81631899999999	91.615993	10.720477	0.16073099999999998	0.955542	0.965036	0.8777010000000001	16.005248	1.0	73.02431700000001	11.071013	5.0	0.011227	3.023909	5.0	78.721239	5.301855000000001	5.0	17.499225	12.658508	6.0	71.103346	6.90567	1.0	42.67655	11.727496	4.0	0.015613	2.9525669999999997	1.0	45.855175	0.621825	5.0	36.289905	5.7104349999999995	6.0	6.499375
9282.0	4.0	92.95217099999999	26.082646	25.123231	41.52218	0.778242	0.16188699999999998	0.7582939999999999	0.731424	20.954455	2.0	59.894805000000005	5.01529	1.0	0.01623	1.932605	1.0	87.231928	0.627424	6.0	79.3763	0.5078729999999999	3.0	25.087705	7.068457	5.0	3.229461	13.85825	4.0	0.030994	3.7719099999999997	5.0	12.374274	4.613376000000001	3.0	70.343964	24.951263	2.0	87.292817
9493.0	4.0	43.131147	22.38593	42.927508	91.929015	0.993455	0.363502	0.24711100000000003	0.951585	2.17645	4.0	33.747682	7.881092	4.0	0.024998	4.713798000000001	5.0	32.744809000000004	2.893795	3.0	43.525233	20.556755	4.0	29.837027000000003	6.460324	3.0	31.309936999999998	10.799839	1.0	0.016159	0.255424	1.0	50.319497999999996	2.593788	3.0	85.034745	11.8148	4.0	54.14354
9577.0	4.0	40.395701	65.730845	40.622494	12.527828999999999	0.932155	0.8421540000000001	0.42755600000000005	0.43467	5.167434	6.0	13.877659	7.970085000000001	4.0	0.05341	0.7078	4.0	62.844218999999995	3.068301	6.0	91.150015	19.698123000000002	6.0	90.660317	9.180506	3.0	56.210652	16.609070000000003	3.0	0.080573	0.11197	6.0	10.772191000000001	1.0043870000000001	5.0	73.148106	11.290064	5.0	76.18569000000001
9613.0	4.0	84.86794499999999	72.056699	83.507272	10.363786	0.509627	0.9718760000000001	0.74815	0.469473	23.839157	2.0	21.691682	22.177547	3.0	0.019841	0.615324	4.0	94.319547	5.880281	1.0	95.130875	20.354937	3.0	39.829611	12.19695	5.0	5.08691	19.391635	3.0	0.016267	3.5106370000000005	2.0	27.216058	0.964392	6.0	55.225489	6.707253999999999	4.0	86.936071
9874.0	4.0	42.464365	71.435261	24.302188	24.545375	0.119001	0.43514200000000003	0.146182	0.206909	8.174553	3.0	64.293429	15.027185999999999	3.0	0.031711	1.630954	5.0	16.478668	5.440696	5.0	67.04163199999999	18.383791	5.0	80.546667	8.021225	4.0	63.873275	18.50046	2.0	0.010497	0.392835	2.0	81.248921	3.224645	2.0	62.889635	22.217682	6.0	47.385424
