3	1	1.4599009263754454	1.412772427998996	-1.4692142852402807	-0.721595885174442
4	1	1.2873050357919984	1.1433722339083403	-1.7457338847751784	-0.926250205461686
20	1	1.2522594774457354	1.484210961917907	-1.6471080498882125	-1.2266520156343423
45	1	1.4316129069163135	1.3668741322289952	-1.6231785171832194	-0.7907492086290011
52	1	0.8308038045207141	1.257507952930536	-1.0805759960778092	-0.9147198623829323
53	1	-1.1056483641582369	-0.7681654543920475	1.6221052699207645	1.2508743737810146
54	1	1.242251497957498	1.4194359026362247	-2.118059548508297	-0.7575372748677363
62	1	-0.42861805349513277	-1.3173315674803532	1.3021207009667737	1.0057238853725727
68	1	-1.6646781236108759	-0.45951922527970984	-0.5203303463964216	-0.8788633800330375
72	1	0.8999094893210402	1.6054114309534657	-0.9995949545984221	-1.436209827696508
74	1	1.1578248525687866	1.1564124713203936	-1.513845998915696	-0.7788358555688868
75	1	-1.0832471403775352	-1.1098817449783491	0.9053109642568805	1.6728851900054953
85	1	-1.2925937019674203	-0.17236562657589377	-1.2514739869859606	-0.8931698966214113
89	1	-0.9783975582082819	-0.9421410608022063	1.6225609797347202	1.4543605692412724
92	1	1.156909198904735	1.6359107841643088	-1.216385390749658	-1.066705490165562
94	1	-1.7493786856611477	-1.203572119892803	1.2485338581043943	1.0124953387022813
101	1	1.484532455331374	1.3389416988052898	-1.0013719353110275	-0.7355119762929486
106	1	-1.0846406635561654	-1.1414086844148599	0.3494581997797661	1.2216458550582274
112	1	-1.595563159790849	-1.7101930415342677	1.433300955695198	1.4176440756118365
163	1	-1.5989954691780868	-0.6010635072666625	-1.0901823771177959	-1.1311473829975176
165	1	1.5814386398957647	1.461535872385527	-1.1082663833716384	-1.4006388416541136
183	1	1.6759372900086473	1.2730316121190586	-1.7845892381850883	-0.47934503815925356
187	1	1.2561924827360156	1.1508429570080567	-1.181518671161399	-0.836511115138663
192	1	-1.4793755434494795	-0.586481663207549	1.0610544471373362	1.4053098935789783
199	1	-1.691205541872023	-1.1658986054822038	1.5231405661286355	1.518285046362687
208	1	-0.9481592743884859	-1.4788508163969805	1.2959406947119558	1.4049024124855465
236	1	0.9941746792982569	1.1701900976978052	-0.6815857840143252	-0.7026276217364583
251	1	-0.8878478732995642	-0.8134777486969755	1.593931324720728	1.2019898050612663
268	1	-0.5748435268307659	0.38359610319193266	0.796528899856297	-0.3691608898621781
270	1	-1.2761644552659999	-0.156526311568456	0.7130836049093486	0.9807144088355577
300	1	1.0803851234342041	1.2664210246065544	-0.7159071955787775	-0.8823147337711742
315	1	1.4334353063855036	0.8142941476627608	-1.7959318872375962	-0.9440774106057321
334	1	1.3027030122438983	1.3484415296415773	-0.9431106993553157	-1.2055935113735896
335	1	-1.790617061755565	-0.7291356655794834	1.37636371490803	1.4482112753972587
336	1	1.390129193541013	1.3606339061286032	-0.42443695421326105	-0.648947827373983
367	1	1.237593801228604	1.1767547688813937	-0.5204232742694767	-1.074207739887586
373	1	1.5257390971784157	1.3864840416129345	-0.6806557485421372	-0.8517584718312989
400	1	1.2465565919377701	1.163131712324094	-1.7475202490840855	-1.0087946034484916
412	1	-1.4399124294041736	-1.4534883335411992	1.480383604185359	1.3001302730877258
440	1	-0.7879169138931845	-1.8243496729438904	1.190704721623556	0.7860066686692921
445	1	-1.114952993953172	-1.2753993514475843	1.2664848291784074	1.1936497905252206
446	1	1.1844127700383815	1.2210087145356712	-1.3921633057798208	-1.523680149310968
456	1	1.4698164868274652	1.611566492113757	-1.9468400937526387	-0.6490763007123581
465	1	-0.25669804670667457	-0.504469947436807	-0.6018214317393191	-1.248244435067563
467	1	1.5636511302905762	1.1963745283028893	-1.2399203583649856	-0.524374665178899
487	1	1.3739085392024613	1.0504845612851943	-1.5368297559224458	-1.2798544379242118
494	1	-0.5060709588376899	-0.8320243086419667	1.0965006794714065	1.2528676570915611
499	1	1.401463330524855	1.5505185355042896	-1.2183231033860165	-0.49127025600097823
508	1	-1.0609799056413096	-1.0148450972385257	1.1436668722383205	1.1303367204311665
545	1	-1.705870846928367	-0.38023960684897057	0.6048822640411957	-0.5076405030407104
556	1	1.49166913496347	1.2096273749871163	-1.3904955985596354	-1.0812676557201972
559	1	-1.4532358026314218	-0.892457622907929	1.3602638852270734	0.5677957230688941
574	1	1.774549700715577	1.0608151291350651	-0.31143151473514996	0.5758120515316311
578	1	1.338044200157821	1.0878448445015074	-1.135256784651006	-1.4305642309092983
589	1	-0.8396422524727828	-1.790682547654983	1.5066096964110978	1.1575041041235725
592	1	-1.7700616205736994	-2.048590324081258	1.193109797895084	1.6913501271611002
605	1	-1.616410890093283	-0.6555640681430241	1.35612102745975	1.289830901101051
606	1	-0.8707625999053142	-1.1602845386923055	1.4653023487481498	1.5163356998215416
607	1	-0.3414008357216745	0.5565747342623676	-0.799928068215023	-0.8499125713548189
613	1	-1.4423724831071865	-1.3612169701909906	1.3469434162314322	1.4135054914763598
617	1	-0.5758230201503572	-1.0908020706930104	1.214668913095535	1.6306880942081197
633	1	-0.47259021437372983	-1.0570076526110697	1.4094499727721523	1.5718799333817626
643	1	-0.9544497074238907	-1.4605526289374444	1.2037268830657908	1.2215205333024677
650	1	1.5656730286833285	1.5450199414623573	-1.525773609253803	-0.9605132847187469
653	1	1.3021056289555761	0.736651757012896	-1.4199449561151039	-0.7791061501249485
663	1	-1.0266148705998859	-1.030635919753379	1.3376604665672085	1.6031669917139537
679	1	-1.0755728343439888	-1.1926926776424949	1.5125307456776462	1.5126585444583815
683	1	1.7302382988767273	1.1694317963450196	-0.9653448280961994	-1.389029894397191
698	1	1.2995537129575276	1.36856076173669	-1.4924822744059842	-0.10733537783638707
699	1	-1.7329383041360868	-0.9250856450041799	0.6584759175783104	-0.4641067654400382
709	1	1.2201412642346057	1.5413767914179286	-0.8600717746675739	-1.4273635206826814
718	1	1.509648905856854	1.3562577617509566	-0.8326936189732762	-0.7490107607957522
728	1	-1.6373760927851253	-0.9009078943578466	1.4812656622377454	0.9751642864628692
729	1	-1.3899480631833478	-1.3550509982198682	0.1949341303735851	-1.29224293841038
782	1	0.8637862656267541	1.3820681940069843	-1.5964508566003073	-2.0734831912912033
824	1	1.5607317651123853	1.27763370120434	-1.6202376678325137	-1.007706936671801
827	1	-0.7775496507621411	-1.6796955067918964	1.2908481261898754	0.7340756318838619
843	1	-1.0223431810905355	-1.1748184964149917	-0.6581902082085803	-2.03734621808855
849	1	-0.46095580831237776	-1.405447881911291	1.0893764110016202	1.2557339287865352
860	1	-0.923686973410619	-0.6078912502225202	-1.0895775892013007	-1.2612397079007753
867	1	1.742785946057009	1.262265672609205	-0.9124623603497783	-0.9885670046748918
886	1	-1.3918098056960684	-0.9572446537737178	1.265706444730325	1.0807665897989926
888	1	1.1729528095474002	1.3772741049588775	-1.1521928138411308	-1.121354118101411
898	1	-1.5027779734558722	-0.8671413594591418	1.3364159292705766	1.3251688554171288
933	1	1.6548069207661344	1.4746123276279792	-1.5680232516034627	-0.6917155450119339
938	1	-1.7205760517694226	-0.8999466822314038	1.3406258343469615	1.1662045114010338
946	1	1.306318303899631	-0.5303769100608855	-0.6670861601995112	-1.1614131431751509
952	1	-0.9670385534516426	-1.44553056396909	0.8982644888274042	1.6005899240707329
968	1	-0.8591612271540962	-1.7627151087131934	1.0465221320837927	1.2630845317686012
973	1	-0.8258686612096632	-1.6441079272576147	1.4370333567984739	1.616510050958121
977	1	1.5543333242876662	1.2030877077450166	-0.9913516165954611	-1.2422334400841957
991	1	-0.9370194400771737	-1.7409813796931048	1.2881308183188154	1.5992150925016284
1006	1	-0.018971603362621988	0.5797518726320333	-0.4301792611050896	-1.4957853061960744
1014	1	1.4256945625709012	1.3564809787558831	-0.8583158313724841	-1.0082280601265952
1015	1	-1.5902028556902288	-0.9524423816174872	1.314854543845214	0.967077881633746
1025	1	1.240683158047709	1.4055112833906667	-0.7623767319944335	-1.4381786398949832
1040	1	-1.3143596840594214	-1.4796103300620806	1.601716834033149	1.587214978225988
1041	1	1.324880240489028	1.6461469431926798	-0.9814435983388637	-0.19194980943978174
1057	1	-1.2458601048259361	-1.0897215973426182	1.5513326731279657	0.8269913320958557
1065	1	-1.651199605174234	-0.6439608754408964	0.5069508152805764	-0.5576550068216364
1067	1	1.6783832396017153	1.3111955068609158	-1.5471841003966968	-0.5688933650404466
1079	1	-1.4543875145566554	-1.6750244674437216	1.1842179323089943	1.6307062621549604
1093	1	1.5015895205057344	0.8342627499527839	-0.6221839870629405	-1.3418073220389615
1101	1	-1.3086629227044586	-0.9005254098225887	1.0078294781258932	1.4061732418283475
1103	1	1.2046829741546525	1.0833415588698663	-0.9194831065635879	-1.2765024517320622
1115	1	1.5638638054221128	1.2713552872660376	-1.2081425067916793	-0.5792607741341687
1126	1	1.480814537717753	1.3405089155499963	-1.0007930279585262	-1.595573310381465
1136	1	1.7204773268929185	1.411066704572346	-1.2635650535177152	-1.046254499800704
1143	1	1.583994824242875	0.8533198449212631	-1.7212853786553548	-1.591359829812073
1146	1	1.5179215230806924	1.0923067599754126	-1.0267503255547117	-1.5676095032234614
1175	1	-0.7344168700056568	-1.5103813927704348	0.9562522383554115	1.532164801587512
1195	1	-0.9224272536960706	-0.6021383736725994	1.2446992968800887	0.5227531189443624
1200	1	1.313339181365864	1.2149451829551328	-1.1068450712285438	-1.1430314448780312
1215	1	1.7555960039144223	1.182507039275157	-0.951016076543078	-0.6094065887852095
1218	1	1.5422386788491662	1.6398867139390967	-1.3888431775205223	-1.0840030440430315
1221	1	1.1960286180603323	1.0998944712134886	-1.3208653789424387	-0.6233250899374807
1229	1	-1.0851283688316269	-0.9327316987723963	1.2665978863790133	1.1199999002275338
1249	1	1.2131823706199727	1.3933261807775283	-0.7952834907421985	-1.0133595781730917
1254	1	-1.7010956778100639	-1.3896059907401845	1.2485181178783393	1.4174666600493184
1261	1	1.110111762107711	1.3875461787395684	-1.1014918808865921	-1.541210178753116
1271	1	0.009577156550095707	-0.4413822753580162	1.2559417533398243	1.739415099013668
1273	1	1.2823955064684311	1.4613602386389486	-2.1895755682855365	-0.9007379588039304
1277	1	0.9771211401513828	1.3778110077752082	-0.8689497162075379	-0.5713883061484579
1280	1	1.0420488535413341	1.4363231101005995	-0.8367243276299583	-1.5467931146624458
1285	1	1.3251788393429924	1.6831556558377572	-1.2410255038520348	-1.727934960154924
1287	1	-1.1963476268645277	-1.2150131658228525	1.1245284221871248	1.2446557451194655
1314	1	1.1731133365882198	1.512963221544364	-1.424323765924924	-1.5601094781479896
1319	1	0.9549641401692001	1.5643984507332465	-0.9748230171028354	-1.2576693355721094
1338	1	1.5793781407810579	1.1914749680834114	-1.1874636334636848	-1.0341025533978931
1342	1	-0.5258972546514858	-1.1495557262470866	1.4990990356613283	1.5881964181298232
1352	1	1.0883604408668368	1.0344964349411387	-1.754228915046691	-0.4809110039446133
1361	1	-0.46504581461599126	0.7418884915948734	-0.479156639306613	-1.9605985074672738
1397	1	-1.4412163172524965	0.1765545268618718	1.3135594562072133	1.2231532384843857
1423	1	1.3807275052000099	1.1355597902749441	-1.0380695156164648	-0.9495661698110293
1435	1	-1.4246707116440311	-1.2712152070327631	1.505871570618118	1.3172272380010945
1452	1	0.3231863095229765	-1.2603539494671736	-0.3164599115663909	0.9662339990417065
1503	1	1.4879586405656096	1.092874576755766	-0.6036061312166245	-1.4238771287613514
1507	1	-1.470138464917965	-1.6318153834655948	1.2270077368393275	0.9224347869525019
1515	1	-1.016799337980238	-1.5861301515848862	1.5887474931571945	1.4989398907213602
1518	1	-1.5829158559389838	-1.2934591679982612	1.1751019198499495	1.249244634794499
1521	1	-0.6329474491329242	-1.3977043885407883	1.2786583805486227	1.5815475057476844
1532	1	-1.1401485017265007	-1.6189568413616928	1.280360141142485	1.442759222860069
1554	1	1.2266662708880405	1.1781577173074707	-1.025643363887733	-1.5874268400954392
1593	1	-0.9694729970602818	-1.3042375337093393	0.9363923108272557	1.5344124361538314
1597	1	-1.5615340252625858	-0.8510664012455529	0.8962091785406159	1.4711141970367902
1619	1	1.6264931056322351	1.2178420032308825	-1.1963653366910587	-0.8672698199147659
1625	1	1.2030502378481414	1.198400453719634	-1.5871008596270229	0.03818598322791567
1635	1	-1.2725153879785571	-0.6595519695019189	0.8203187380550524	-0.31523249124752256
1640	1	1.17262062064212	-0.7609435583949038	0.9388170623813527	0.7498023999084427
1642	1	-0.21145614477225264	-0.5045178337732339	1.293687874857844	1.7135113145627696
1647	1	1.41126531577574	1.191421777880608	-2.0938459349926783	-0.7146451624100888
1670	1	1.2646993024170963	1.1526486962006615	-1.1096607555124471	-1.0347834806300023
1671	1	1.7857754587493166	1.183712683872032	-1.428432267621916	-0.8734348716718557
1673	1	-0.8507041430186103	-1.523013080932466	1.053365346709502	1.6191558972572393
1676	1	1.1355861972132386	1.2090256134619541	-0.6457713211995664	-1.3212469532186324
1678	1	1.311872353931599	1.4270274023502838	-1.228855282145023	-1.7835746681296667
1680	1	-0.5353906197071303	0.4467681825156278	-0.7775338129436958	-1.1234947842460243
1683	1	1.3046876089774544	1.4585013031230303	-0.6480324652116883	-1.6883438524059442
1687	1	1.387421761172783	1.406437793077104	-0.5938806390429333	-1.6591627928095989
1702	1	1.5222195650059926	0.6553894017916195	-1.8079513660104665	-0.7928194276328026
1708	1	-0.5878968805847279	-1.230775195920234	1.5227679465464505	1.4630544879662903
1719	1	1.1553688816344418	1.274166791062647	-1.3423913488591783	-1.46286795271573
1720	1	1.7386083458074222	1.0946925906105562	-1.8670133859667228	-0.4690430707516013
1728	1	1.6640759191254195	1.2060398397701202	-0.9682060682266657	-1.7136341905701429
1745	1	-1.0587278875599833	-0.8958680089879532	1.3229805868944	1.2919843589633375
1750	1	-1.7750175449957692	-0.49069807954288946	-1.1631053309470223	-1.1068859438635956
1771	1	-1.1660102431143298	-1.3051976850625069	1.4217609484236937	1.491882199535301
1792	1	1.590498489150999	1.1536829501440593	-1.0713926336130482	-1.490281345239339
1798	1	1.5368739208190896	1.1113008147035324	-1.3292676326892237	-1.0118279090220745
1809	1	1.3400679543545133	1.0286480887964427	-1.4359571551144656	-1.0953035069780839
1811	1	-1.0104784697602154	-1.4606156691778036	0.785200023501587	1.358789567982314
1815	1	-1.4118883052653257	-1.29981471530758	1.4628146362898333	1.3366953053644164
1818	1	1.2008943504109129	1.6411925258409659	-1.7534703572295047	-0.77471117547436
1828	1	-0.3931920553411468	-1.6430426078111553	1.5073101364705421	1.6106284562491915
1832	1	-1.2678168635629807	-0.9010715565203182	1.3795617050670754	1.15174690423434
1860	1	1.6543353609849518	1.2318861867784683	-0.8897744893231955	-0.9950898537524201
1878	1	1.270380289438568	0.996164786482748	-0.9792464746692537	-1.1578155189262236
1883	1	1.0485553021553677	1.359455993175925	-0.9698363924099708	-0.27034116308852335
1884	1	1.295973310415869	1.3605428311659686	-1.1514381910804588	-0.5755908488723028
1885	1	1.334407937917565	1.372609733328433	-1.434105862373082	-1.652059681756437
1910	1	-0.8725380475348196	-2.129432764624563	1.0041212927550094	1.3629468762262695
1918	1	-0.8021772825297955	-2.0734698520187087	1.6154165819373831	1.0859605833361563
1930	1	0.027211562330224898	-1.0633812330660684	1.5639596640872255	1.320769431473436
1943	1	1.5947083803891435	1.2145461806645883	-1.2245654651517441	-1.9159937879390507
1948	1	-1.3290827046183022	0.3749348893992735	-0.6925302356173091	-1.471430246519758
1954	1	-1.058523192385389	-1.181007199242013	1.5756148474359204	1.127751866525014
1959	1	-1.4283431620611196	-0.5950672590195847	1.649105357493089	1.3154404760454539
1962	1	1.4867716683655137	1.1013684914490096	-1.4125558280722776	-0.4715882517942441
1969	1	-1.1746349063456079	-1.5220389879876806	1.320536916799372	1.3545961092318897
1973	1	-0.34890626359667076	-1.3258324529694057	1.0395691899206814	1.3048366982555872
1980	1	-0.07916423299937668	-1.6958248675206036	1.2399669373773425	1.4393944449502454
1988	1	-0.5326594330484671	-1.2800044713136525	1.338470482815728	1.4655040092071994
2007	1	-1.4180384395228578	-0.8487231530804596	1.284622564088495	1.680557254414318
2014	1	-1.576988789315053	-0.8055658954537819	1.3024821207727273	1.2516639379197438
2018	1	-1.5245155617475894	-1.4129136042227097	1.4183244333005849	1.243164304993596
2021	1	1.4149938114718197	1.1657503069236417	-1.732639378832422	-0.7896405930972795
2024	1	-0.9615388784751198	-1.1061129690703195	1.70536607125655	1.0064366992052598
2030	1	-1.230359873576936	-0.114688049740069	-0.7718571912259808	-1.3541910024576005
2034	1	-0.5712666503165934	-1.462340638062448	-0.08090061797959551	-1.2685942040143074
2101	1	1.3412423070878166	1.3896716653051504	-0.9860350525487531	-1.6619643643673538
2103	1	0.19280847393393238	-1.7567949330638573	1.0969836319843034	1.1524141128127123
2130	1	1.668779454211634	1.3584164353661505	-1.2753337481119986	-1.0223449255964152
2132	1	1.1544487740409342	1.2529141984924173	-1.1753621238973362	-1.4649702437073224
2152	1	-0.5283072016481157	0.5351983342970089	0.5872294491722618	-0.5885132645309388
2153	1	1.2638205792514532	1.1735800260075206	-0.39175994222656674	-1.5805845688504934
2154	1	-0.9663277805425794	-0.9466394971845888	-0.26849747524875567	-0.7828468933020516
2166	1	-1.050640850730156	-2.0336378155319546	1.2223882831888597	1.2802180179628648
2176	1	1.3342483387787152	1.217369049889147	-0.5288777431892321	0.24516116603048074
2232	1	-0.45989057685075324	-1.2721279266666217	1.271261836437752	1.2492235006522554
2236	1	-1.2083118092860377	-1.0063564864116588	1.3906055925211946	1.11147060534736
2238	1	-0.7768893557202492	-0.9214438588111051	1.3045003507192898	1.5664089713488814
2239	1	1.4783427924499173	1.488099605206043	-1.2994963572412666	-0.375683368165281
2240	1	-0.2009578618830373	-1.1251146007504054	1.2989959633982147	1.5482651248456074
2256	1	-1.112145162591782	-1.4526291071882225	1.2652181950259676	1.2962358439113255
2268	1	-0.7895179159523193	-1.5488326055308537	1.3634615726894639	1.3730690180376395
2288	1	-1.2523728631733662	-0.9405211084718147	-0.3615615617985422	-0.3297687025923851
2289	1	-0.6044970468290324	-1.2244226793917017	1.2486134673246339	1.4546241898576784
2296	1	-0.48157824401648175	-1.1952117110932055	1.2514653238587978	1.337434814955727
2299	1	1.4375169615713868	1.6022471442733064	-1.172956442232498	-1.011971584111888
2305	1	-1.3286582822571986	-1.1156753855298482	1.14912706584778	1.2228288108622265
2316	1	-1.0101551887138478	-1.6045400233164053	0.9630017683664286	1.3294184864929899
2327	1	-1.0047050637025259	-1.196660878926277	-0.46858874234232806	-1.3499956898350491
2341	1	-1.5048666807904685	-1.0113202991838104	1.1025573368393513	1.5818368951866504
2368	1	-1.1753746297961365	-1.5808021905012344	1.4610718602992319	1.3345952390193763
2374	1	-1.2591704874256033	-1.8473148081975395	1.3672009358158024	1.3112496127160065
2383	1	1.5519597510482628	1.1024586632979185	-1.8437997308505742	-0.3838928701036122
2390	1	-0.6800651976900116	-1.059183601676747	1.3634347840355052	1.0817413557631717
2423	1	1.1797860652352876	1.4190840289869104	-2.2085702374256533	-1.0711368007098323
2437	1	-1.6984292587089103	-0.8167658427722643	1.0745857443531173	1.1461812093357882
2448	1	1.5171944190969566	1.1945553021357844	-1.0450319927242055	-1.268091804667992
2455	1	1.5238341144338903	1.274298023870703	-0.9140627175642482	-1.3155650205377414
2457	1	-1.0296619150891564	-0.7619912993128016	1.391437856973849	1.235713592916692
2472	1	-0.8136183138205879	-0.599526446790782	1.2834157125253984	-0.16223279541162927
2481	1	0.9213271370134825	1.2923414742051327	-0.8710135020006635	-1.8635269821090261
2488	1	-1.4450997725775754	-1.2953138543005682	1.3771266618267117	1.5278185837738534
2512	1	1.1766111558545433	1.3892828161302404	-1.7699013370509247	-0.6849305584157008
2527	1	-0.9944970285495441	-1.2216646688759745	1.4786977351658794	1.2884729397682984
2532	1	-1.300106738638571	-1.5250124870173292	1.5031400360042773	1.3697902597944913
2550	1	1.0547618528526794	1.2641182373649613	-0.9731351805550988	-0.8861433504870792
2555	1	-0.26552202328112057	0.8326093074947014	-0.5999245831513724	-1.8900762848344153
2556	1	1.5185031320355238	1.2784218557478728	-1.3729099823480901	-0.7311540790848925
2588	1	0.7045196868431637	1.4291731951471354	-1.762208452914904	-0.9490404116759187
2607	1	-0.7045191262088716	-0.8361716290702318	1.2643800279885422	-0.044418109441367384
2613	1	-0.6947691034683096	-1.4921303339521288	1.2958233997581812	1.0470631945369595
2632	1	-0.70908867225061	-1.2710371486615555	-0.3942360008636696	-1.8643691962161515
2640	1	-1.3419460240487968	-0.533072183414332	0.4168731339280583	-0.2519603917274669
2663	1	1.2124511838675684	1.18278056724114	-1.923613271332002	-0.7223057328117265
2669	1	-1.1630275950217812	-0.3575408772264559	-0.481421112981939	-0.5948792760265547
2674	1	-1.3345406240061728	-0.7769389586128469	1.5349575408393759	1.5387925798274071
2688	1	1.2236862209210082	1.015419639897547	-1.3489809036880793	-1.474223475652943
2698	1	0.9532180142419483	1.2450552323739483	-1.5063772616526303	-0.9492560170042451
2722	1	-1.2073968979435623	-2.1695284790397444	1.0960436075225035	1.5700594309534175
2723	1	-0.5232412280523971	0.19545508200272763	1.3052319685341895	1.8023803826967673
2758	1	-0.44770091425051955	-1.0411989484895756	-0.8955314770027869	-1.4627925001201765
2759	1	-0.861935097303382	-1.4013078353569135	1.3625224563176288	1.49832570288581
2764	1	-0.44074962943204093	-0.8550876411930989	0.15798546319290635	-1.6844475693574175
2767	1	1.659771196305935	1.453857389262895	-1.1864674587724007	-1.517107060298808
2780	1	-0.7501032383898502	-2.250039503704044	1.3951984088660305	1.5927567581741067
2782	1	1.293494698673455	1.2465656219789076	-0.67227680243778	-0.8676539422194025
2786	1	1.42253041685301	0.8017197412575947	-0.7069080240285249	0.4781231867552172
2794	1	1.6254028208174192	1.1006570156593756	-1.543977483382987	-0.9936835063571628
2814	1	1.2199213514677025	1.356289281871136	-1.6351722667404227	-0.8109434377043216
2825	1	1.1194581474912988	1.2872891626340146	-1.4049803902383595	-0.5432287300938826
2834	1	1.2829802702899606	1.412111263170418	-1.3343942545849805	-0.9139234389173344
2837	1	-0.5630673373483892	0.7541742161301241	0.5785748977636158	-0.6540365209743545
2849	1	-1.633315222603372	-0.8144288077077835	1.0022766593400334	1.5669549366901723
2857	1	-1.9880580843284479	-1.7420994347252494	1.206882949738132	1.4282641674764176
2863	1	1.3978168613629283	1.4019670883389177	-1.3611173747180692	-1.0916200484496936
2868	1	0.9921821026077583	1.419602595579483	-2.0845505747656032	-0.9986811748361172
2869	1	-1.3887967224189022	-0.9278751756400868	-0.8624721591409511	-0.13361735220111706
2884	1	1.071478563584423	1.262816517017154	-0.5493199077330928	-1.067064585196489
2894	1	1.397579504038988	1.1472082931498304	-1.7811814792441953	-0.7788668152334015
2895	1	1.1309171800803102	1.633826819295502	-1.1678148368523236	-1.3073644171856178
2904	1	-1.7815672338416075	-1.054845948215089	1.4760486853904997	1.1471429981950807
2911	1	1.5707664681773605	1.3769402644552429	-1.3328591284996425	-1.0866129252228935
2915	1	-0.620502427910531	-1.409931164389741	1.1804106137836303	1.7203346763120237
2920	1	-0.896587039633947	0.5415231191813447	1.322401074148589	1.2196412631277087
2934	1	-1.7314647958076372	-1.0712735377731888	1.3072327934230954	0.976925835757588
2944	1	-0.573473201201387	-0.8978078602303613	1.5041029140635223	1.694540641091021
2954	1	-0.41119149775629615	-1.7372130584021932	1.0689719321912947	1.5629872795647706
2957	1	-0.7787150956365315	-0.23019928862222397	-0.8204666416434702	-1.08557030753888
2980	1	-0.30441354971287216	0.5993076825789333	-0.055329864011720936	-1.0528505768272338
2996	1	1.1438460093898906	1.194336934380116	-1.6858193196903888	-1.5652263506046855
3001	1	-1.9412031176092803	-1.863413103423185	0.9782623715716676	1.4333925339402986
3016	1	1.5691634247338917	1.5616904481004965	-1.1793064126590438	-0.580387001451093
3027	1	-1.0413605319668362	-0.691577472377811	-0.5880216425906398	-1.7777232915364019
3038	1	-1.4352586298635541	-2.167734105275089	1.3264184641524555	1.2360078024231873
3115	1	-1.7598029219731526	-0.6776558839130397	1.4497915667576338	1.538223070310108
3116	1	1.128586104751135	1.3673161716067086	-0.7410187587211648	-1.8386085306934283
3120	1	-1.5127490224457014	-1.840701341443288	0.9889086669695724	1.5014059114241964
3135	1	-0.9366300924105382	-1.9603497476380736	1.3104365348185838	1.2563401449719414
3162	1	1.3345402567384947	1.2036744669052857	-0.04854385905378826	-1.1608618016046928
3175	1	-1.106942601826071	-1.693233853026213	1.3066759829264019	1.3700546219597478
3193	1	-0.598656646249105	-0.7002585377846217	1.4448303685837809	1.2732526496087113
3204	1	-0.2853227090005428	-1.947845049190997	1.2152755171919598	1.2208349713900422
3220	1	-0.7363582265074083	-1.9693687451025808	1.2976130937302925	1.578567591691348
3232	1	-1.6477609860536	-1.0303951242198908	1.4585517592988406	1.7104032979424832
3245	1	-1.0053889274544574	-1.2907717746748597	-0.5170934597172213	-0.2513975561498237
3265	1	1.4207469892665618	1.1112515645157515	-1.4555979302644722	-1.603334731426791
3288	1	-0.9763804849057738	-1.3659572628801373	1.4427367671701474	1.4965039027469762
3305	1	1.2276838081884043	1.557043654998614	-1.3074427498257681	-0.8802780698528645
3313	1	-1.06974579555243	-1.2955299489706464	1.0928058127533384	1.6777660645404722
3314	1	1.232654207881207	1.604720109856062	-0.46620969798312145	-1.435097689807746
3351	1	-0.5580924837261302	-0.9952935303847268	1.5375713264544593	1.2462940119177632
3352	1	-0.8065662588481611	-0.797935298667577	-1.2553147534916913	-0.5450675858562815
3365	1	1.093354780430467	1.6721651354716232	-1.0043545568001098	-0.9338853778151889
3377	1	1.7681462492202193	1.423070111877333	-1.0872295712492217	-0.28454831213091003
3378	1	-1.5391229657210013	-1.362032250222563	1.3495276889226628	1.2911315777850902
3380	1	1.4306170825220492	1.6751301483150693	-1.5084184965449658	-1.1463333765227621
3381	1	-0.5862246156542927	0.6386804042374915	1.4339700666508601	1.063838512636359
3390	1	-0.27620625772513513	-1.3790593282202355	1.67994348730125	1.5165959834681195
3414	1	-1.7109344079789632	-0.9107409595416113	-0.7638602483001106	-0.9888645511512152
3438	1	-0.6686284347482815	-1.731284548105694	1.2498760150722321	1.5702160831481173
3441	1	1.2626217299061406	1.689730328597941	-1.1291934679566533	-1.2888401561219607
3443	1	-1.58529462542942	-0.8944429358621347	1.4525627546332665	1.3364991656934195
3448	1	1.4841334574842497	1.1377990826590596	-1.7734867789282454	-1.1866037430189371
3454	1	1.3162596600264187	1.3214304535769719	-1.3812654694616924	-1.0053078407527363
3456	1	-1.2730836351450194	-1.8139516702215197	1.4333793541288178	1.3034965340952505
3464	1	-0.49711614808546606	-1.5589696580275056	0.9542692725691451	1.3043669270587008
3469	1	1.4549147523491517	1.1780869485761059	-1.3529267059330612	-1.476107936669657
3477	1	1.1875563163325378	1.3893031223615102	-1.100558061706218	-0.0797427158781336
3494	1	-1.129282027335567	-1.3353062190909293	1.2687323518410585	1.5070235147422941
3497	1	-1.5717643300628488	0.028277668435758227	-0.3560282669469237	-0.7294092146393135
3510	1	-1.2576489137751055	-0.011710301722462216	1.637443817514641	1.1889648702740279
3511	1	1.138697266938443	1.3062609411233534	-1.2979550258745027	-0.6052709708451355
3518	1	1.4182327460884978	1.2727036816379576	-1.2442015485035995	-0.6589136877650783
3519	1	-1.9708156243404702	-0.9479134858881998	-0.7951238182567375	-1.5933082494171553
3523	1	-1.2603741618611601	-0.573856036607091	0.9346334919139445	-0.18130487568870393
3530	1	-0.8464972210667696	-1.2669139229405428	1.259243568451501	1.630077057955184
3531	1	-1.386118611752926	-1.3332598359038754	1.6928079437862809	1.7052335901301785
3548	1	1.4886840743257994	1.6702396804379511	-1.7059492526347175	-0.7250852432911746
3553	1	1.4682110308388743	1.3809616559418283	-1.620585163592342	-1.8701655128072558
3558	1	0.5273030300292311	-1.1336433694226942	1.527623806284397	1.3060743432873216
3569	1	1.6672176096156355	1.4827289101133019	-1.5654824158822107	-0.9254604559357439
3572	1	0.8876389136690177	1.1525691382050154	-1.3832139278292999	-0.45670388326400135
3582	1	1.3221475691872129	1.119980516258989	-1.262486091291315	-1.6280069886239732
3586	1	1.2988061951304504	1.4107213471017228	0.9861939320200789	-0.2724041519910311
3592	1	-1.1420451333532953	-1.0802782905679993	0.04036707804240794	-1.1406241919216094
3594	1	-1.2554002361408714	-0.37553719891965537	-0.894678931874254	-1.5714401591987057
3600	1	1.6096416635344393	0.9049155539527913	-1.1884950723152652	-0.8212198216766264
3607	1	0.8880752131753381	0.8870539504655521	-0.959963789661997	-1.6486372484234757
3608	1	-0.8360703866292486	-1.576653354682576	1.3317910270803208	1.6507362381598618
3609	1	-0.7413167490549943	0.7668259074453463	-0.011514977259560319	-1.1411464276996794
3614	1	1.4630580200383645	0.9158387909854647	-1.2288876706870977	-0.4528350375229488
3638	1	1.2614603678004184	1.3307437398558493	-1.6264138903791452	-0.9549868919092792
3644	1	1.523382411754867	1.0693737509981007	-1.497840610591069	-0.2005781010915174
3665	1	-1.5186931624658813	-0.8706996476415482	0.9541141405335075	0.4880610536772005
3673	1	-1.2346889074280358	-0.80374606313052	-1.0739461825938061	-0.6592040041401077
3677	1	1.7365857050930935	0.6451779436266587	-1.0690396211661632	-0.9740291248451154
3680	1	0.9694793106867885	1.3995654976436844	-1.095190947318141	-1.2590165444465273
3701	1	1.5010622866063483	1.1848569551579804	-0.3736209965298595	0.5080650754723293
3712	1	-1.0690487555925239	-1.4200794307753029	1.6875308816530372	1.690803791045384
3713	1	-1.2101214037080412	-0.7687891890779119	-0.2875691806875453	-1.004792278914322
3716	1	1.5609318207771294	1.5057145031372596	-0.6445852043573307	-1.3530931393842134
3720	1	-1.290717669764361	-1.0183873222827635	1.237977917657978	1.5111311392132556
3728	1	1.5958053460981438	1.416969907849278	-1.137129417506561	-1.7187338220160617
3746	1	-1.7529583458812301	-0.4113216276660208	-1.1290752649129139	-1.0451890794895327
3754	1	-1.0977231534319871	-0.7291741564954721	1.014044445844352	1.3735606649256202
3780	1	-1.1582862015351882	-0.9911698500465966	-0.40328708489023807	-0.8498532474467669
3785	1	-1.0255715376247547	-1.5389337724040217	1.5279697885609507	1.7855171910585657
3788	1	1.6074844770344527	1.507897726076825	-0.4442410342085871	-1.3386703850135004
3795	1	-1.0030470884624296	-1.1580414578322067	1.2469569598806793	1.505818497859988
3809	1	-1.5299397055037496	-0.6544187360838007	-0.9525631591462849	-1.1366873090735097
3822	1	1.3399853710791783	1.442655623475941	-0.48558833782998223	-1.8286702929970198
3824	1	1.7494182181781823	1.2918580646696838	-0.8360655083605629	-1.662158650166224
3831	1	-1.5163850991055634	-1.4776201678586167	1.2077754508251122	1.5308530016707125
3832	1	1.1052991057498178	1.0019419092789605	-1.2052820234028505	-0.45111186338125125
3839	1	0.2736975858520016	1.025680348250289	-0.6707477302855397	-0.5302749839963067
3847	1	-0.9816242445189551	-0.7391480014467702	-0.8129727805580481	-1.4713570185707563
3884	1	-1.6568945107252566	-1.6845682446014134	1.1367096923220403	1.251243665108638
3890	1	1.0994754074053514	1.3932537451167308	-0.8711212620098089	-0.8684355347079873
3908	1	1.5296505751429903	1.2839669722748779	-1.1510525555421127	-0.5478745336432035
3918	1	-0.3797905527680198	-1.006045376763923	1.3251224684244902	1.5912072918506737
3919	1	1.2122750680736516	1.253510201534085	-1.622953310871972	-1.3165724146513489
3934	1	-1.1473367727081316	-1.5418651435807376	1.3347760701426423	1.7016224326147267
3984	1	1.559351603722124	1.3150114114101756	-1.1886738146899853	-2.138169980631086
4075	1	1.2884372617758608	1.2959535587464999	-1.2940001427298737	-1.6549159425419273
4088	1	1.4746599495307644	1.1352858076918435	-1.3777575179280266	-0.9274172179653959
4097	1	1.2248293961481176	1.235297482092729	-1.6220868416973133	-1.0563577321163822
4107	1	-1.6363173566372915	-0.5699076869374603	-0.13196145725681313	-1.1155954351144775
4118	1	-0.3145642405241045	-0.7381257190874791	1.411191537976134	1.3105835164609108
4124	1	-1.0570498696373338	-1.3084988114951774	1.6801853419285173	1.0514761517471765
4146	1	-0.9562116076846333	-0.34485599886162144	-0.4707571098297225	-1.6517784493548282
4156	1	1.4077066261401807	1.3304050501029567	-1.4221485877627942	-1.5978541292588515
4162	1	1.4842249486184973	1.5753824549206894	-1.327482479166936	-0.9538966297116114
4164	1	-0.748216628104332	-1.7710511197274594	1.201898141225197	1.645867969955346
4179	1	1.6248106337801291	1.2354402318677735	-0.9557762841380754	-1.4010047960119092
4192	1	-1.1916023361896604	-1.068332013480838	1.2296797915604796	1.5600648355443598
4212	1	0.16485487034480872	-0.3140232597642618	-0.7965233362406792	-1.3459861351995859
4215	1	1.2722234739118878	1.0595018918202688	-1.5109914181116373	-1.3854472865124892
4221	1	0.5835611697325536	0.7796348962833886	-0.7641982091153093	-1.3870968619307598
4222	1	-1.5209642953277906	-1.4878196544394708	1.5004446736406976	1.4111325351542807
4226	1	1.249834684017585	1.5383881384843479	-1.0253676072351166	-1.467267747433848
4243	1	1.6658320663939479	1.1970205392275346	-1.3576274336353704	-0.9999649812838046
4261	1	1.187494518061332	1.0713222399657503	-1.162968360710679	-1.5490327775786206
4269	1	-0.9455771087862137	0.5136532713808807	0.558104885127504	-0.3988971841604474
4271	1	1.2101709575663522	1.2921697804735768	-1.3078137045763512	-1.7375578542025938
4285	1	-1.2925491626728574	-0.5815683129354925	-0.4963298313258539	-1.1837280165761173
4290	1	1.4479044529653775	1.5519919495836532	-1.2388152128779362	-0.6969336388867439
4299	1	1.4843021500624063	0.5196999821280539	-1.5011339501964087	-0.7228012728311731
4304	1	1.092513915665202	1.3135620920380646	-1.276264540325824	-1.0095457924341997
4310	1	1.1447000503631304	1.6241975741196306	-1.4977057592313099	-1.003990479219557
4312	1	-1.4409455554576343	-1.4557974854224438	1.5247722524468876	1.1651739438858433
4313	1	1.3559972474744675	1.5530772721833035	-1.1670729273511575	-0.7097216488161995
4329	1	-1.1834744716731507	-1.649699111652575	1.2342978830760003	1.2333293279746402
4343	1	-0.9854408909021901	-1.0607382406811892	1.3768095870807013	1.5022101211527263
4347	1	1.2769923332967945	1.6184254521117156	-1.4995496359046487	-1.9980318934480754
4348	1	1.201156761088045	1.445469854975258	-1.3647919607602585	-1.1087546469672331
4382	1	1.612657530517516	1.5114260095294445	-1.59535509470956	-1.0134620973016941
4386	1	-1.0053408621324085	-0.42948297537304597	1.390995768509364	1.4760035993835499
4394	1	1.6508321598872022	1.3868390975820748	-1.0593430365230152	-0.485201049432835
4395	1	-0.9254258617025042	-1.9503549902993484	1.2632990982338852	1.4836719560481195
4397	1	-0.8977986940264464	-0.7107244299966101	1.48852599285391	1.7695184599930092
4401	1	-0.15079084187195133	-0.38277485497688907	-0.07950564044547707	-0.6924389259157427
4427	1	1.138963018062667	1.0403185648320312	-1.1243164194528634	-1.4704063529442233
4433	1	1.5799365521866378	1.399734160594454	-0.8777758966195137	-1.2820968816485767
4454	1	1.0483301931374323	1.3247044545216031	-1.0194694115660132	-1.595618359474142
4457	1	1.5308694671708565	1.2453763435982796	-1.400893985397175	-1.0938650875950358
4467	1	-1.4955627933171092	-0.860184656780818	1.4648705519699314	0.9183451450411682
4477	1	-0.7419607130222134	-1.3371260514141912	1.5356705428099988	1.2484689746967192
4489	1	1.2872035233164743	1.2480441883856082	-1.4318560694855187	-0.6242499867414537
4491	1	1.5965801442431407	1.2525739933491313	-0.8805165121330013	-0.5835215284427898
4501	1	-1.3410400205652342	-1.2040626517631001	-1.0806580268712878	-1.4462081308498194
4506	1	-1.4943147651673838	-0.7984131012585707	-0.3837372700850297	-1.1043148086111803
4520	1	1.156579608124971	1.449052692482035	-1.6657627906848738	-1.5268958759018105
4522	1	1.5689767308575164	0.994632575256126	-0.9180976639740989	-1.5279047531131196
4532	1	1.0729572681639046	1.2866216331657852	-1.6055145025380542	-1.1926668318090623
4560	1	1.1717194422488015	1.2207550381838401	-1.4090275958627339	-1.1898207673202685
4565	1	-0.993403217707242	-1.1255683086341466	1.58376979801565	1.0120782174737908
4577	1	-0.3165878091404029	0.5918060455151943	1.258422201078423	1.433543995293044
4584	1	-1.6464292611461753	-1.1879116209517697	1.5773795689340022	1.15028049138218
4603	1	-1.6237739778060722	-0.248482473716867	1.6556576806334369	1.671834044509699
4620	1	-1.4061004239369033	-0.30437567836463186	-0.34725581519119314	-0.9582209718341756
4667	1	1.1695277377955289	1.7017164604524448	-1.1103562010770858	-0.49452324542156617
4681	1	-1.7198188837618569	-0.4393061905192544	-0.3668201594358366	-1.7199568214579957
4690	1	-0.8634503612204837	-0.7952413891654843	0.7039591169439663	1.6469204131616306
4692	1	-1.1237532162371844	-0.26257651360839096	-0.35350423089001887	-0.9168023169427694
4697	1	-0.8494115755743221	-0.49698331273796115	-0.08606326077728578	-0.7590980498111413
4701	1	-0.444585390595859	-1.4830737548058692	1.6508059073003312	1.7910493308716258
4703	1	-1.5867293474555206	-0.2901532849067991	0.4770174457739189	-0.45465331530474207
4717	1	-0.35808989497471055	-1.3673668790239446	1.4060067983226359	1.7294008525600677
4730	1	1.3432694017316011	1.1479775053134473	-1.714911495193072	-0.857551451452575
4735	1	1.1885217055421842	1.266343133540341	-2.009166848480347	-0.9053311123848553
4746	1	1.4661811524891792	1.3963362007156541	-1.225498678938809	-0.5490083618358471
4775	1	-0.9490478333150117	-0.35211471884532136	1.156854608750787	1.623625026792893
4785	1	1.2226384340164211	0.45872143039859786	-1.0032802863718604	-0.6173450546186281
4793	1	-1.0600841090794173	-0.6268648471803308	1.3354619807626513	1.2942801942049496
4812	1	-0.7927709546789423	-1.6411915584457921	1.3685237201977265	1.496440314933033
4833	1	1.5580629334661098	1.0265015383043945	-1.7926228074062016	-1.1234543698336639
4848	1	1.076879324210938	1.0560771095315085	-1.2870005852819073	-0.8938626886351307
4859	1	1.5912771844842697	1.5236305091396167	-1.3099854017269494	-0.5297267940084639
4862	1	-1.0009799084535387	-1.1501590031626423	1.595004535710685	1.3640191558643093
4869	1	-1.8434711002915398	-1.4989441353163686	1.3357097379746892	1.4257482776133754
4871	1	-1.9347670039645768	-0.6313370673089103	-0.04664474024092971	-0.20577487543687115
4890	1	-1.0039807434247001	-0.851110347566957	0.7222161143360857	1.1725605119871658
4893	1	-1.0511619604765394	-0.9439495276975189	-0.7476665826561346	-1.8740184152480195
4905	1	-1.4551814274822354	-1.3284398336800431	1.543835179682685	1.0954590825641295
4925	1	-0.838307001537872	-0.9308529177628364	1.4098860073035395	1.455614528347721
4940	1	-0.24888214283249754	-1.0591679931556965	1.3697346581656644	1.4411795384209722
4942	1	1.2209477966269786	1.3497055167685927	-1.1035267591491746	-0.6675903654793188
4947	1	-1.4014880088241484	-1.632319099232313	1.1516527667362868	1.6115433421436811
4952	1	0.7091185545871561	1.151084510236742	0.9818264733348175	0.8000586486146806
4978	1	-0.8626267554318618	-0.5437061324209328	1.117166839539895	1.0576827302399026
4984	1	-1.6621002263576659	-1.3133236629682676	1.2363198967307494	1.317609321046392
4986	1	-1.0253429025793328	-1.3168640695440335	1.2704727062584205	0.8321241478528408
5018	1	1.7361366005395864	1.3400930924260863	-0.6767429402325396	-1.365587866743237
5031	1	-0.8729147757346625	-1.3665323535343783	-0.20961011126237786	-1.1090136329033227
5039	1	-0.47952925088620374	-0.9134965454327094	1.6912328617424957	1.474270043557943
5051	1	-0.6266119200617747	-1.460817367639146	1.160530405579596	1.1796691846567073
5067	1	-0.6676806756760661	-1.1821685944394051	1.345548136000659	1.4518424547316784
5074	1	-0.8523945948276586	-1.3599885947382169	1.1769627475359627	1.6869030587037537
5096	1	1.491605666468718	1.477071048541038	-2.1374509016146637	-1.0918009863692522
5119	1	-0.38806502579579855	-1.2934384071498737	1.304368223629425	1.2781350072413895
5124	1	-1.1746916939461751	-1.140255320786552	1.3782661633840925	1.4931973364219284
5131	1	1.2484962782159756	1.4410115764382965	-1.2522902085159053	-0.46472818337688276
5132	1	1.5751636100330628	1.1794688330757164	-0.3704814268252102	-1.3149992187646955
5135	1	1.2553042949702777	1.6462074072693706	-2.044335053936889	-0.8778216892850872
5148	1	-0.3192250921196965	-1.089467011756551	1.2841786594440805	1.4836226430495512
5178	1	-0.6591311725043627	-0.29016859034977105	-0.5907218481006977	-1.1712525694872105
5180	1	-0.8199586679819816	-1.6612406279656973	1.3054774555213153	0.7613535063550145
5195	1	1.7572192756208385	1.392681230626158	-1.5334083756320822	-0.4627814322567145
5204	1	-1.4600131986207119	-0.9520592909260719	1.6549679863052416	1.4461102821161553
5227	1	1.1917508043979796	1.412475108403839	-1.392007719699201	-1.2103179191010793
5250	1	-1.324582936804712	-0.517226655306282	-0.31523807651887675	-0.9243924402035956
5253	1	1.1065677333232786	1.0785065542811412	-0.7289522106184574	-1.6311528242356421
5256	1	-0.982648833874291	-1.2324681900675805	1.6233022838425766	1.3630186210775699
5258	1	1.501104042195001	1.3588258938504088	-0.9112832055306055	-1.3644646056217153
5259	1	-0.955577479478297	-1.3545172777233632	1.2214841282806659	1.253969413296414
5261	1	1.422496270060512	1.446345447544482	-0.8388731711831117	-1.0336031202469804
5269	1	1.3097433756515022	1.434067148422158	-0.43498063544515364	-1.4440194494171263
5272	1	-0.8665848140753333	-1.7188509214680616	1.5141798370535553	1.4262553116400072
5305	1	-0.9183062554666572	-0.6443885186098736	-1.1280728849402042	-1.410804920234884
5311	1	1.572393637072051	1.3766143039816532	-1.5939439229044046	-1.0036799556383473
5313	1	-1.0514494245068629	-1.9350043886937363	1.2543874060168998	1.3209169996947154
5337	1	-1.5557235031260943	-0.954173260524665	0.9297938264470352	1.2538935899264352
5365	1	0.4382797438612556	1.0898466752109996	1.601336192989609	0.9466432053436024
5368	1	1.2700317694586152	1.3417845711830396	-1.2621623572188967	-1.5699016307208198
5369	1	1.3743500349598141	1.309775586062434	-1.6738216350766717	-0.36201106123142546
5378	1	1.054556600936903	1.4586414767344065	-1.135238622851712	-0.8089184531804097
5379	1	1.5233807415313212	0.37504869521780715	-1.6101265401204765	-0.6660492415804559
5381	1	-1.4197029100767447	-1.0701998836795668	1.2392596866431629	1.6571091089823462
5387	1	-1.421197945730899	-1.0577229168766868	1.3129604195271611	1.6427896152890862
5394	1	-0.9770597091478549	-0.9503156827395906	1.2688225554442194	1.7073640599780953
5397	1	1.6573924268154991	1.288775912148839	-1.3017779332775947	-0.5612732090511694
5405	1	-0.3384942755906707	-0.38016474656354365	1.4509817700047107	1.3379490790836523
5420	1	-0.7838417540210919	-0.9680713604383406	1.4637140993998763	1.0980430095342186
5421	1	-1.150219392968308	-1.4685798033895645	1.4259690373201488	1.664176440303464
5491	1	1.6908637066793648	1.250272873036971	-1.0382635441722572	-0.6681750767480562
5492	1	-0.560601159492374	-1.2785221164309686	1.2772738460490984	1.3228824749233628
5501	1	-1.1203951390075513	-0.9313837590175943	-0.24040056634739193	-1.855751286248325
5539	1	-1.2265398867466089	-1.4909712118403269	1.3382010827928643	1.4975587559870254
5542	1	-1.2710270332185871	-0.47982530501031134	1.222943731550606	1.264454543270177
5543	1	-1.7361007796304322	-0.5298706181304983	-1.180372358929283	-1.1411045301896177
5556	1	1.48297265211971	1.5616884780929852	-0.9157210411881316	-0.7296123990243916
5562	1	-1.048658666541722	-2.0580562101727367	1.4118848646641884	1.2463461057245215
5571	1	1.5325370925914414	1.0572816933551081	-1.1999124874415341	-2.138887058369664
5574	1	1.6289758001433172	1.2378659172702595	-1.343834455161426	-1.1798586146734265
5575	1	1.2638077742042662	1.4706600379433263	-1.3428425182233106	-1.2314149839020658
5582	1	1.17238975863197	1.3536675049517626	-1.0765858487728834	-0.18790892436537834
5586	1	1.6850559682487833	1.6194789515131076	-1.6918599341356237	-0.9715141619181364
5590	1	1.386233675490323	1.5554447665946889	-1.3981607859517327	-1.5860848220629755
5599	1	-0.8093310355581405	-1.30136314121141	1.1154485819783408	1.3212364218621326
5605	1	-1.47574373513868	-1.0462220130261037	1.303775240882471	1.6498317339492816
5629	1	1.1767581355266004	1.5100983760059123	-1.7451748040535733	-1.0100587588516368
5638	1	-0.5272881797046	-0.36924438877261734	1.3521432907176756	1.477285922733536
5641	1	-0.4740902606985226	-1.4461639971534712	1.439064148656215	1.2733355176927712
5652	1	0.9048707955745365	1.2424148161527377	-0.5920034657375552	-1.3587209389990074
5662	1	-0.27996444628425654	-1.9193928368624045	1.5497217215305745	1.5085205164845434
5667	1	1.40597441874248	1.2107399746138454	-0.9592766682553683	-1.495617530768615
5669	1	1.30904559337002	1.5053445963422658	-1.2953064301441055	-0.6378388694296112
5676	1	1.2394702045924515	1.1189309568726198	-1.7026954149428426	-1.2586591179005142
5677	1	0.7146308490304716	-0.3789663758405561	-1.7483049901619205	-0.6799280698692175
5697	1	-0.5205024325975793	-1.0253375087823964	-0.5531213236736865	-0.8323966313408327
5704	1	-0.24243507994454738	-0.19011463655691377	-1.1178088954174412	-0.029803850079973927
5710	1	1.726408290705124	1.572244232955294	-1.326449224135426	-0.8769008709997927
5727	1	-0.3494733972807691	-1.2313674104859187	1.1279320947231766	1.1134342267038806
5739	1	1.485142458086489	1.085529327980611	-0.8723217569431523	-0.6692095373947127
5741	1	1.5060302737540288	1.2437580581973207	-0.9191498375465401	-1.479502005759081
5743	1	-1.0385560410525387	-0.9791281033646603	1.5934560909725313	1.2987348635380154
5771	1	1.2870426251148666	1.1994145529708016	-1.3359145485342288	-2.0049861385694694
5772	1	1.675636464189955	1.2336534350550843	-1.4755451857775674	-1.7782349602433503
5789	1	-1.0348366387957655	-0.9408557066706458	1.6457885588969945	1.522014295532605
5791	1	-0.889332516451654	-0.8179340572264256	1.2492503410865488	0.805072631168349
5795	1	-0.7376120076493482	-1.3071216247057857	1.4434621797036216	1.3456059417410369
5807	1	-1.7927759184790977	-1.1445572110349291	1.3370343385365426	1.5059981380690581
5808	1	-2.1768228523205178	-0.5755734285397688	-0.7649263459186774	-1.4567842859449993
5810	1	-1.2509021385508272	-0.635660627639911	1.146822938910662	1.6407366372960621
5820	1	1.2866998581271278	1.3786599294735105	-1.9944607855468894	-1.1167008990635836
5826	1	1.2368403448289182	1.3475623001354096	-1.0987155471678263	-0.8908160351822362
5829	1	-1.3102876790540272	-0.5025838925533596	1.3005615104973705	-0.6404665477818887
5836	1	-0.1800910168000205	-0.4940308776347791	1.2473474385655037	1.5316616606923459
5849	1	1.6430702599076825	1.3125648136202626	-1.5807254626814655	-1.0520962362589104
5858	1	-1.2025916648014296	0.18730925248281516	-0.8954924291343046	-1.0608307547835016
5899	1	1.1107082174940632	1.234534483029724	-1.185884313666731	-1.0235436393134907
5901	1	-1.1068796900725013	-0.08183014292116104	-0.2612928408170928	-0.8953088942811105
5913	1	1.5123938254646743	1.3138356200040477	-1.4723060288734553	-0.7745259736489103
5927	1	1.5482045317754451	1.5810165248637789	-1.3588610738524256	-1.0802823226848963
5937	1	1.3954308542371259	1.2422073592079008	-1.2555691700301372	-1.575132887087729
5941	1	0.9011653118473142	1.075819767113897	-1.6388150696338475	-0.6113698393673047
5947	1	1.4866870437058446	1.1691108366597278	-1.1876923207864636	-1.0395114107145327
5969	1	-1.250550463704176	-1.3296319913024184	0.9287295450083979	1.093349932245669
5989	1	-1.4818497012624374	-0.9835932011583913	1.6063126773445344	1.2992109379001324
5992	1	1.6848123011914462	1.1366542052169541	-1.4847639637509518	-1.8601596087782253
5996	1	-0.6848819368165731	-1.2159386147360143	1.4785118794197691	1.1764441887052313
6001	1	1.5623685841875645	0.7797332451199108	-1.0974414969473414	-1.214497659197767
6005	1	1.6661054263143265	1.0255682093611878	-1.1583355884073954	-1.5237190806256269
6006	1	1.2053319487925096	1.1462392009933429	-1.710719903264309	-0.5146071691053525
6030	1	-0.8266557076606649	0.650822318224422	-0.5569970516430585	-0.6780760516147196
6032	1	-1.6050433486385187	-0.8377114172488199	1.464301330910387	1.5996511232258104
6052	1	1.4307874453237517	1.1686397017864643	-2.0563695161941764	-0.4743712846307327
6053	1	1.122799893646259	1.647901310650953	-0.969057705265234	0.4111507584704191
6065	1	0.9688167886801683	1.1121544341120542	-0.8049257413357915	-1.8534369122854468
6066	1	1.5583908540223275	1.1380920076220764	-1.6937187942933805	-0.7111094574901905
6070	1	1.5716674609902854	1.5497632649322903	-0.6068870602591132	-1.335374756534
6090	1	1.7022928608249404	1.4567876996663356	-1.3442842623906113	-0.25938607653066126
6092	1	1.3317530248008402	1.2775386862266827	-0.5857944006038668	-1.4346355194865785
6099	1	-1.4200447491625132	-0.4394425756546475	1.3356961166252186	1.4600818040112482
6106	1	1.7249364526002207	1.1746280700034972	-1.1371304769448527	-1.6622971344140829
6115	1	1.0395722831832541	1.2069796848920178	-1.3964493390649138	-1.4006086235384494
6120	1	1.23105357698286	1.240887757253453	-0.34357487251925084	-1.4112815507586394
6128	1	1.5592538028544798	1.273314838583558	-1.545662444312502	-0.8460296361856039
6129	1	1.4999885184465993	1.3591171518839924	-1.2206287438064094	-1.1088186055556015
6133	1	-1.8108388293889992	-0.6736305524114314	-0.3201503891829628	-1.2158569182410082
6136	1	1.1155576187699707	1.4742483308555185	-1.1352999189243298	-0.046592145284259916
6168	1	1.599123523543065	1.6596611947197435	-1.5267295252899853	-1.4870003623496393
6170	1	1.3904712182071757	1.1165040591578188	-1.149149653021068	-0.5550883208623247
6172	1	-1.8133504744415472	-1.224817893206263	1.436564176983375	1.5076334386719534
6173	1	1.5044975652798902	1.4244941242298765	-0.3263231307180628	-1.1149990444513425
6185	1	-1.2185027710427705	-0.7937810074435028	1.1294929500241815	1.3651201705203115
6191	1	-1.35885332584519	0.22987444708284743	1.3557146572005434	-0.4874054887786041
6234	1	-1.4345975925000862	-0.4697320472960246	1.413078700271124	1.6856140614141117
6250	1	-1.3783752698128073	-0.5188414553093362	0.9816176126429348	-0.09922858041387088
6265	1	1.1159647821544312	1.2109444007778956	-0.9907251858681406	-1.1867153461209599
6278	1	-1.5074026368746316	-0.5905926142663761	-0.8393157136925791	-1.3764339456200536
6279	1	-1.755567791801422	-0.19050303111470548	-1.0944249734329101	-0.6766810128394346
6284	1	-0.6785395412708453	-1.1367820460052076	1.329536391046279	1.803615246920312
6296	1	1.588285999693597	1.2468908247573003	-1.2397839935219521	-0.8252323425074924
6308	1	-1.5794184078334481	-0.9787289495350764	1.2724898767666912	1.251877503988731
6327	1	0.8072586631913272	1.3012357550402747	1.0285681340432307	-0.43498688362387156
6341	1	1.201916341640733	1.2075435616573489	-2.1834267397861735	-0.7594475047070101
6393	1	1.5281824486459674	1.3481001121859764	-1.5117368086243348	-0.8239144248126752
6400	1	-1.1959348960682468	-0.6695527884022169	-1.237440364671369	-0.5188922091388324
6408	1	1.3074358690323669	1.5527541909514613	-0.6906568460201172	-0.7192307151152945
6415	1	-0.5761064014120123	-1.2272852518445638	1.2577199448390493	1.2197363667678043
6422	1	1.4003429816862092	0.9681847698006941	-0.9633536895002506	-1.4903599494175082
6428	1	-0.23681941722176755	-1.3654443032320198	1.2208599677782568	1.1179860389363814
6432	1	1.353232656344882	1.3896634821970266	-1.7240750310269366	-0.5963017521093136
6467	1	1.363494324231733	1.2287072008114943	-1.2422190367623154	-1.031467459557109
6469	1	1.323170673899397	1.3602180830046935	-1.5312475755610604	-0.4412149670332665
6472	1	-1.375439759140338	-1.0451679074685545	1.0462378999248392	1.326047405417936
6484	1	1.5135240100642025	1.220251170878082	-0.7487980627521601	-0.7654814877047473
6490	1	-0.6572492017286949	-1.4996027239812781	1.1677362507978784	1.7229590176944731
6494	1	1.2561240035706254	1.3083368744230761	-1.4982655966945522	-1.597462220691283
6506	1	1.3689080754858287	1.4157106184324815	-1.7063164236771144	-0.4431624597022855
6517	1	-0.7287993514789368	-1.3352112041132718	1.0235182457494918	1.5632979885331928
6522	1	1.6562095373840717	1.157044086036303	-1.472918686902978	-1.1220745328098174
6534	1	-1.2833803777263386	-1.211533829479935	1.123439470971113	1.6791414522712147
6537	1	1.7322570424027814	1.3661143154858164	-0.9859516596203273	-1.0857697841797047
6561	1	-0.855328249696188	-1.150593920205507	-0.4583902866453517	-1.2657683467316936
6565	1	1.6653651461226155	1.5889414104643544	-1.636213694581615	-1.2080206007617664
6627	1	1.2023147827466751	1.5704195513827734	-0.9186948844742218	-1.3767492892687923
6656	1	-1.304979523044124	-0.8601075234098013	1.1518377143924323	1.3004496952551432
6668	1	1.1461310607813509	1.5008631323322876	-1.0749011905400236	-0.7929495694560917
6677	1	0.4348715599252393	-0.8985302468308267	-0.1805247464344299	1.53578615539966
6693	1	-0.7422823238450349	-0.5658041612915604	1.3488691723499222	1.739232307221983
6699	1	-1.4523444599989859	-0.6435182299070263	1.2244346639243282	1.2162114143062404
6700	1	1.431406727098567	1.0392344545446954	-1.6332714830959623	-0.5641988046541955
6703	1	1.6965146296770068	1.131362613502741	-1.217411683758105	0.2050747036492669
6709	1	1.2677103443099287	1.2754541152017187	-1.8688807216308168	-0.6817107533061796
6727	1	-1.323887752648746	-0.40153387265501467	1.190097058088839	1.2392379892166179
6737	1	-1.5288772577480354	-1.8497344320384523	1.1239001752798747	1.3539995331815418
6756	1	1.1704975809346316	1.1917233405688663	-1.3461002909716993	-0.24640266847905937
6761	1	-1.5151983124858617	-1.4866274968170956	1.728297461742002	1.0917923088848789
6765	1	1.5981961783141905	1.1442641926938113	-0.9203223330393051	-0.9593114194190563
6793	1	-1.1201559258796707	-1.7325177728077263	1.2351416500015409	1.6396747393419318
6797	1	-0.82647550909808	-1.180519849691542	1.1202702369942834	1.4190005538468877
6804	1	-1.317809252423302	-0.8134095561292792	1.6750965571146232	0.7995977760040016
6822	1	1.0088377573898721	1.4666741065919429	-1.2506837973683373	-1.3980233988578716
6834	1	1.5850698914653825	1.4036109838375228	-1.3687082500813876	-0.28022749236538635
6846	1	1.7327208078074157	1.2314415712370868	-0.78365464200248	-0.41295732114319283
6854	1	-0.7717122194685179	-1.4657955766200341	1.611758190166231	1.3406874336018895
6858	1	1.181163628500033	1.4233501560220068	-1.766107639875031	-0.6234975000452568
6863	1	0.9887995287661157	1.0226706313902416	-1.960726605492948	-0.9621587816183387
6873	1	1.2033657245179605	1.4697091304715575	-1.2762341193120064	-0.9871565787609561
6877	1	1.5428867255850534	1.144494986650704	-1.1871049379276253	0.5559676481266046
6879	1	1.4504628642772162	0.9580345334076209	-0.4925733658385133	0.7844262426813449
6881	1	-0.6464233694440498	-0.5327954731285233	0.7881227110529986	0.20878597025955642
6883	1	-1.4772695771382403	-1.188003453609601	1.3067392465272767	1.20050485348784
6885	1	-1.0525731137926009	-1.274502088795737	1.337980265583113	1.4759744935911616
6898	1	-1.1220336283062764	-1.9632932419379354	1.3006190228618022	1.1914803893626447
6914	1	1.4335017441665598	1.4158150288305769	-1.0840515590694002	-0.892408325951794
6931	1	-0.42452006723457675	0.38520347778206004	-0.6164979817489238	-1.21254126794254
6948	1	-0.16563337620457558	-1.886910746861024	1.2530628054550461	1.266701807062071
6973	1	-0.8735288612584454	-1.3037360910282105	1.4058925303354102	1.585962872991666
6986	1	1.4215110237487063	1.1946181908371045	-0.40357948985887393	-1.633739161239496
6988	1	1.1802644914910485	1.2120982190233214	-0.9115579027449295	-1.0011381115655325
7015	1	-1.312782621871114	-1.5404812890736155	1.2913640726381568	1.3309798175980332
7029	1	-1.6584196104032412	-2.106013012252937	1.1220337477057456	1.5318429693863298
7039	1	0.9063721409620872	1.0122888433450785	-0.9155327638687824	-1.1375534381310684
7048	1	1.2812372992294072	1.3130859563765036	-1.5084189505899481	-0.5641242789947051
7086	1	1.5289271827671347	1.2081253200293203	-0.9113364801418683	-0.8425549236586716
7093	1	1.1452816593179616	1.1889806354961105	-1.6303348714984252	-0.7431773667621157
7097	1	1.7108468179261003	1.3266817359067244	-1.2674923912667484	-0.8338344945622427
7100	1	-1.6252495275188559	-1.6314383543357522	1.233115549941951	1.2964755495772984
7110	1	1.4555047124217133	1.083591598284754	-1.0938350176525051	-1.239984878581813
7147	1	1.578898601042933	1.1679953577912516	-1.4370290039694757	-0.11322902271413898
7168	1	1.1438755166725385	1.2274047227684899	-0.87639787009807	-1.3303435329695537
7187	1	1.3151105462267012	1.5498488844895095	-1.2967852546516319	-0.9059655074265861
7212	1	1.3059467719508204	1.4322958085914805	-2.21243915472029	-0.6704996470076307
7218	1	1.664302883947295	1.3453437685996816	-1.7325431212961628	-0.8653531015230489
7224	1	1.5693688622300621	1.3350836664030974	-0.8020911385109566	-0.33064539872106585
7252	1	-0.8691222548026489	-0.8288933605504588	1.0120782797224326	1.2966373926139525
7254	1	-0.6808888034786335	-1.1983899393649828	1.173542578032219	1.612475283661735
7288	1	1.0819092952102185	1.357330506610343	-0.4923365057060522	-1.7694637350506517
7312	1	1.076502967171883	1.4641006706261142	-0.9999710551921385	-0.9187633428783128
7318	1	0.0268034710437942	0.8810722499662498	-0.5921579923798829	-1.3202423399132148
7319	1	-0.7464081471646926	-0.6857912572392386	1.4848268883826736	0.9566277898431764
7323	1	-0.5363792064660281	-1.2639213299919396	1.345557216900306	1.610687780157244
7328	1	-1.5591430074661452	-0.37573510890501477	-0.5990072609386902	-1.4639628495937147
7336	1	1.2630435541417282	1.2027517456948316	-1.3266783655031873	-1.1817972087562378
7339	1	-0.9435114134204747	-1.600743970381297	1.3204812206148697	1.2501736101171506
7343	1	1.4968887691254298	1.1328781554350371	-0.9496858760931087	-1.2898471794611432
7366	1	1.3839933489738199	1.1030557271128616	-2.018959993356409	-1.489788771415295
7372	1	1.1824883013524852	1.4807432940810172	-1.0220043447024947	-1.3626709843392062
7374	1	-1.177874583283862	-1.177136286021478	1.113678865985453	1.4261768928490508
7402	1	1.6999261540601152	1.1523604689478641	-1.151917511233497	-0.6459940529146322
7418	1	-1.6960441794850778	-0.2531451784178788	0.6774490952559291	-0.911759228596713
7419	1	-1.2541997165720127	-0.5835578689827994	-0.6353777775085051	-1.3195666035230602
7425	1	-0.4765640473506923	1.3474522827928592	-1.2643593295401794	-1.2811749510400063
7438	1	1.3510038358128074	1.5237456788095043	-1.5443009147587503	-0.6368060772678686
7441	1	1.0451146416503996	1.2057379740037832	-1.4569685407178707	-1.52785117620866
7447	1	-1.4859859170841598	-1.1264983037184884	-0.4409411866251672	-1.6688648471970755
7482	1	1.1427744681948697	1.1807023608558276	-0.45438909091252233	-1.1969713374998718
7485	1	1.1863851184659329	1.2288541936796404	-0.4566210246974462	-0.9593868720146099
7494	1	-1.0357593445147892	-1.2597405194359834	1.3355577842539281	1.3428970637896132
7512	1	1.318497759578194	1.3214466682541797	-0.8653128158988838	-1.5072624431447939
7534	1	1.5850786137439008	1.3216279089452132	-1.581559694662377	-1.4552785710037548
7541	1	-1.68685646533837	-0.5279551646734217	1.257993885311736	0.05066124492960981
7548	1	1.3844337312488084	1.2523427447751203	-1.0154264436948075	-1.3069782556216418
7565	1	0.9379579240227988	1.148297858842582	-1.6982631791734322	-0.6167538547974476
7566	1	-1.384977477910151	-0.7116771559368507	-1.0605526123560058	-1.7471499739729615
7605	1	1.2196396404295935	1.3126043653095265	-1.9120045519198348	-1.1642013668535942
7608	1	-0.0041489261321569545	0.732154532942828	-0.9899788872654782	-0.6768141208581262
7611	1	-0.5733180559919936	-0.5391511719768817	-0.4232597669223449	-0.7278371310759358
7624	1	-1.068540822054115	-1.549476797987027	1.4501092468969539	1.1512960425331449
7643	1	1.3072675476149984	1.551970885657187	-1.5997741631744824	-1.7460706496208407
7660	1	-1.0566117143270732	-1.1449252993614512	1.3337618850003912	1.1627770726133304
7695	1	-1.4052094524652554	-0.5055867901566373	-0.5144271562325121	-1.4457107369582458
7702	1	1.086529690279916	1.2397477290606058	-1.184872852794374	-1.0515122665390237
7707	1	1.2733894755274604	1.2595313021836125	-0.8722536501957991	-1.8159113888599523
7716	1	0.23639722571850225	-0.985016910432856	1.241415189522724	1.7862889580248795
7718	1	-0.971542404033901	-0.9867973426058935	1.6253936150312984	1.6201625498219963
7722	1	-1.2418500836721413	-1.32709447008891	1.3219152460174706	1.541809942100701
7725	1	1.7052586211016336	1.5187206442654648	-1.0833226655243946	-1.4515561811607054
7732	1	-1.1833915172370277	-2.0448159412287734	1.6745952914541047	1.34096180667663
7760	1	-1.7035026555203894	-0.7335249938535516	1.455358309589619	1.3419172923706921
7778	1	-1.1663385348313355	-0.7934667154759413	1.2058728510007222	0.9954449059792907
7789	1	1.4531550790531373	1.2837472406678556	-0.9736347813840153	-1.4313573174050684
7796	1	-1.0628631754797357	-0.0781195580042325	0.06577104615343121	-1.1826459114158063
7807	1	1.4291810614331901	1.3785612775589096	-1.1053651872827253	-0.4681487628377176
7830	1	1.4309509416508754	1.163634367317537	-0.8214699297061449	-1.687137908587575
7831	1	1.5168438577326695	1.1493342343325301	-1.634397817348855	-0.775774927300617
7845	1	1.1365107587362027	0.9707241094826745	-0.7871890794934496	-1.2775352438938044
7850	1	1.5490897502548786	0.5790041790120005	-0.6860708403500162	-1.4445911835809773
7857	1	-0.4236626858142448	-1.0820649358416492	1.2596167934269957	0.9717427800659713
7861	1	1.5962741221734165	1.3946970029272683	-1.29267614756133	-0.8240325164671412
7877	1	1.5244775216599273	1.6592821955823902	-1.3496005237406647	-1.306570218366572
7889	1	0.3467370182641838	-1.0155256590641373	1.5408690551612947	1.7265850061869379
7895	1	0.5011328540265554	1.257276704356525	1.144546054672485	-0.12359847106720036
7900	1	1.6894583063555175	1.4258482770852907	-1.0821242894676355	-0.4901553373040262
7911	1	-1.1176036387208343	-1.6539884241606886	1.1494488323919414	1.4420708801394535
7912	1	1.5667202588467337	1.336214602253585	-1.5495100214929682	-0.7819460968357248
7919	1	-1.0476118075391045	-0.47970604378636206	-1.1740526581682278	-0.9687467016075115
7920	1	-1.1662715403090975	-1.7213150977865361	1.1028992327110638	1.3358412264756803
7939	1	-0.42169460573575573	-1.4374489870018514	1.1402668320621276	1.2651642055202488
7952	1	-1.5610518873989445	-1.0072767829974834	0.7413931582107814	1.6332566340395578
7956	1	-1.0688293995668026	-0.6935342959926233	-0.8815998634608975	-1.9725326238952066
7969	1	-1.2421019162668145	-1.063168926871973	1.5055434474442035	1.19510155778758
7990	1	-0.3033019231527449	-1.2888314688153337	1.233227547704265	1.7013513965098144
8002	1	-0.5329994163302957	-0.9967690660106409	1.3143476782965793	1.1945622663859452
8003	1	-0.33636474056939175	-1.8890636619927241	1.3054583856320565	1.519653389379349
8017	1	-1.4244669443714066	-1.631753707076589	1.4741768092765826	1.740422863901701
8020	1	1.3852018484996207	1.107438084591121	-1.3851395325994624	-0.9022505330720433
8033	1	-1.3990266560583773	-1.1498598650990135	1.4644390578883677	1.1124279449135488
8054	1	-1.3481971140406714	-0.9047619867450167	1.2553793429550153	1.271677599849931
8070	1	-0.952453975866694	-1.488837390627582	1.2844429136238102	1.080970701120134
8079	1	-1.1485816459911589	-1.963928645129828	1.2166025393270525	1.2871120122401432
8082	1	1.5619942685328438	1.333743000522183	-1.2665906579317936	-1.4550581456078993
8085	1	1.2105406337112228	1.2519375293839632	-1.7418348491633786	-0.5957910103384285
8098	1	-0.3758373192147926	-1.4810411616713939	1.298958883057989	1.233881411093949
8114	1	1.136382522683941	1.2869210743074926	-1.0987152444711712	-1.2536160295544576
8123	1	1.36968584291713	1.260182010818477	-1.1120920150446243	-0.4030235327398882
8124	1	-0.3949845763669013	-1.7776717088165594	1.0431435833700982	1.2136910751500944
8132	1	1.5795715155516177	1.1975241034552138	-1.2796659426369639	-0.6477886011332047
8133	1	-0.3355307422787053	-1.6682902240751276	1.3457358079266988	1.5661983714752965
8138	1	-0.5251360038752517	-1.549323743557308	1.225600651439013	1.781451834872091
8144	1	-0.3882528331545379	-0.8262390027376304	1.0187121796112766	1.7302278649157552
8146	1	1.5475028523056888	0.8587159985726113	-1.5194760053485554	-0.8447892103456794
8160	1	-1.1582357236680172	-1.1541009881926212	-0.3662668299506747	-1.633682618139634
8168	1	1.484796165071264	1.5875316427815076	-0.616003678111468	-1.5910144534348831
8202	1	-0.8700896853966293	-1.4469450293621557	1.4449944301707383	1.334265620555262
8218	1	-0.9133184112168176	-0.5947569070670455	-0.5898901890413532	-1.2279686356186712
8224	1	-1.7129401608774364	-2.0191693226742564	1.4225013444415853	1.271821460326957
8235	1	1.079737262278711	1.173930990422599	-1.2813400064869023	-0.698605831544959
8247	1	-1.1956127285042433	-1.3256390891552259	1.3926510651666983	1.0121382829306935
8251	1	1.238997716909299	0.7721678101206156	-1.3351770281345585	-1.3556220063521418
8257	1	-1.1122873171735945	-0.5685347432411697	1.2284307138140242	1.5612162755222063
8262	1	1.46116788372536	1.3303974731509904	-1.438697921976281	-1.2750149047376584
8283	1	-1.8609444222896674	-2.204440194458633	1.3111448449910559	1.1301246374598806
8296	1	-0.3828285038179837	-0.25716884299005416	-0.5320589336839303	-1.1770574138900969
8314	1	-1.240637501377672	-0.8820741679333334	0.8737879832670022	1.1668055367444854
8329	1	-1.1849919625549805	-1.0025772543099156	1.4829373045144445	1.4114983041248637
8331	1	1.4740740722268713	1.4592977923137258	-1.8691483054737505	-0.903153554184922
8346	1	1.151407296963484	1.6513835262356176	-1.2975920925852746	-0.7964837912782887
8349	1	-1.205094216414671	-1.2560278129725044	1.098924371587211	1.0007725636967841
8351	1	-1.3555822858203481	-1.4496666705084449	1.2374967813250104	1.759626012938128
8367	1	-0.9002283125448414	-1.1853672804814914	1.4409420787032303	1.0084370272298875
8375	1	1.133061375952716	-0.13140447270712385	0.9224401139128329	1.7107827855668036
8377	1	1.2242785935386922	1.0984384841236476	-1.51682967984307	-1.029793969188405
8398	1	-1.3162932461846246	-0.9552846478390795	-1.1616183336298134	-1.3295445140829785
8427	1	-1.3092742245223317	-1.392255196225676	1.1820516836981843	1.3588340609133531
8500	1	1.262825868339553	1.482340970172628	-1.574962118372121	-1.0221608360942414
8510	1	-0.6966614667460419	-1.6588582827284581	1.3140038148966102	1.622994339495415
8517	1	-1.6848026471178474	-1.3858664618667447	0.39852880855099954	-1.4429008229759213
8539	1	-1.65648660501922	-0.7870710103212009	1.0944819954798612	1.3187665080278308
8550	1	0.9815964113529637	-0.3712024246997444	-1.2289880146281977	-1.4198006493421167
8555	1	1.5225033174284361	1.3123502343405773	-1.2360248037647172	-0.6268122234076614
8568	1	-0.5935819503748679	-0.7816239395526396	1.4479050098559536	1.3228815479872993
8573	1	-0.7305725721437142	-1.5516880556488675	1.0550551507854953	1.4705678609210742
8582	1	0.8868457430650137	1.3992749973052971	-1.1750170497107473	-0.7394247588034022
8588	1	-1.0151272586301967	-1.5457578784229355	1.2646336877853508	1.422562398363771
8593	1	-0.8151372893455698	-1.2143038115797689	1.0521161176147191	1.4387187085600908
8596	1	1.000666838221952	-0.3262383671071866	1.2366157827109168	1.431882555093163
8605	1	-1.1424196345884101	-1.0133410722732183	1.5204361228654086	1.170590402078202
8620	1	1.6605810691454002	1.2490888985227195	-0.7330422478195006	-1.8580499022981267
8630	1	1.1337606428773501	1.3145281534137658	0.6969588027543628	-0.18645252242270216
8633	1	-0.6204551049100582	-0.94568419508068	1.4643942587834422	1.4755875904783353
8669	1	-1.532439658991475	-0.2409987182597684	-0.9592312637571329	-1.2615226087872984
8672	1	1.3362886096304747	1.5030136228393582	-1.4733748507619162	-1.3102017684754166
8715	1	1.4356236703916843	1.196924463476602	-1.2263459268758812	-1.2485835082795225
8716	1	-0.8844782900855022	-0.6358374736988042	-0.8697759267270944	0.356706983404562
8727	1	1.288701713837327	1.4693099766419737	-1.066617745230288	-1.6491969324185036
8735	1	1.3700317647715667	1.2223763543655857	-1.8313654063121603	-1.2048797706048393
8762	1	1.1692957623030147	1.44469185354736	-0.904113532562584	-0.9492092994266541
8778	1	-1.5848768839625005	-0.8239159092647678	-0.6141812929006272	-0.7200466042382219
8786	1	-1.4977392801780731	-0.6360562960715903	1.2230018493083472	1.1368942369174626
8800	1	-1.3744201804556402	-0.92146749890124	1.1963233769318569	1.324913762612505
8814	1	1.146612827484204	1.102448661721323	-1.7054961157423283	-0.5011638153791351
8816	1	1.2446803741543169	1.3460993422497596	-0.2890773667705972	-1.2450155459846213
8823	1	1.1919013100975229	1.3695012130147453	-1.5502532931290813	-1.4010194416017094
8827	1	-0.9361299532486781	-2.288911237298591	1.281696395525552	1.184604563032207
8829	1	1.431245643316565	1.2667478943143797	-1.65076492817609	-0.8490319820946723
8837	1	1.3354341974964472	1.3819916667921248	-1.027735451818092	-0.8852610927420185
8841	1	-0.8495984550310913	-2.00900423545533	1.25357799516169	1.2281401545050057
8856	1	1.2451799565749953	1.4396157503470677	-1.3218331001481622	-1.0513921356252183
8870	1	-1.002722508353304	-1.3153127643984566	1.5518843377815261	1.254819042892046
8882	1	1.1082568860695687	1.286300976558572	-1.6313815965310783	-0.49364692006731076
8906	1	1.7469397920161622	1.2992693844659846	-2.116661695355957	-0.5057432503063228
8931	1	-1.29411304865319	-1.3586571727387013	1.0519328347901757	1.3433429200360665
8952	1	-1.5001690842768622	-0.4482710885467221	-0.832144527241283	-1.3426193180304231
8954	1	1.1738556581642647	1.0843924821075899	-0.9209510339915379	-1.2829856279460805
8967	1	-0.12598301154171201	-1.5562307414307333	1.2552903501384738	1.5092166454680909
8981	1	-0.950902709353154	-1.5364032219863222	1.3146839742801761	1.5616697326443785
8983	1	-1.1982091837968543	-1.3033414833698067	-0.5638317907624306	-0.83685556457979
8994	1	-1.1939913126017672	-1.2973300812187964	1.0166753338204375	1.476094253730542
9001	1	1.3335681866346643	1.20635670790135	-0.9821478221064944	-0.6331502414341651
9004	1	1.76299602212562	1.0380447215469495	-1.141566950467432	-1.1337995324618666
9008	1	1.197640012621532	1.4145404339708085	-1.6272434305619057	0.15068821323212242
9009	1	0.150797897820034	-0.7634033400812383	1.119972988879169	1.3018693905297123
9015	1	1.6166360030043285	0.6776609428622749	-0.7705353149340215	-0.9764691913381784
9050	1	-1.1663567217099489	-0.27840203856325013	-0.4875502661987332	-1.693256057379861
9053	1	0.6440865450157706	-1.0649973969204767	0.6110642378242703	1.031007364209903
9054	1	1.3529179119966392	1.0798016069112184	-0.45460264340255613	-0.5965329299635036
9072	1	1.0628626226316638	-0.261136438117679	-1.5017252681117605	-1.0736708585197154
9091	1	-0.5152560748588818	-0.6253008127554506	-0.7684140167764646	-1.7523120809095476
9108	1	1.5810583856684355	1.2276984054267033	-1.3783830405653827	-0.6171728298980648
9110	1	1.2928221553255583	0.9735154585870534	0.424231689608739	0.6043922711717374
9118	1	1.166191930213177	1.2425577174668219	-1.0487348809036283	-1.5559208394650939
9122	1	1.5419781239759747	1.1423472238463412	-1.2687101399094212	-0.9783047101307494
9128	1	1.2915171539948713	1.6120262615590708	-1.0939217402441346	-1.3765129205726476
9145	1	-0.7602650640247232	-1.266850731161144	1.255070743715342	1.5701754833485444
9150	1	1.604171867001352	1.5937133748127201	-1.444349419871639	-0.6207910321275977
9159	1	-1.2269613398214083	-1.0918896663782505	1.048870906777509	1.2099718368896606
9163	1	-1.132898803634452	-0.4879612844926677	1.0535887368408199	-0.26540281851762104
9179	1	-1.104311628580174	-0.6249780346016867	-1.112211580223311	-1.653756345526724
9183	1	1.266692992589959	1.0658309197977056	-1.2363368840159217	-0.9446187412667065
9200	1	-1.386926072047269	-1.6814175964347935	1.3816833059212872	1.7873299072239792
9228	1	-0.6661505653274437	-1.100366760238129	-0.733262762332597	0.10405480143573419
9240	1	-1.0512276559360194	-1.6800702628361488	1.0785365410929053	1.3042488354042345
9242	1	-0.6641681955586156	-1.0906231030875668	1.5759075551012114	1.3827514213805736
9244	1	-1.014602994017115	-0.7907388612290397	1.3305868997871184	1.10305439666691
9251	1	-1.4526031590682376	-1.2454988805201561	1.1009966328866738	1.2068851397988307
9271	1	-0.5863660279145293	-1.6147881539288829	1.2378186992174993	1.591296277712752
9296	1	-0.7599985705789231	-1.180194798452188	1.4083044172816737	1.2239112867969626
9304	1	-1.3709290420835007	-1.0381207359837534	1.0001571773624056	1.3713538155460863
9307	1	-0.7742535573841076	-1.7518511234448966	1.5287802588544521	1.2791418451933594
9332	1	-0.865970357390762	-0.8884285029303378	1.2930632603104524	1.3513206879585693
9333	1	1.0603506064183277	1.1018372016976439	-1.5868196544346183	-1.683788147041977
9335	1	-0.2663458146501364	-1.600518328751741	1.5612886688043655	1.051278158204053
9336	1	-0.6022775053166581	-1.3439651597979982	1.4916103204190394	1.3046029249804199
9340	1	-0.6510593532668443	-1.2500252000857748	1.1902361472017668	1.493500815289057
9350	1	-0.08872960324789755	1.0138457554351108	-1.0778698879829802	-0.7322834579844321
9365	1	-1.5143722941521174	-1.5074416869465561	1.0771267314226967	1.4636315983593087
9390	1	1.200579234901882	1.2828372487367048	-1.2001031863341227	-0.20981260892865927
9408	1	1.4420347306831962	1.2919206502929252	-1.014174338981803	-0.6942833432945213
9409	1	-0.6198462156373074	-0.8313326844664843	-0.19815485905424615	-1.2769898347141517
9453	1	1.2821819034349244	1.249904027015252	-0.7147318244677909	-1.3639416282947945
9454	1	-0.8025133686233499	-0.7517030108549027	1.2743193753489224	1.1755865874594549
9459	1	-0.8690812415355725	-1.5451203536844924	1.5036070969427917	1.4149522532839776
9460	1	-1.6670858436427776	-0.5053229606891712	0.18773206886348892	0.06407660518671521
9506	1	-0.8447852419320161	-1.3642459325090324	1.3379572606373404	1.647529224768014
9513	1	-1.3071344825793823	-1.3623957923779053	1.121346323602462	1.0527353016955796
9532	1	1.2352326618755993	1.404190923741022	-0.9710117635209574	-1.6419284559716472
9537	1	1.6777589471562617	1.3016971914150215	-1.3188047714641897	-0.6648688811974341
9547	1	1.598037507077311	1.334011982316986	-2.328929843482949	-1.0550778188001604
9549	1	-1.3282904619162685	-0.23860258296995082	-0.7019044483229858	-0.6920612921635494
9559	1	1.7202086064823907	1.4693652883913275	-2.11495251869405	-1.0138391748922495
9574	1	-0.34598318681059986	-1.747177962550171	1.1882409222009767	1.6114936583706876
9580	1	-1.7173766457766688	-0.4435359481849128	-0.4770718160959718	-1.097725590911519
9611	1	1.6856873127492094	1.4984060783486608	-1.5140093037610156	-0.7913022186843731
9620	1	-1.604367093682742	-1.6799003875730647	1.4679050859353293	1.2307446594557003
9624	1	1.23257199576666	1.5491871135047741	-1.1344505521106731	-1.6112010816344844
9628	1	-0.9758114954177355	-1.5859757333038131	0.8442357088488671	1.2763185833317228
9639	1	1.062239814829362	1.4096346606507184	-1.152517758700169	-0.8474497022345981
9644	1	-1.3827306560798571	-0.7949733166049172	1.3139526591619317	0.751885410629918
9689	1	1.4925933253256458	1.3387840982043913	-1.3824359974262004	-1.050688220378739
9723	1	-0.9389877057360569	-1.4571146627522626	1.2525305133874	1.694783498339609
9729	1	0.9962669126603395	1.247044636882216	-0.05180677764531019	-1.4673951084489474
9735	1	1.2996843615549116	1.3049957416840234	-1.4155728056316914	-0.6983331269551326
9737	1	1.2684348501681484	1.2433517820328885	-0.9938406911887248	-1.761549925716517
9742	1	1.3469242220112585	1.4201070690413982	-1.0743814603835558	-0.09702970268448158
9747	1	-1.4353154174641214	-0.5862986040480437	-0.5211370329817369	-1.1576518220174425
9749	1	1.3022620732277275	1.5477893174060342	-0.7307432667255157	-0.9872255428040664
9754	1	1.3715650299868876	1.3918362489428784	-1.212445945134429	-0.5291170554660171
9766	1	1.389587855531682	1.6350632263173601	-1.1602322856470149	-0.72838958496967
9783	1	-1.2295722703847523	-0.7762652160440049	1.104334468900284	1.5829392075531412
9806	1	1.1420494055954677	1.196493031831642	-0.7053512551323611	-0.6473636936417825
9823	1	1.4564561831018088	1.1911367329476363	-1.3215979048473032	-0.9085101323075908
9825	1	-1.379441429176402	-1.3815347184276203	1.23652648719772	1.5358130365454963
9834	1	1.085443302653374	1.1304909609485396	-1.6510571817963986	-1.810579096462142
9836	1	1.2748950892640734	1.0569087557793277	-0.8162585527470153	-1.5796798792527007
9844	1	-0.2501075301741537	-1.3804577304751329	1.2458442469772577	1.4780606558952523
9854	1	1.0722956740592546	1.1855941925842997	-0.9335801438273815	-1.0284046774167128
9857	1	1.4695767169584029	1.493378922258071	-1.428603896625246	-1.233483349033741
9869	1	1.452869099665966	1.2041419648416054	-1.3250916296381883	-1.3403067979396717
9871	1	1.7467308284925058	1.2757415847593194	-1.5448910218874827	-1.1693186100847157
9877	1	1.1515938052594656	1.4036472016679216	-1.538686497203618	-0.9279746773138718
9882	1	1.2570997852823365	1.3596061683638965	-1.5382671109882504	-1.410831245219082
9900	1	-1.4921236174552934	-1.1332293647672562	1.3791391405368314	1.0892944015814652
9939	1	1.3715705973987078	0.8064704901404548	-1.3382247294044447	-1.6466463751466938
9942	1	-0.9402466831290291	-1.3122160641298362	1.4667024721254014	1.6181642610567077
9957	1	-1.0304630656501028	-1.4725031491177065	0.9449618044758743	1.4942757338379862
9976	1	1.185147482818272	1.4517696359181052	-1.2373136861212923	-0.6191955897754247
9983	1	1.1914531334459855	1.2316428150813115	-1.515005175755645	-1.1667548903208067
