1391.0	3.0	63.34719200000001	87.204183	72.023165	81.822802	0.817321	0.35346700000000003	0.12141600000000001	0.992124	77.64405500000001	1.0	87.696173	5.889698	2.0	0.174591	4.3495800000000004	6.0	29.957434000000003	0.371985	2.0	59.167497999999995	12.038093	1.0	6.530062	68.181777	1.0	0.013758000000000001	5.116375	5.0	12.727671	2.817344	2.0	43.991507	6.7875369999999995	6.0	28.411475
1936.0	3.0	54.11827099999999	82.40865	74.376655	79.953311	0.648637	0.636462	0.172084	0.986821	65.44457299999999	4.0	3.8586169999999997	16.026722	2.0	0.138404	3.033191	2.0	61.097598	4.737252	1.0	46.390085	15.548892000000002	2.0	38.766062	58.116778000000004	2.0	0.017618	0.322552	2.0	38.069225	4.7854339999999995	4.0	57.75201	16.785572	2.0	9.349765
2635.0	3.0	63.232726	31.065942	10.970528	84.25269	0.299625	0.789099	0.242603	0.9924790000000001	28.689624	4.0	42.144518	3.3321910000000003	1.0	0.024944	1.986536	5.0	54.30525	3.223426	1.0	46.81349	0.368001	3.0	43.914763	48.788848	3.0	0.144431	4.429121	6.0	21.554338	4.417445	1.0	11.708356	12.632916999999999	5.0	16.701252
3171.0	3.0	99.477259	57.81469499999999	38.549594	11.404527	0.448621	0.9073709999999999	0.27842	0.98811	73.12374399999999	3.0	94.38454300000001	7.477336	1.0	0.035457999999999996	2.121778	6.0	57.084587	0.586598	1.0	97.292078	18.86421	1.0	22.761754999999997	44.925912	2.0	0.011643	0.492501	2.0	13.542445	3.8213019999999998	5.0	80.710409	6.238111	1.0	91.357224
3795.0	3.0	24.384504999999997	87.220005	87.466093	49.023811	0.716475	0.717626	0.19935799999999998	0.150622	35.153765	4.0	13.799535	7.797200999999999	1.0	0.032612999999999996	0.14921800000000002	3.0	66.691769	0.105121	5.0	43.976468	15.774976	4.0	8.128757	7.166838	4.0	0.061124	4.3106230000000005	4.0	1.130817	2.0509180000000002	3.0	7.988971	19.321392000000003	5.0	55.441425
4562.0	3.0	79.06295300000001	59.810722999999996	57.071018	70.85624399999999	0.11819500000000001	0.8691639999999999	0.415868	0.518762	50.611826	5.0	40.608447999999996	16.700460999999997	4.0	0.022752	0.09615900000000001	5.0	11.593817	1.088549	4.0	99.045216	11.674813	3.0	3.4343	12.689027000000001	1.0	0.022218	1.9293040000000001	1.0	1.532698	0.38894	5.0	30.503467999999998	14.991128	4.0	70.105663
4661.0	3.0	41.39653	30.702326	55.68434499999999	61.911424	0.252722	0.6422100000000001	0.8347479999999999	0.7099850000000001	7.393446000000001	6.0	29.275537	2.622976	2.0	0.044164999999999996	3.7231199999999998	1.0	68.938017	3.867514	5.0	7.3985710000000005	21.361298	1.0	20.544459	51.890693	6.0	0.038636000000000004	0.441983	3.0	36.157676	0.745941	6.0	7.216722	10.468293	4.0	42.525511
5170.0	3.0	94.88688499999999	48.127607	38.262211	69.824106	0.374893	0.6649390000000001	0.35480100000000003	0.90218	29.944659	3.0	7.5857600000000005	23.303257000000002	3.0	0.011831999999999999	0.36185300000000004	3.0	81.563288	4.881333000000001	3.0	37.436852	12.382919000000001	6.0	2.8758529999999998	40.969822	2.0	0.01272	1.334358	2.0	75.404606	3.886336	1.0	56.837442	24.257876	4.0	94.47629
5720.0	3.0	47.276548	38.399004	99.517997	52.591722	0.19269	0.540017	0.17951	0.6033689999999999	59.863248999999996	6.0	87.75099499999999	9.364111999999999	1.0	0.01162	6.25917	1.0	91.322478	1.479035	6.0	72.459869	21.087466	4.0	58.118768	68.650588	3.0	0.018612	0.754306	5.0	11.011657000000001	5.473314	4.0	26.087464999999998	9.287078999999999	6.0	12.477458
6375.0	3.0	60.058684	83.67044399999999	54.61071	39.135519	0.166874	0.149067	0.470592	0.294694	1.99918	6.0	63.735510999999995	23.730887	2.0	0.012418	5.56655	3.0	59.900666	2.154403	4.0	35.209621999999996	0.516016	5.0	4.5666709999999995	34.928729	2.0	0.029673	1.031591	1.0	62.986965000000005	0.107053	2.0	30.357101	13.376066	3.0	82.972165
6804.0	3.0	99.46799200000001	19.948426	59.450782999999994	57.134496999999996	0.210632	0.752868	0.14388099999999998	0.434482	4.487197	4.0	34.208498	13.576982999999998	5.0	0.041868999999999996	2.600343	1.0	85.259292	3.1589270000000003	4.0	71.840913	16.887714000000003	3.0	8.187576	65.703216	3.0	0.018634	0.8618819999999999	1.0	25.79543	2.585555	2.0	22.442393	25.252213	5.0	72.71214
9787.0	3.0	8.302479	25.108591	81.669851	39.649460999999995	0.133669	0.699769	0.331115	0.893631	11.760583	4.0	9.260176	23.001276999999998	5.0	0.010434	1.902016	5.0	4.059488	2.28465	5.0	65.180856	12.58661	4.0	21.376609	37.491494	3.0	0.014536000000000002	1.330027	2.0	28.595478000000004	4.398692	4.0	60.33855	23.968541000000002	6.0	9.533342
9863.0	3.0	78.69264799999999	32.256266	42.620776	29.416209000000002	0.708756	0.780593	0.11666099999999999	0.818009	19.78337	4.0	9.085722	5.155273	1.0	0.429119	2.364703	3.0	17.978881	2.275932	3.0	41.496632	5.33371	2.0	72.642077	26.239622999999998	2.0	0.011755	0.222208	5.0	18.36003	2.500294	3.0	59.387395999999995	12.305278999999999	3.0	55.003591
1391.0	3.0	63.34719200000001	87.204183	72.023165	81.822802	0.817321	0.35346700000000003	0.12141600000000001	0.992124	77.64405500000001	1.0	87.696173	5.889698	2.0	0.174591	4.3495800000000004	6.0	29.957434000000003	0.371985	2.0	59.167497999999995	12.038093	1.0	6.530062	68.181777	1.0	0.013758000000000001	5.116375	5.0	12.727671	2.817344	2.0	43.991507	6.7875369999999995	6.0	28.411475
1936.0	3.0	54.11827099999999	82.40865	74.376655	79.953311	0.648637	0.636462	0.172084	0.986821	65.44457299999999	4.0	3.8586169999999997	16.026722	2.0	0.138404	3.033191	2.0	61.097598	4.737252	1.0	46.390085	15.548892000000002	2.0	38.766062	58.116778000000004	2.0	0.017618	0.322552	2.0	38.069225	4.7854339999999995	4.0	57.75201	16.785572	2.0	9.349765
2635.0	3.0	63.232726	31.065942	10.970528	84.25269	0.299625	0.789099	0.242603	0.9924790000000001	28.689624	4.0	42.144518	3.3321910000000003	1.0	0.024944	1.986536	5.0	54.30525	3.223426	1.0	46.81349	0.368001	3.0	43.914763	48.788848	3.0	0.144431	4.429121	6.0	21.554338	4.417445	1.0	11.708356	12.632916999999999	5.0	16.701252
3171.0	3.0	99.477259	57.81469499999999	38.549594	11.404527	0.448621	0.9073709999999999	0.27842	0.98811	73.12374399999999	3.0	94.38454300000001	7.477336	1.0	0.035457999999999996	2.121778	6.0	57.084587	0.586598	1.0	97.292078	18.86421	1.0	22.761754999999997	44.925912	2.0	0.011643	0.492501	2.0	13.542445	3.8213019999999998	5.0	80.710409	6.238111	1.0	91.357224
3795.0	3.0	24.384504999999997	87.220005	87.466093	49.023811	0.716475	0.717626	0.19935799999999998	0.150622	35.153765	4.0	13.799535	7.797200999999999	1.0	0.032612999999999996	0.14921800000000002	3.0	66.691769	0.105121	5.0	43.976468	15.774976	4.0	8.128757	7.166838	4.0	0.061124	4.3106230000000005	4.0	1.130817	2.0509180000000002	3.0	7.988971	19.321392000000003	5.0	55.441425
4562.0	3.0	79.06295300000001	59.810722999999996	57.071018	70.85624399999999	0.11819500000000001	0.8691639999999999	0.415868	0.518762	50.611826	5.0	40.608447999999996	16.700460999999997	4.0	0.022752	0.09615900000000001	5.0	11.593817	1.088549	4.0	99.045216	11.674813	3.0	3.4343	12.689027000000001	1.0	0.022218	1.9293040000000001	1.0	1.532698	0.38894	5.0	30.503467999999998	14.991128	4.0	70.105663
4661.0	3.0	41.39653	30.702326	55.68434499999999	61.911424	0.252722	0.6422100000000001	0.8347479999999999	0.7099850000000001	7.393446000000001	6.0	29.275537	2.622976	2.0	0.044164999999999996	3.7231199999999998	1.0	68.938017	3.867514	5.0	7.3985710000000005	21.361298	1.0	20.544459	51.890693	6.0	0.038636000000000004	0.441983	3.0	36.157676	0.745941	6.0	7.216722	10.468293	4.0	42.525511
5170.0	3.0	94.88688499999999	48.127607	38.262211	69.824106	0.374893	0.6649390000000001	0.35480100000000003	0.90218	29.944659	3.0	7.5857600000000005	23.303257000000002	3.0	0.011831999999999999	0.36185300000000004	3.0	81.563288	4.881333000000001	3.0	37.436852	12.382919000000001	6.0	2.8758529999999998	40.969822	2.0	0.01272	1.334358	2.0	75.404606	3.886336	1.0	56.837442	24.257876	4.0	94.47629
5720.0	3.0	47.276548	38.399004	99.517997	52.591722	0.19269	0.540017	0.17951	0.6033689999999999	59.863248999999996	6.0	87.75099499999999	9.364111999999999	1.0	0.01162	6.25917	1.0	91.322478	1.479035	6.0	72.459869	21.087466	4.0	58.118768	68.650588	3.0	0.018612	0.754306	5.0	11.011657000000001	5.473314	4.0	26.087464999999998	9.287078999999999	6.0	12.477458
6375.0	3.0	60.058684	83.67044399999999	54.61071	39.135519	0.166874	0.149067	0.470592	0.294694	1.99918	6.0	63.735510999999995	23.730887	2.0	0.012418	5.56655	3.0	59.900666	2.154403	4.0	35.209621999999996	0.516016	5.0	4.5666709999999995	34.928729	2.0	0.029673	1.031591	1.0	62.986965000000005	0.107053	2.0	30.357101	13.376066	3.0	82.972165
6804.0	3.0	99.46799200000001	19.948426	59.450782999999994	57.134496999999996	0.210632	0.752868	0.14388099999999998	0.434482	4.487197	4.0	34.208498	13.576982999999998	5.0	0.041868999999999996	2.600343	1.0	85.259292	3.1589270000000003	4.0	71.840913	16.887714000000003	3.0	8.187576	65.703216	3.0	0.018634	0.8618819999999999	1.0	25.79543	2.585555	2.0	22.442393	25.252213	5.0	72.71214
9787.0	3.0	8.302479	25.108591	81.669851	39.649460999999995	0.133669	0.699769	0.331115	0.893631	11.760583	4.0	9.260176	23.001276999999998	5.0	0.010434	1.902016	5.0	4.059488	2.28465	5.0	65.180856	12.58661	4.0	21.376609	37.491494	3.0	0.014536000000000002	1.330027	2.0	28.595478000000004	4.398692	4.0	60.33855	23.968541000000002	6.0	9.533342
9863.0	3.0	78.69264799999999	32.256266	42.620776	29.416209000000002	0.708756	0.780593	0.11666099999999999	0.818009	19.78337	4.0	9.085722	5.155273	1.0	0.429119	2.364703	3.0	17.978881	2.275932	3.0	41.496632	5.33371	2.0	72.642077	26.239622999999998	2.0	0.011755	0.222208	5.0	18.36003	2.500294	3.0	59.387395999999995	12.305278999999999	3.0	55.003591
