152.0	3.0	54.459427000000005	8.959961	93.23338000000001	37.711996	0.123465	0.64793	0.190821	0.806345	49.67625	3.0	51.45425	25.351873	4.0	0.013994	2.900346	6.0	60.775443	1.001036	6.0	87.086527	21.148084	3.0	74.705951	24.698255	2.0	0.050919	2.394794	1.0	56.207519	3.26096	6.0	49.232507	12.122800999999999	5.0	28.400316999999998
685.0	3.0	42.737582	6.983219	91.788751	31.609238	0.711585	0.799693	0.105725	0.298307	39.426899	1.0	29.338707	22.354579	1.0	0.02175	4.878939	2.0	95.046639	1.2667709999999999	6.0	96.61614200000001	20.428951	3.0	81.587125	14.332414000000002	6.0	0.030681	4.4682129999999995	1.0	78.610476	3.230739	1.0	7.433307000000001	16.923036	6.0	21.677175
792.0	3.0	79.319457	7.633057000000001	97.43565500000001	11.408714999999999	0.360323	0.910156	0.959875	0.8367469999999999	52.745181	3.0	62.164756999999994	18.313206	1.0	0.017412999999999998	1.518744	5.0	50.811982	3.9746639999999998	1.0	13.151526	9.014289	6.0	5.591607	36.984288	4.0	0.025907999999999997	2.949032	3.0	13.24244	4.567372	4.0	64.336433	3.9808739999999996	4.0	81.963061
1470.0	3.0	83.685204	3.4270519999999998	12.086228	33.951923	0.164758	0.5619689999999999	0.232184	0.886498	16.685212	4.0	52.54458399999999	21.238573000000002	6.0	0.021407	3.530701	6.0	78.210729	0.770058	1.0	56.964913	21.903381	3.0	10.336391	14.926162	6.0	0.015581	0.423266	2.0	49.655949	4.807313	6.0	45.354582	18.162535000000002	2.0	59.67349300000001
1822.0	3.0	33.733437	8.552778	80.005421	22.620735	0.5221899999999999	0.88092	0.263131	0.781829	74.759238	4.0	52.97598299999999	3.156301	1.0	0.012399	0.428338	6.0	39.014081	6.081956	3.0	32.799535999999996	1.390432	3.0	29.826690000000003	45.457303	1.0	0.036911	0.748732	1.0	95.034772	1.739121	2.0	49.059823	10.13332	2.0	97.884907
2687.0	3.0	99.696848	5.005944	64.894795	50.238490000000006	0.185371	0.305884	0.18023599999999998	0.363631	61.542170999999996	1.0	84.58671700000001	19.365951000000003	1.0	0.030514	1.153158	1.0	18.039601	5.602505000000001	6.0	53.158480000000004	15.06374	3.0	38.24577	77.31509	6.0	0.117806	2.275732	1.0	2.255248	1.975818	1.0	55.505506999999994	22.646214999999998	5.0	38.828495000000004
2720.0	3.0	46.12722	10.233546	67.985875	14.583701999999999	0.945896	0.505312	0.34880500000000003	0.166678	16.971483	3.0	54.816697	8.705043	6.0	0.223642	2.3571020000000003	6.0	40.501118	5.871539	4.0	68.84570500000001	1.871862	4.0	20.552971	51.007756	4.0	0.056972	0.765803	3.0	92.56923	3.4265830000000004	3.0	93.03303000000001	18.728162	6.0	41.353151000000004
3017.0	3.0	25.897129999999997	6.142525	31.269174	16.342357999999997	0.68703	0.662072	0.236267	0.9463370000000001	63.20667099999999	3.0	44.748738	2.248872	2.0	0.015811000000000002	0.228753	6.0	68.78499000000001	0.640741	3.0	44.167023	11.832061	6.0	2.007068	61.676349	1.0	0.316156	0.691037	3.0	43.374567	3.5626349999999998	6.0	8.452047	3.714636	5.0	74.745796
3388.0	3.0	8.516294	2.8239330000000002	61.325382999999995	24.698342	0.100214	0.564467	0.540115	0.721063	73.696889	1.0	16.505760000000002	14.391807	3.0	0.196605	2.6943639999999998	6.0	95.313785	3.234658	4.0	77.602489	3.833357	5.0	66.959521	53.263375	1.0	0.025021	0.178277	2.0	52.293704	5.203806	5.0	31.946286999999998	7.303062	3.0	84.481721
3559.0	3.0	57.515733	4.253536	87.376851	45.519271999999994	0.365369	0.583163	0.836936	0.277828	48.151136	6.0	46.785189	12.589263	5.0	0.018298	0.513713	5.0	50.719791	1.160361	2.0	75.009973	16.145187	4.0	34.285328	55.606189	1.0	0.124091	0.064117	2.0	57.543177	2.751937	4.0	71.656684	9.469880999999999	4.0	65.83019399999999
3673.0	3.0	81.08997099999999	9.136031	51.632787	33.488490000000006	0.157594	0.833198	0.336267	0.5120899999999999	28.956469	3.0	93.901455	10.564103	3.0	0.025824	5.26503	1.0	33.024440000000006	3.8771269999999998	2.0	13.085413	3.166299	4.0	25.317423	22.409520999999998	2.0	0.01087	0.6807770000000001	2.0	51.496922999999995	4.966026	2.0	81.590909	18.780958	5.0	94.60635
4266.0	3.0	86.194484	4.865766000000001	73.547668	19.416774	0.372449	0.601086	0.726418	0.22648800000000002	64.27247	5.0	11.870061999999999	1.554109	1.0	0.010939	6.1948300000000005	2.0	59.434064	2.3482939999999997	2.0	14.825792999999999	19.799758999999998	6.0	16.668385	67.408705	6.0	0.141459	0.229989	2.0	35.990774	1.588084	2.0	66.559943	12.535689999999999	5.0	96.836039
5420.0	3.0	79.476214	1.7630130000000002	90.54293	29.175418	0.164893	0.693823	0.192663	0.991133	55.303853000000004	1.0	63.555772	1.035325	4.0	0.010317	4.291101	5.0	49.272842	1.199976	4.0	6.229833	8.757394999999999	2.0	35.766453000000006	46.198189	5.0	0.027597000000000003	1.281754	4.0	26.660038	5.207505	6.0	50.910551	4.087896	3.0	99.293871
5557.0	3.0	64.63114	5.119814	71.253046	51.517908	0.239139	0.610163	0.24783899999999998	0.571605	26.391989000000002	6.0	78.896648	6.788927	5.0	0.018113999999999998	0.615207	5.0	93.49278699999999	1.252445	5.0	56.475660999999995	23.465187	6.0	18.294605999999998	64.777906	2.0	0.016815	1.023385	1.0	96.68083299999999	4.909136	4.0	39.540101	21.081919	6.0	97.109398
6780.0	3.0	74.253536	16.389226	28.288196000000003	41.956204	0.46994600000000003	0.803208	0.207616	0.329425	32.10435	4.0	90.207027	7.529866	3.0	0.016812	4.176597	5.0	12.008610000000001	3.512167	1.0	3.9138900000000003	21.488988	1.0	15.561998999999998	57.146584999999995	5.0	0.229223	3.074996	1.0	51.442539000000004	4.388980999999999	6.0	56.50608199999999	23.427252	5.0	99.358264
6856.0	3.0	12.191875	18.1852	64.799773	83.309152	0.520261	0.435758	0.367643	0.7274520000000001	53.172971999999994	4.0	14.890504	21.001642	4.0	0.011588	0.8723059999999999	6.0	46.635169	4.957464	5.0	29.170686	18.361771	4.0	10.592941999999999	52.078426	3.0	0.011411	0.8283290000000001	3.0	13.097713	3.5264279999999997	4.0	95.904426	15.128835999999998	5.0	83.599936
7996.0	3.0	52.941851	14.34885	74.428954	76.941982	0.147014	0.713206	0.349097	0.8812770000000001	71.15303	1.0	95.589774	7.945603	6.0	0.077959	3.265529	6.0	9.623576	1.773134	2.0	62.286170999999996	21.72972	3.0	39.818024	43.306579	1.0	0.191748	0.952398	2.0	40.319637	5.83635	5.0	32.632163	25.043377	3.0	90.715223
8343.0	3.0	88.129927	7.814064999999999	77.125589	66.59155600000001	0.29406	0.685448	0.21894899999999998	0.8164170000000001	61.159093999999996	6.0	37.258014	2.916989	4.0	0.011037	4.319066	5.0	29.469553	2.531742	1.0	96.304342	6.597519	2.0	89.962571	23.105209	5.0	0.01174	0.19879000000000002	6.0	25.387396	4.503064	4.0	25.599574	14.746270999999998	4.0	84.541975
8989.0	3.0	89.365708	5.737362	72.011635	17.719738	0.717306	0.3616	0.181853	0.786283	37.979399	1.0	67.85514	9.57116	6.0	0.01524	1.6863549999999998	3.0	40.039127	5.106767	1.0	51.182012	16.77463	6.0	12.536783999999999	40.355740999999995	6.0	0.020194999999999998	4.885543	3.0	15.010644000000001	3.865025	4.0	61.320668000000005	8.427284	4.0	95.78772099999999
152.0	3.0	54.459427000000005	8.959961	93.23338000000001	37.711996	0.123465	0.64793	0.190821	0.806345	49.67625	3.0	51.45425	25.351873	4.0	0.013994	2.900346	6.0	60.775443	1.001036	6.0	87.086527	21.148084	3.0	74.705951	24.698255	2.0	0.050919	2.394794	1.0	56.207519	3.26096	6.0	49.232507	12.122800999999999	5.0	28.400316999999998
685.0	3.0	42.737582	6.983219	91.788751	31.609238	0.711585	0.799693	0.105725	0.298307	39.426899	1.0	29.338707	22.354579	1.0	0.02175	4.878939	2.0	95.046639	1.2667709999999999	6.0	96.61614200000001	20.428951	3.0	81.587125	14.332414000000002	6.0	0.030681	4.4682129999999995	1.0	78.610476	3.230739	1.0	7.433307000000001	16.923036	6.0	21.677175
792.0	3.0	79.319457	7.633057000000001	97.43565500000001	11.408714999999999	0.360323	0.910156	0.959875	0.8367469999999999	52.745181	3.0	62.164756999999994	18.313206	1.0	0.017412999999999998	1.518744	5.0	50.811982	3.9746639999999998	1.0	13.151526	9.014289	6.0	5.591607	36.984288	4.0	0.025907999999999997	2.949032	3.0	13.24244	4.567372	4.0	64.336433	3.9808739999999996	4.0	81.963061
1470.0	3.0	83.685204	3.4270519999999998	12.086228	33.951923	0.164758	0.5619689999999999	0.232184	0.886498	16.685212	4.0	52.54458399999999	21.238573000000002	6.0	0.021407	3.530701	6.0	78.210729	0.770058	1.0	56.964913	21.903381	3.0	10.336391	14.926162	6.0	0.015581	0.423266	2.0	49.655949	4.807313	6.0	45.354582	18.162535000000002	2.0	59.67349300000001
1822.0	3.0	33.733437	8.552778	80.005421	22.620735	0.5221899999999999	0.88092	0.263131	0.781829	74.759238	4.0	52.97598299999999	3.156301	1.0	0.012399	0.428338	6.0	39.014081	6.081956	3.0	32.799535999999996	1.390432	3.0	29.826690000000003	45.457303	1.0	0.036911	0.748732	1.0	95.034772	1.739121	2.0	49.059823	10.13332	2.0	97.884907
2687.0	3.0	99.696848	5.005944	64.894795	50.238490000000006	0.185371	0.305884	0.18023599999999998	0.363631	61.542170999999996	1.0	84.58671700000001	19.365951000000003	1.0	0.030514	1.153158	1.0	18.039601	5.602505000000001	6.0	53.158480000000004	15.06374	3.0	38.24577	77.31509	6.0	0.117806	2.275732	1.0	2.255248	1.975818	1.0	55.505506999999994	22.646214999999998	5.0	38.828495000000004
2720.0	3.0	46.12722	10.233546	67.985875	14.583701999999999	0.945896	0.505312	0.34880500000000003	0.166678	16.971483	3.0	54.816697	8.705043	6.0	0.223642	2.3571020000000003	6.0	40.501118	5.871539	4.0	68.84570500000001	1.871862	4.0	20.552971	51.007756	4.0	0.056972	0.765803	3.0	92.56923	3.4265830000000004	3.0	93.03303000000001	18.728162	6.0	41.353151000000004
3017.0	3.0	25.897129999999997	6.142525	31.269174	16.342357999999997	0.68703	0.662072	0.236267	0.9463370000000001	63.20667099999999	3.0	44.748738	2.248872	2.0	0.015811000000000002	0.228753	6.0	68.78499000000001	0.640741	3.0	44.167023	11.832061	6.0	2.007068	61.676349	1.0	0.316156	0.691037	3.0	43.374567	3.5626349999999998	6.0	8.452047	3.714636	5.0	74.745796
3388.0	3.0	8.516294	2.8239330000000002	61.325382999999995	24.698342	0.100214	0.564467	0.540115	0.721063	73.696889	1.0	16.505760000000002	14.391807	3.0	0.196605	2.6943639999999998	6.0	95.313785	3.234658	4.0	77.602489	3.833357	5.0	66.959521	53.263375	1.0	0.025021	0.178277	2.0	52.293704	5.203806	5.0	31.946286999999998	7.303062	3.0	84.481721
3559.0	3.0	57.515733	4.253536	87.376851	45.519271999999994	0.365369	0.583163	0.836936	0.277828	48.151136	6.0	46.785189	12.589263	5.0	0.018298	0.513713	5.0	50.719791	1.160361	2.0	75.009973	16.145187	4.0	34.285328	55.606189	1.0	0.124091	0.064117	2.0	57.543177	2.751937	4.0	71.656684	9.469880999999999	4.0	65.83019399999999
3673.0	3.0	81.08997099999999	9.136031	51.632787	33.488490000000006	0.157594	0.833198	0.336267	0.5120899999999999	28.956469	3.0	93.901455	10.564103	3.0	0.025824	5.26503	1.0	33.024440000000006	3.8771269999999998	2.0	13.085413	3.166299	4.0	25.317423	22.409520999999998	2.0	0.01087	0.6807770000000001	2.0	51.496922999999995	4.966026	2.0	81.590909	18.780958	5.0	94.60635
4266.0	3.0	86.194484	4.865766000000001	73.547668	19.416774	0.372449	0.601086	0.726418	0.22648800000000002	64.27247	5.0	11.870061999999999	1.554109	1.0	0.010939	6.1948300000000005	2.0	59.434064	2.3482939999999997	2.0	14.825792999999999	19.799758999999998	6.0	16.668385	67.408705	6.0	0.141459	0.229989	2.0	35.990774	1.588084	2.0	66.559943	12.535689999999999	5.0	96.836039
5420.0	3.0	79.476214	1.7630130000000002	90.54293	29.175418	0.164893	0.693823	0.192663	0.991133	55.303853000000004	1.0	63.555772	1.035325	4.0	0.010317	4.291101	5.0	49.272842	1.199976	4.0	6.229833	8.757394999999999	2.0	35.766453000000006	46.198189	5.0	0.027597000000000003	1.281754	4.0	26.660038	5.207505	6.0	50.910551	4.087896	3.0	99.293871
5557.0	3.0	64.63114	5.119814	71.253046	51.517908	0.239139	0.610163	0.24783899999999998	0.571605	26.391989000000002	6.0	78.896648	6.788927	5.0	0.018113999999999998	0.615207	5.0	93.49278699999999	1.252445	5.0	56.475660999999995	23.465187	6.0	18.294605999999998	64.777906	2.0	0.016815	1.023385	1.0	96.68083299999999	4.909136	4.0	39.540101	21.081919	6.0	97.109398
6780.0	3.0	74.253536	16.389226	28.288196000000003	41.956204	0.46994600000000003	0.803208	0.207616	0.329425	32.10435	4.0	90.207027	7.529866	3.0	0.016812	4.176597	5.0	12.008610000000001	3.512167	1.0	3.9138900000000003	21.488988	1.0	15.561998999999998	57.146584999999995	5.0	0.229223	3.074996	1.0	51.442539000000004	4.388980999999999	6.0	56.50608199999999	23.427252	5.0	99.358264
6856.0	3.0	12.191875	18.1852	64.799773	83.309152	0.520261	0.435758	0.367643	0.7274520000000001	53.172971999999994	4.0	14.890504	21.001642	4.0	0.011588	0.8723059999999999	6.0	46.635169	4.957464	5.0	29.170686	18.361771	4.0	10.592941999999999	52.078426	3.0	0.011411	0.8283290000000001	3.0	13.097713	3.5264279999999997	4.0	95.904426	15.128835999999998	5.0	83.599936
7996.0	3.0	52.941851	14.34885	74.428954	76.941982	0.147014	0.713206	0.349097	0.8812770000000001	71.15303	1.0	95.589774	7.945603	6.0	0.077959	3.265529	6.0	9.623576	1.773134	2.0	62.286170999999996	21.72972	3.0	39.818024	43.306579	1.0	0.191748	0.952398	2.0	40.319637	5.83635	5.0	32.632163	25.043377	3.0	90.715223
8343.0	3.0	88.129927	7.814064999999999	77.125589	66.59155600000001	0.29406	0.685448	0.21894899999999998	0.8164170000000001	61.159093999999996	6.0	37.258014	2.916989	4.0	0.011037	4.319066	5.0	29.469553	2.531742	1.0	96.304342	6.597519	2.0	89.962571	23.105209	5.0	0.01174	0.19879000000000002	6.0	25.387396	4.503064	4.0	25.599574	14.746270999999998	4.0	84.541975
8989.0	3.0	89.365708	5.737362	72.011635	17.719738	0.717306	0.3616	0.181853	0.786283	37.979399	1.0	67.85514	9.57116	6.0	0.01524	1.6863549999999998	3.0	40.039127	5.106767	1.0	51.182012	16.77463	6.0	12.536783999999999	40.355740999999995	6.0	0.020194999999999998	4.885543	3.0	15.010644000000001	3.865025	4.0	61.320668000000005	8.427284	4.0	95.78772099999999
