1.0	1.0	5.8837660000000005	23.577634	92.85855	10.708960000000001	0.23428800000000002	0.9697540000000001	0.403011	0.898904	19.693337	6.0	97.516377	24.694634	4.0	0.040086000000000004	1.447374	3.0	32.416046	0.38348499999999996	2.0	88.772287	16.389958	6.0	35.620514	12.573178	3.0	97.63526800000001	14.772167999999999	1.0	0.042769	4.880005000000001	4.0	11.917328	3.2075169999999997	5.0	68.666921	7.930486	3.0	13.457388
68.0	1.0	85.216553	11.039182	18.977739	3.684389	0.439012	0.8694790000000001	0.744847	0.5942310000000001	8.116474	6.0	96.631212	12.037889	4.0	0.010569	1.808112	5.0	32.220512	1.167549	6.0	29.039815	10.171565	3.0	63.344967000000004	6.548819	6.0	11.313042999999999	20.882658	5.0	0.017408	2.338192	3.0	75.502988	1.4215520000000001	5.0	86.09660699999999	7.994896000000001	2.0	54.682223
91.0	1.0	97.168402	3.581038	43.997609999999995	6.707859	0.206554	0.659151	0.7328100000000001	0.762089	7.233318	4.0	51.845760999999996	12.312477000000001	2.0	0.01094	3.5933900000000003	1.0	59.690642000000004	3.206995	4.0	60.815754000000005	3.532667	2.0	59.953334	15.728682999999998	6.0	97.067211	0.96805	4.0	0.012003	1.743208	1.0	46.091259	4.623226	1.0	60.284339	3.8348440000000004	3.0	18.504398000000002
98.0	1.0	42.429347	2.522607	16.975839	10.179136	0.371949	0.679782	0.549404	0.94384	3.1484669999999997	2.0	89.75814100000001	9.961196000000001	3.0	0.032674	1.034606	2.0	74.473325	1.321689	6.0	3.6966730000000005	12.443381	1.0	43.429145	10.519645	2.0	53.475101	7.769512	3.0	0.051925	4.702529	2.0	44.071944	5.344124	4.0	47.250135	13.540061999999999	3.0	9.680203
286.0	1.0	55.720785	16.078955	61.702674	20.418712	0.719543	0.569947	0.5997239999999999	0.649311	18.051026999999998	3.0	12.402182	1.954759	1.0	0.015705	4.532841	4.0	73.249158	0.748363	5.0	86.039516	22.356323	5.0	16.442115	24.662117000000002	6.0	42.110772999999995	15.939135	1.0	0.05239	3.279413	2.0	43.599121000000004	2.175922	6.0	5.812079	16.617928	2.0	92.706316
400.0	1.0	1.684107	59.412170999999994	3.6087019999999996	47.960969	0.958362	0.556484	0.879041	0.534082	21.673104000000002	4.0	15.113976000000001	12.99699	4.0	0.21826700000000002	1.7771430000000001	3.0	22.719679	1.962839	4.0	26.9849	7.919886999999999	5.0	97.730915	9.598778	2.0	86.66043	19.343166	2.0	0.033245	5.251247	4.0	7.8634949999999995	3.84905	4.0	60.445372	18.335171	4.0	33.699552000000004
420.0	1.0	2.012035	23.269865	23.710162	7.647525	0.562663	0.134274	0.334918	0.833742	12.263852	6.0	50.439364000000005	9.215328	3.0	0.05954400000000001	2.753593	3.0	42.902363	2.176678	6.0	40.131006	3.0214630000000002	1.0	5.529646	4.227221	6.0	62.58333100000001	17.121476	5.0	0.013081	0.073507	4.0	43.586909000000006	4.056079	5.0	19.831781	13.464955999999999	5.0	18.938603
472.0	1.0	51.810857	21.701784	6.991039	9.582500999999999	0.9100010000000001	0.7407	0.583971	0.566731	6.829434	5.0	26.043713	13.213745999999999	6.0	0.012830000000000001	2.6808680000000003	2.0	62.464758999999994	2.573518	1.0	80.06076999999999	17.492265	3.0	49.776589	22.109679	6.0	48.019464	13.680247	3.0	0.020281999999999998	3.090399	4.0	78.660561	2.5127330000000003	1.0	54.590963	22.092289	4.0	95.541891
481.0	1.0	5.923597	41.195954	8.030372	31.645151000000002	0.9967010000000001	0.434742	0.9252030000000001	0.377612	17.372957	1.0	46.436896999999995	1.7099779999999998	5.0	0.025798	4.954626	1.0	36.797804	5.008047	5.0	85.754231	22.373504	3.0	15.505531	19.052134	4.0	53.84329	5.572763	1.0	0.086435	5.931456	6.0	40.907937	2.942862	6.0	17.864442999999998	22.409330999999998	1.0	83.578604
547.0	1.0	52.635214000000005	3.430533	2.264589	44.037299	0.49798000000000003	0.14365	0.598226	0.922075	17.807054	5.0	50.197933	25.624629000000002	5.0	0.081109	3.662924	4.0	6.5735399999999995	3.8129800000000005	4.0	78.414895	18.468416	2.0	7.130097999999999	4.910169000000001	4.0	29.163066999999998	19.183487	6.0	0.010525	3.573385	6.0	79.177082	3.769114	1.0	70.094779	8.22985	4.0	36.304396000000004
610.0	1.0	1.590818	82.383208	30.242715000000004	11.878487	0.822269	0.692427	0.608146	0.870582	23.557651999999997	5.0	74.241648	4.368792	5.0	0.080775	5.6557699999999995	6.0	45.855415	1.862365	3.0	60.407043	1.267152	2.0	32.104746999999996	19.412188	3.0	66.94202	9.303803	5.0	0.011665	5.708347	1.0	76.65923000000001	3.263865	1.0	74.31294100000001	14.071754	4.0	3.842143
660.0	1.0	85.43664799999999	15.973691	4.591189	60.680997999999995	0.803239	0.488038	0.7223	0.923791	13.979249	4.0	1.392879	24.613438000000002	6.0	0.045543	2.334102	5.0	3.57025	3.6539910000000004	2.0	62.200552	19.693058999999998	3.0	78.844792	23.822834	4.0	23.226803	17.489028	4.0	0.030815	3.5204769999999996	1.0	21.987883	2.917214	2.0	58.138071	17.008517	2.0	92.072985
735.0	1.0	19.37622	6.85265	63.003799	7.6383399999999995	0.942795	0.416321	0.816095	0.44363800000000003	22.108558	5.0	51.910055	5.105164	2.0	0.027006	4.485661	6.0	24.941878	0.323883	6.0	88.708864	5.6765	5.0	91.52663299999999	20.754644	5.0	21.065563	15.000207999999999	1.0	0.046058	3.283614	3.0	65.376412	0.805895	1.0	92.627271	21.111838	6.0	95.50739899999999
775.0	1.0	3.171663	3.762611	26.370577	6.453079	0.819924	0.8914350000000001	0.896559	0.258683	9.223146	2.0	41.220774	4.810068	4.0	0.042138	5.26901	1.0	76.160701	3.114585	5.0	6.294954	18.426343	4.0	34.085331	23.897163	3.0	19.576478	23.165713	1.0	0.073081	2.668872	4.0	2.334932	1.563948	2.0	59.490848	21.36223	1.0	40.796154
816.0	1.0	1.719252	90.357416	12.098346000000001	5.740572	0.9731790000000001	0.650301	0.43513599999999997	0.443563	1.9321150000000002	1.0	21.219842	4.603676999999999	2.0	0.020247	2.343193	2.0	28.683640000000004	5.447499	6.0	82.919848	16.103223999999997	5.0	53.621805	22.054514	1.0	99.602787	20.918375	5.0	0.010984	1.24665	2.0	88.72478100000001	2.578122	2.0	59.510125	25.642791	2.0	74.643902
900.0	1.0	34.391689	28.447283000000002	69.251645	38.436415000000004	0.108269	0.946392	0.49832	0.967923	15.109685999999998	3.0	67.207074	11.256065	1.0	0.014091	5.550979	3.0	43.844594	3.05215	2.0	99.733386	22.129148	3.0	65.61416700000001	23.642709	6.0	63.018739000000004	6.860683	1.0	0.167173	1.3345870000000002	4.0	89.82248100000001	0.631847	1.0	74.906543	24.914786	2.0	6.308344
922.0	1.0	1.9453479999999999	40.23727	3.372692	91.59216500000001	0.46632299999999993	0.42728999999999995	0.8943209999999999	0.509624	2.852964	2.0	87.913729	25.445412	3.0	0.011821	3.031589	3.0	11.271905	1.044842	6.0	24.343729	7.305046000000001	4.0	61.586349	5.691253	5.0	86.50178000000001	23.783816	3.0	0.047272	4.594252	2.0	86.356909	5.375556	3.0	22.056164000000003	7.924628	5.0	2.6523209999999997
941.0	1.0	72.33755	15.990635999999999	4.873348	8.93132	0.58349	0.676982	0.555629	0.417458	17.308021	4.0	25.126756	11.669626	5.0	0.162271	5.378372	2.0	30.718309	3.2974699999999997	2.0	2.7753189999999996	18.859119	6.0	82.96033	10.558322	5.0	23.302559	6.1244629999999995	1.0	0.017659	5.793398000000001	2.0	34.153399	5.475555	2.0	33.055921000000005	19.014498	4.0	85.579819
949.0	1.0	80.041637	2.027261	45.813931	9.726422999999999	0.8628120000000001	0.8571559999999999	0.202445	0.8834569999999999	7.57485	3.0	21.345724	5.339422	6.0	0.027912	4.186674	4.0	5.386691000000001	0.749638	2.0	49.454141	19.310079	2.0	73.51060600000001	5.412343	2.0	73.921291	20.408123	5.0	0.316551	5.48528	1.0	60.476172999999996	3.8104160000000005	1.0	90.759621	8.345409	2.0	12.289389
991.0	1.0	82.616794	4.216354	25.063797	17.1434	0.6860390000000001	0.680937	0.544295	0.835686	8.592728999999999	1.0	29.341178999999997	16.609410999999998	2.0	0.028033999999999996	3.107774	5.0	56.236360999999995	2.482038	6.0	22.814396	8.086458	4.0	95.204989	3.9538089999999997	3.0	36.880976000000004	1.464092	3.0	0.047719	4.222338	2.0	51.992437	5.043837	2.0	90.539949	12.834804	2.0	79.526301
1196.0	1.0	8.281135	16.343808	17.960233	6.670461	0.9675520000000001	0.5588529999999999	0.5176470000000001	0.639161	19.507613	1.0	11.556146	12.606114999999999	1.0	0.013456000000000001	0.72432	3.0	16.301799	4.92986	4.0	85.598816	8.478975	5.0	11.074367	20.68654	3.0	62.367397	10.922334	6.0	0.012764	0.794383	5.0	71.421737	4.846778	4.0	69.47852900000001	12.482919	4.0	73.935929
1306.0	1.0	69.913227	7.423660000000001	53.877611	4.378742	0.21206	0.760829	0.994173	0.327575	17.112254999999998	5.0	88.009784	21.209805	3.0	0.013041	3.6758550000000003	6.0	58.59208100000001	3.251261	3.0	82.063902	23.167101000000002	2.0	28.186417	19.352791	5.0	86.604974	23.724610000000002	5.0	0.011463	1.588998	2.0	20.492983	3.164507	1.0	21.039925	9.714555	6.0	19.382822
1341.0	1.0	4.692368	3.188961	1.6833080000000002	65.755382	0.960483	0.48687299999999994	0.746939	0.5888439999999999	22.588297	1.0	92.89055	22.047567	5.0	0.011594	5.751544	2.0	17.94631	3.997625	6.0	33.412765	11.022349	4.0	71.026836	13.287258999999999	2.0	53.467898999999996	3.8635410000000006	3.0	0.094499	4.316516	6.0	63.975977	4.453687	5.0	88.597269	8.816644	5.0	22.508634
1355.0	1.0	69.36573800000001	9.632559	5.636056	8.831374	0.469962	0.9526049999999999	0.254614	0.800347	7.860411	2.0	39.404272999999996	3.954563	6.0	0.015028999999999999	3.199943	1.0	76.328174	4.0683169999999995	4.0	46.147881	8.131667	4.0	59.721716	24.141888	5.0	49.568940999999995	19.324872	6.0	0.5985520000000001	3.652801	1.0	79.66897900000001	3.0644	2.0	73.410255	17.786381	5.0	14.654036999999999
1415.0	1.0	48.910102	3.261519	1.7015099999999999	12.327375	0.18696500000000002	0.572421	0.6823140000000001	0.961476	17.976812	1.0	21.057116	12.532706	5.0	0.012394	5.750769	1.0	26.871214000000002	2.471382	6.0	81.782475	20.059568	2.0	49.23552	20.365239000000003	4.0	64.8857	20.469687	1.0	0.053036	2.406324	6.0	64.208626	5.063607	6.0	27.801371000000003	4.406769000000001	2.0	51.059145
1520.0	1.0	85.821861	3.7682029999999997	7.466417999999999	8.786268	0.18041	0.47698999999999997	0.654277	0.492091	7.850948	4.0	3.2610189999999997	24.553827	4.0	0.065825	0.084512	5.0	13.960448999999999	1.6482169999999998	1.0	57.812282999999994	17.068502	3.0	60.240626	12.735052	5.0	95.008127	5.085197	4.0	0.028260000000000004	4.669384	2.0	22.818583	3.037024	2.0	81.208647	8.055717999999999	2.0	51.645159
1594.0	1.0	10.97074	15.988807000000001	5.358485	76.322461	0.534213	0.502397	0.7878470000000001	0.491255	9.058479	4.0	25.687077	13.392447	2.0	0.06425800000000001	5.714253	2.0	32.751507000000004	3.746429	3.0	58.952149	14.758089000000002	4.0	40.169422999999995	7.250447	1.0	23.960175	20.163642000000003	3.0	0.017278	5.552074	1.0	85.22801199999999	5.74337	3.0	10.162792999999999	13.748209	5.0	17.086869
1614.0	1.0	87.828848	1.488341	18.418006	1.016453	0.7039810000000001	0.550798	0.489965	0.6129720000000001	5.5507349999999995	6.0	44.542556	19.089578	4.0	0.074001	5.875941	6.0	94.863499	5.667127	1.0	68.267892	16.575897	4.0	53.040729000000006	17.659747	6.0	51.135587	15.987046	6.0	0.012759	3.177352	3.0	33.278746000000005	2.405752	4.0	40.909687	24.983294	3.0	3.6143680000000002
1634.0	1.0	3.462619	4.968296	4.1554459999999995	16.011026	0.7062	0.709785	0.92769	0.451847	5.6314	3.0	7.99575	11.034295	1.0	0.026626999999999998	4.944044	3.0	75.952522	2.234311	1.0	94.439352	6.392597	6.0	65.256527	10.909239999999999	5.0	51.533677000000004	4.848932	3.0	0.011677	2.441123	5.0	16.099942000000002	4.301259	3.0	54.252720999999994	13.308894	5.0	84.712187
1688.0	1.0	11.285491	2.204141	29.250501	12.953472	0.65481	0.252777	0.917133	0.893734	1.37005	1.0	3.402933	1.1834049999999998	5.0	0.011198999999999999	0.611503	6.0	2.2590779999999997	5.43896	5.0	57.197340000000004	14.082378	4.0	20.308139	18.164363	3.0	18.32947	13.960103	5.0	0.011677	2.6115150000000003	6.0	35.457035999999995	3.924669	3.0	25.602411	21.652544	4.0	56.527763
1691.0	1.0	51.437963	1.7923330000000002	22.702609	8.795371000000001	0.5560649999999999	0.450455	0.105021	0.9415459999999999	6.795261	3.0	11.757301	24.989445	4.0	0.014528999999999999	5.591213	3.0	11.538454	2.380042	4.0	34.27738	20.073667	2.0	19.445773000000003	11.348622	6.0	65.36280500000001	22.391054	4.0	0.011547	4.632542	6.0	77.795861	2.848796	4.0	3.443001	10.782132	1.0	29.97837
1809.0	1.0	4.5229349999999995	52.812186	6.135123	1.2543790000000001	0.70677	0.8669969999999999	0.362998	0.135974	22.384997	1.0	12.591147	10.130088	3.0	0.012232999999999999	4.999809	3.0	24.950905	5.087342	2.0	40.943998	16.040063	4.0	52.06861	20.732256	6.0	73.147122	12.730927000000001	5.0	0.030351	0.852139	2.0	4.898527	4.26063	5.0	95.465378	17.01189	1.0	99.67638199999999
1840.0	1.0	1.026304	50.202465000000004	12.528189999999999	4.225047	0.421779	0.805473	0.41706800000000005	0.725318	5.370169000000001	6.0	79.118214	12.931239999999999	2.0	0.012830000000000001	2.768262	3.0	20.713135	2.657114	6.0	59.162454000000004	19.051542	2.0	93.620728	24.760410999999998	2.0	29.909024	22.142756	2.0	0.022781	3.500637	6.0	23.166565	2.0924099999999997	1.0	40.636352	2.764446	5.0	89.781501
1866.0	1.0	21.777572	17.983099	3.078906	1.358765	0.241421	0.8295600000000001	0.9833870000000001	0.457215	23.586338	2.0	88.906811	12.749042999999999	5.0	0.046704	4.822025	6.0	47.349599	5.523632	3.0	39.935798999999996	14.152254999999998	3.0	65.5449	5.190030999999999	4.0	71.612877	2.065672	4.0	0.010075	3.802668	3.0	27.811309	0.5138739999999999	5.0	38.807352	2.128434	3.0	70.776042
1895.0	1.0	33.788925	1.255679	57.834014	2.689675	0.8943479999999999	0.47746000000000005	0.762907	0.9341219999999999	19.210653	4.0	17.460382	8.428446000000001	1.0	0.010765	4.019268	1.0	92.073751	1.637207	1.0	56.708678000000006	1.194741	4.0	15.123045000000001	18.573667999999998	6.0	29.643879	2.046393	6.0	0.013712	4.310631	4.0	13.874179000000002	2.917914	6.0	93.676803	5.605533	2.0	35.804181
2155.0	1.0	6.0332419999999995	5.83363	34.794065	4.1316239999999995	0.843076	0.8714569999999999	0.9062450000000001	0.453528	19.238676	1.0	17.781751999999997	20.391385	1.0	0.017903	4.497498	4.0	93.33598	3.5416	5.0	94.745867	11.107774000000001	3.0	51.584896	17.278191	3.0	91.177392	15.253896	5.0	0.010843	0.999884	4.0	99.231157	1.6536389999999999	5.0	14.083960000000001	16.897389999999998	5.0	33.019095
2183.0	1.0	23.920001	12.892356	10.871166	71.54365	0.9831219999999999	0.24263099999999999	0.224293	0.240407	19.899625	5.0	10.190377999999999	7.820322	6.0	0.011862000000000001	0.60249	1.0	4.649333	3.808822	6.0	7.731925	6.410623999999999	6.0	6.077152	6.7005300000000005	1.0	74.973488	0.510317	6.0	0.013319	4.518079	6.0	11.288998	5.005749	4.0	5.298483999999999	1.406935	1.0	56.437464
2184.0	1.0	81.169738	4.322152	32.952993	12.264942999999999	0.9722790000000001	0.31080100000000005	0.681446	0.958506	22.750252	1.0	78.063275	16.850107	6.0	0.017796	2.263517	4.0	3.811094	5.848876000000001	5.0	11.136996	18.96132	1.0	65.821488	10.972635	4.0	19.760141	5.967480999999999	5.0	0.042125	3.910757	2.0	89.306584	4.453425	5.0	23.064221	5.918585	3.0	44.851842
2201.0	1.0	1.1884	33.459492	3.0213900000000002	91.099179	0.478706	0.33877199999999996	0.937333	0.853118	16.045602	1.0	54.941665	12.597592	1.0	0.051608	1.6770459999999998	3.0	79.425075	2.729607	1.0	30.022483	13.750145000000002	4.0	83.569763	18.766898	6.0	72.44663	9.684002	2.0	0.012934999999999999	5.515784	3.0	76.736766	4.586576	5.0	25.928091000000002	24.125989	1.0	73.86497299999999
2657.0	1.0	7.919135000000001	93.349391	1.574785	25.330702	0.757829	0.6789930000000001	0.44644799999999996	0.294729	19.122128	5.0	95.28416800000001	8.436717999999999	3.0	0.012151	6.020805999999999	2.0	51.135295	0.962348	2.0	66.91009	4.78867	5.0	93.34743399999999	16.091692000000002	5.0	44.641979	23.647081	5.0	0.017488	2.764192	2.0	46.40935	0.6872020000000001	1.0	39.770334000000005	14.026403	3.0	57.670170999999996
2698.0	1.0	40.219253	5.801204	71.349684	8.765121	0.11396600000000001	0.491245	0.9916950000000001	0.447841	3.5078650000000002	3.0	32.677349	9.364325	2.0	0.040863	2.861446	2.0	20.631399	0.9774700000000001	2.0	23.633804	11.097679	5.0	32.556901	22.158651000000003	1.0	76.332287	15.48076	5.0	0.252643	5.514330999999999	5.0	87.873077	5.109602	4.0	38.047762	14.749041	4.0	59.054375
2852.0	1.0	86.33632	13.029824000000001	20.353606	10.097318	0.552327	0.8435940000000001	0.247033	0.494022	10.327052	3.0	57.268673	12.271275	4.0	0.173627	4.733885	5.0	26.669660999999998	0.276778	3.0	76.646904	14.728160999999998	4.0	13.221929000000001	0.881394	2.0	78.45263	23.726275	5.0	0.012715	5.677968	3.0	46.247827	2.879172	6.0	48.084371000000004	24.673037	3.0	97.86919300000001
2859.0	1.0	1.9084560000000002	33.065166999999995	90.935682	6.758171000000001	0.337067	0.569365	0.409548	0.47610399999999997	9.206647	5.0	15.361429999999999	7.056864	6.0	0.041144	4.7741050000000005	6.0	86.05134100000001	0.9661549999999999	2.0	80.72726800000001	19.926092	1.0	48.104208	20.795509	3.0	36.273748	12.09655	3.0	0.018637	4.021134	4.0	30.776462	0.609871	1.0	90.933954	12.99113	5.0	85.34726500000001
2888.0	1.0	2.3342490000000002	11.380025	99.0123	7.08754	0.995376	0.37355900000000003	0.333196	0.46020200000000006	8.912347	6.0	97.981156	7.825461	1.0	0.013751	1.7916860000000001	6.0	83.866431	0.09791799999999999	4.0	37.295131	22.410441	5.0	20.630523	12.879521	3.0	68.327861	12.428184	1.0	0.099923	2.856432	2.0	37.880887	4.652589	5.0	18.394542	9.410430999999999	3.0	76.236312
3030.0	1.0	21.038768	24.498461	65.662124	2.640213	0.755279	0.889025	0.29847199999999996	0.672131	13.937709	3.0	48.227071	8.092563	5.0	0.019154	2.202512	4.0	38.712088	1.9008200000000002	4.0	3.8271290000000002	22.015596	5.0	74.526602	13.261123999999999	4.0	46.127712	11.496358	6.0	0.018628	5.639132	3.0	45.450285	3.4219480000000004	3.0	64.21637	9.421149	2.0	7.578180000000001
3086.0	1.0	4.915579	22.956015	1.6787009999999998	63.700196	0.742219	0.7306159999999999	0.45166300000000004	0.41359399999999996	21.879496	2.0	90.842621	14.566312	3.0	0.231539	3.150474	1.0	83.965761	0.604924	4.0	89.569796	22.643937	3.0	23.628935000000002	18.394995	6.0	79.499034	14.498191	5.0	0.033308	2.170492	4.0	86.170693	1.043933	3.0	39.246464	22.954926	4.0	1.861164
3224.0	1.0	82.425057	14.443207999999998	79.254201	27.809587	0.25105500000000003	0.575272	0.372217	0.8464360000000001	13.344035	4.0	70.010832	17.46123	6.0	0.012058	0.47178400000000004	2.0	92.109089	1.529292	6.0	62.647372999999995	19.268779000000002	2.0	25.086844	24.562399	5.0	40.718703999999995	17.252092	2.0	0.012255	5.522629	4.0	20.302839000000002	0.343112	4.0	34.012027	24.323787	6.0	84.735566
3478.0	1.0	2.0546279999999997	2.404641	22.788756	14.389157	0.18432	0.811453	0.454057	0.683006	6.2286660000000005	4.0	57.563655000000004	15.974112	6.0	0.010343000000000001	3.307124	5.0	83.311869	3.53495	4.0	55.200886	8.590415	6.0	20.343304	17.385567	4.0	79.821025	21.640596	3.0	0.044545999999999995	4.698192	4.0	9.212444	5.817012999999999	1.0	27.024959000000003	7.754219	3.0	8.546321
3489.0	1.0	8.042368	3.813604	1.6798509999999998	83.090839	0.465987	0.21106999999999998	0.8694780000000001	0.428321	19.349417000000003	1.0	39.406209999999994	8.59937	1.0	0.010681999999999999	0.9616399999999999	2.0	85.03695400000001	4.545836	5.0	94.07356899999999	14.850635	1.0	91.12776600000001	1.878006	1.0	64.18818900000001	4.213874	2.0	0.012149	3.7102190000000004	5.0	98.527419	5.066077	2.0	8.11401	23.091189	4.0	2.079781
3690.0	1.0	47.444459	3.476554	79.10136	39.403957	0.643217	0.729614	0.383077	0.9394549999999999	0.715951	1.0	5.290711	22.581068	2.0	0.016571000000000002	1.7681220000000002	6.0	11.550459	2.609157	4.0	22.043359	15.139142999999999	3.0	86.381187	14.885828	6.0	98.42735	20.152588	1.0	0.014190000000000001	2.505602	5.0	88.950211	0.5741609999999999	3.0	36.905679	22.9722	2.0	70.13752099999999
3876.0	1.0	2.468318	24.614601	39.4699	4.310601999999999	0.682052	0.13185999999999998	0.354304	0.701218	14.684408	3.0	39.594511	21.353839	1.0	0.048536	6.094380999999999	5.0	90.425135	0.511473	4.0	90.072985	5.3392800000000005	5.0	72.047924	6.5735850000000005	4.0	75.58584599999999	9.522294	6.0	0.020498	4.82503	1.0	86.897172	2.399292	6.0	25.354413	19.196761	4.0	47.180378999999995
3919.0	1.0	2.807566	1.186841	18.411265	3.2719009999999997	0.207103	0.14294400000000002	0.770624	0.953484	12.156414	5.0	65.493015	12.103759	6.0	0.018772999999999998	5.228283	2.0	81.275327	1.7712720000000002	6.0	17.149012	3.391022	1.0	96.270363	0.732124	3.0	73.985977	17.504032000000002	5.0	0.069025	5.30205	1.0	42.41138	5.603724	4.0	68.722494	18.265529	5.0	36.513156
4022.0	1.0	97.323854	4.02083	32.401144	7.524756	0.385486	0.6686310000000001	0.539806	0.446637	9.818425	6.0	72.420611	22.107864000000003	3.0	0.281509	4.40001	1.0	11.922969	5.603313	4.0	41.70657	0.751379	3.0	42.500634000000005	17.807122	5.0	69.476608	20.954953	2.0	0.01054	3.9925949999999997	5.0	97.098223	3.849371	1.0	9.694535	12.662303999999999	4.0	10.619313
4292.0	1.0	85.804164	24.314823	4.730391	6.250073	0.841125	0.904958	0.26047800000000004	0.709549	15.356062	5.0	19.398985	13.580457999999998	4.0	0.621488	3.7615510000000003	4.0	98.839545	5.400136	2.0	49.014651	18.590243	2.0	14.110203	2.726855	6.0	5.342184	2.076851	2.0	0.024661000000000002	5.898255000000001	6.0	7.974747	2.493033	1.0	63.545570999999995	13.593010000000001	3.0	54.185413
4445.0	1.0	47.810334000000005	17.16183	3.0260029999999998	24.498704999999998	0.6218779999999999	0.843065	0.8410350000000001	0.6311	16.239384	6.0	94.883729	13.120083	5.0	0.084733	2.906731	4.0	60.72913199999999	0.946867	5.0	49.039568	13.233366	4.0	81.101623	0.39263000000000003	4.0	88.491309	23.333444	1.0	0.010202	4.155094	3.0	88.730222	2.732189	5.0	10.108191	5.567362999999999	1.0	56.767945999999995
4491.0	1.0	45.894727	3.314982	88.844711	15.602530999999999	0.286116	0.7048369999999999	0.666225	0.548664	3.289196	5.0	77.363518	7.294300999999999	2.0	0.016151	3.46234	3.0	16.761007	4.491614	5.0	83.741516	12.421267	4.0	94.66661500000001	7.170408	5.0	87.973244	7.203676	1.0	0.012251999999999999	3.35189	4.0	94.170941	1.138832	2.0	24.341386	22.146406	4.0	99.365415
4608.0	1.0	38.628687	15.467885999999998	2.167818	9.068577000000001	0.215495	0.709346	0.9035610000000001	0.727813	8.329015	6.0	45.144224	22.72706	1.0	0.018037	2.825222	5.0	8.897917	4.327851	1.0	91.98124	21.609992000000002	4.0	7.609744	15.92206	6.0	2.8402439999999998	13.95626	6.0	0.013184999999999999	1.150509	1.0	75.749585	0.9996510000000001	2.0	81.39802399999999	14.229275	2.0	37.897402
4614.0	1.0	88.394592	12.337452	50.533008	12.180015	0.8212149999999999	0.680711	0.635779	0.48694799999999994	5.200957	3.0	61.132659999999994	22.45105	4.0	0.012941999999999999	5.452614	4.0	62.836901	6.11886	4.0	63.91484200000001	13.112877	6.0	28.130681	13.623752	2.0	94.569011	16.120867999999998	3.0	0.024567	3.3313230000000003	5.0	50.36744	2.2248810000000003	2.0	42.522769	25.373953	5.0	52.515889
4703.0	1.0	46.947946	6.943475	92.823044	11.478323	0.7151930000000001	0.255267	0.859376	0.803998	3.540626	1.0	98.666322	2.76785	1.0	0.017049	3.932238	2.0	46.157195	1.8548529999999999	3.0	39.718883	23.095307000000002	6.0	95.439044	24.065327	2.0	77.208584	16.950352	5.0	0.024331000000000002	3.104222	4.0	59.465661	3.3465800000000003	6.0	15.804035999999998	14.335228	4.0	33.477006
4783.0	1.0	38.696905	2.2108119999999998	5.094514	2.970713	0.783816	0.366059	0.8611030000000001	0.693732	3.361362	5.0	13.801596	20.693952	2.0	0.0253	5.176507	2.0	25.105672	4.002206	4.0	94.890682	6.5369779999999995	1.0	61.88805	16.044985999999998	2.0	31.307302000000004	22.12547	1.0	0.185123	1.761557	5.0	69.856675	0.37900300000000003	2.0	83.703887	23.629137	4.0	47.020558
4785.0	1.0	22.630129999999998	15.439589000000002	22.421837	4.529557	0.360917	0.587498	0.824908	0.9496290000000001	10.971439	2.0	76.73243599999999	23.142742000000002	4.0	0.108205	3.059171	4.0	10.244923	4.913391000000001	4.0	97.665428	19.183188	2.0	16.856638	3.9372519999999995	6.0	18.991192	10.472539	5.0	0.015236000000000001	2.8991830000000003	2.0	45.958259999999996	2.2203209999999998	4.0	12.371889999999999	17.737963	2.0	26.763092999999998
5009.0	1.0	91.08210799999999	3.07342	1.126176	72.02045600000001	0.5766939999999999	0.779492	0.848158	0.446225	9.822461	6.0	97.768041	0.39153000000000004	6.0	0.488146	5.274888	6.0	45.361908	2.704901	3.0	37.400597999999995	13.338165	5.0	71.544206	16.189918	3.0	2.569266	6.851265	2.0	0.054554	5.300144	3.0	14.115682000000001	3.7642849999999997	2.0	47.415502000000004	16.361222	4.0	44.378969
5235.0	1.0	61.90048	8.268867	31.157103999999997	9.058964999999999	0.670333	0.9402889999999999	0.848669	0.417818	7.0079970000000005	1.0	71.445257	22.610753	5.0	0.022708000000000002	5.7724	1.0	42.827020000000005	1.619738	3.0	64.250833	23.229921	3.0	21.536984	24.545343	6.0	69.16068800000001	3.140174	2.0	0.011877	3.2139279999999997	4.0	84.113628	3.902768	4.0	39.71308	1.1518110000000001	1.0	35.824201
5333.0	1.0	48.030474	9.045838999999999	31.441258	3.2961970000000003	0.856712	0.694248	0.286553	0.533838	10.509894000000001	5.0	86.511928	17.799704000000002	5.0	0.012884	1.1319489999999999	1.0	81.433877	4.673801999999999	1.0	80.79041	10.512045	3.0	36.916821	17.791762	1.0	98.576887	6.336780999999999	4.0	0.455768	1.808181	2.0	9.596506	3.510269	4.0	15.832412	9.176519	4.0	80.00219200000001
5412.0	1.0	42.493986	4.1729449999999995	33.872428	4.546464	0.233812	0.891491	0.557808	0.729803	8.905687	1.0	65.443003	16.661629	6.0	0.091166	4.319947	2.0	67.20980300000001	3.230476	1.0	6.959182000000001	20.105539	2.0	59.801148	4.434975	2.0	73.440278	15.68065	5.0	0.132742	5.594676	4.0	37.999466	5.700465	1.0	43.22702	21.157381	5.0	6.5473300000000005
5554.0	1.0	1.46032	19.80311	9.893277000000001	21.961371	0.709064	0.931852	0.9559049999999999	0.7803359999999999	10.37355	4.0	78.793153	9.098189999999999	2.0	0.010615000000000001	5.692403	5.0	73.784856	2.803809	6.0	95.857136	23.203491	5.0	26.99062	2.148685	5.0	52.974803	16.332475	5.0	0.028777999999999998	1.197247	4.0	28.227826	3.9672959999999997	3.0	46.336858	18.152807	6.0	15.908867
5590.0	1.0	77.170692	24.137427	18.414996	2.87278	0.661948	0.727694	0.915206	0.6444810000000001	20.091221	6.0	83.220876	12.085578	3.0	0.013236000000000001	4.580897	5.0	11.6021	1.409174	1.0	68.339401	22.106657000000002	2.0	75.09957	20.854813	2.0	51.702315999999996	15.173063	5.0	0.010116	1.7117470000000001	5.0	1.189665	3.4187220000000003	4.0	68.098629	6.2870870000000005	6.0	88.680084
5819.0	1.0	43.550761	10.868048	11.591593	9.763574	0.6175430000000001	0.844822	0.836568	0.671045	13.002722	5.0	89.640417	23.773591	3.0	0.010169	4.589656	5.0	41.179291	0.094456	1.0	38.847543	7.926887	5.0	92.293322	9.822432000000001	6.0	47.130751000000004	15.207293	1.0	0.013478	5.005102	6.0	84.740444	2.944909	2.0	21.35204	11.47252	3.0	59.691520999999995
5820.0	1.0	97.999776	6.827908	3.257342	6.334848	0.18799100000000002	0.201791	0.8843469999999999	0.531077	9.807909	1.0	7.860105	24.572706	2.0	0.016275	3.228377	4.0	78.868195	3.30648	2.0	69.799223	18.461507	2.0	69.39651500000001	11.634250999999999	4.0	43.565225	23.585439	2.0	0.012884	4.530434	2.0	81.01201	1.5311350000000001	2.0	17.445833	21.504535	1.0	96.517093
5885.0	1.0	1.138636	57.09385	2.357397	84.789215	0.298834	0.8866040000000001	0.966929	0.328315	3.933989	4.0	31.814866	14.378635999999998	1.0	0.010367	3.3149629999999997	3.0	16.123547	2.4491389999999997	1.0	47.151734999999995	15.137695	2.0	62.734641	11.089483999999999	6.0	34.060596999999994	11.956257	4.0	0.087973	3.8417120000000002	5.0	24.979453	4.325227	1.0	72.45579599999999	21.633479	6.0	58.418913
6026.0	1.0	9.885839	5.535522	61.299236	1.3772790000000001	0.622387	0.8416469999999999	0.469875	0.822153	19.854698000000003	3.0	42.746446	21.515641	5.0	0.05926	5.049256	2.0	1.943212	1.409608	4.0	31.003264	11.534861	2.0	89.099923	5.985485	2.0	35.223199	0.49038999999999994	4.0	0.015361000000000001	4.049039	2.0	76.42128100000001	3.7691220000000003	3.0	14.14925	6.5848059999999995	4.0	23.947053
6124.0	1.0	62.963087	21.232920999999997	38.386815999999996	24.600222	0.719148	0.89628	0.810791	0.705299	18.43662	5.0	29.223415000000003	10.676189	1.0	0.010514	5.646255	1.0	35.903556	2.494954	3.0	56.884529	15.425756	3.0	13.062577000000001	24.172437	1.0	88.33458399999999	21.020706	5.0	0.011218	2.216337	5.0	83.30601	4.008106	2.0	40.223056	21.227716	5.0	57.96716899999999
6160.0	1.0	28.902009999999997	6.6137820000000005	2.501856	33.068259000000005	0.440313	0.406006	0.947425	0.321321	1.139982	2.0	47.040324	7.924405999999999	3.0	0.012415	1.8089790000000001	6.0	14.111301000000001	0.437572	3.0	5.438781	13.845899	5.0	97.014151	2.448916	1.0	40.276724	3.6342809999999997	2.0	0.092699	1.852168	6.0	31.360915999999996	2.49296	5.0	36.643737	21.950312	4.0	17.995120999999997
6163.0	1.0	42.787719	6.3921410000000005	1.669398	28.091282	0.169924	0.8729399999999999	0.47353	0.613683	3.534871	3.0	49.957439	23.015155	2.0	0.010481	3.96781	5.0	70.87410799999999	3.603506	3.0	11.903808	16.475964	5.0	89.245982	14.741057999999999	5.0	33.105025	16.202751	6.0	0.031775	2.019632	4.0	67.099574	1.362832	2.0	23.90139	11.319711	4.0	26.356634000000003
6461.0	1.0	95.94468	7.159636	95.303611	2.1884189999999997	0.29031999999999997	0.7371939999999999	0.600701	0.522423	5.72234	4.0	67.56146600000001	21.617796	1.0	0.028667	5.495341000000001	6.0	43.58755	0.943225	4.0	43.928349	21.838082	1.0	49.234536999999996	18.968832	2.0	70.336001	9.934957	2.0	0.014103000000000001	3.3031300000000003	3.0	61.847888	3.3810919999999998	1.0	47.751687	7.938752	3.0	56.747806999999995
6506.0	1.0	39.282877	16.386020000000002	19.771514	28.23945	0.741173	0.9848290000000001	0.274162	0.804603	6.021074	6.0	55.381549	18.373035	4.0	0.022213999999999998	2.716911	6.0	70.475944	0.8257049999999999	3.0	23.265432	8.907935	3.0	75.24165699999999	21.317245	3.0	49.99168	20.463409	6.0	0.024842	2.678693	2.0	48.191039	1.040197	5.0	64.87524	19.870279999999998	6.0	56.537029000000004
6680.0	1.0	1.773045	87.706144	24.092518	1.045102	0.944766	0.9372459999999999	0.61992	0.6027939999999999	17.024385000000002	3.0	34.434757	12.502725	5.0	0.039355	3.304037	4.0	81.805784	3.121444	2.0	45.627148	7.225791	3.0	46.803647999999995	20.958356	4.0	76.348249	7.737863000000001	1.0	0.021034999999999998	1.612141	2.0	86.109048	2.042243	1.0	97.667941	23.031067	5.0	71.99324399999999
6859.0	1.0	94.630989	2.66233	60.499824	14.747110999999999	0.408631	0.601032	0.753894	0.629808	4.883106	4.0	98.942806	20.196655	2.0	0.02468	4.584506	6.0	24.320688	1.9703669999999998	6.0	12.417797	13.262604999999999	5.0	70.389861	14.790573	6.0	71.451528	9.550032	1.0	0.015447999999999998	5.121278	4.0	23.834270999999998	0.932334	5.0	8.858711999999999	18.520820999999998	1.0	39.568471
6913.0	1.0	38.294232	20.904920999999998	38.797724	4.308669	0.854492	0.635656	0.724694	0.604318	20.1439	6.0	63.92576	11.149612	2.0	0.021971	3.363461	2.0	83.68053	5.619715	2.0	22.550114999999998	23.344077	1.0	45.143423	11.265092999999998	2.0	59.399777	20.558104999999998	5.0	0.026556	3.6843269999999997	1.0	67.851895	5.067904	5.0	9.078930999999999	14.939435999999999	2.0	95.53001400000001
6942.0	1.0	45.206362	11.647392	7.66617	20.572436	0.42990600000000007	0.8752190000000001	0.160394	0.711306	7.710572999999999	2.0	16.191459	12.366776	2.0	0.012612	5.38818	5.0	36.778519	3.391719	6.0	46.827104999999996	10.912202	5.0	18.248164000000003	1.7449700000000001	4.0	54.782996999999995	14.411757000000001	3.0	0.013281999999999999	2.078869	1.0	29.005709999999997	2.1926740000000002	6.0	53.819175	24.963570999999998	6.0	72.442452
6950.0	1.0	19.405232	2.53668	1.1416959999999998	5.9565	0.746963	0.559475	0.24057199999999998	0.378673	22.456129999999998	6.0	82.94880500000001	7.546772	4.0	0.18929200000000002	4.570825	4.0	55.956486	3.8261279999999998	2.0	90.66280400000001	21.800392000000002	6.0	62.581265	24.4429	1.0	59.3787	17.120318	4.0	0.024324000000000002	1.382119	4.0	27.658347999999997	3.533721	2.0	83.304106	17.113426	4.0	93.48338299999999
6970.0	1.0	97.360472	16.027658	13.441502999999999	10.275319	0.165325	0.8410030000000001	0.500121	0.661866	6.0973	1.0	91.32917900000001	18.760324	1.0	0.011868	0.781141	2.0	54.872477	3.024628	4.0	58.331788	22.11988	4.0	37.937624	15.48303	3.0	75.129153	6.991646	5.0	0.023071	3.972093	2.0	47.269425	1.371746	1.0	21.182423999999997	21.792851000000002	2.0	65.596901
7014.0	1.0	21.405179999999998	2.471357	21.311173999999998	10.915664999999999	0.27465	0.927891	0.7912600000000001	0.684774	10.505353999999999	1.0	41.839919	4.606351	6.0	0.084345	3.584399	1.0	92.535615	5.426798000000001	6.0	81.663064	5.284635	1.0	94.396591	7.417921000000001	2.0	17.754781	0.318708	3.0	0.010154999999999999	2.166635	6.0	79.852195	2.749765	4.0	55.115444	21.139549	1.0	88.264964
7336.0	1.0	3.4202120000000003	92.526732	16.178545	2.295512	0.783445	0.395806	0.611215	0.42262799999999995	5.261004	5.0	42.217591999999996	0.47393900000000005	1.0	0.109078	3.4789230000000004	5.0	27.969025	4.989647	1.0	82.019886	5.857063	3.0	2.9058669999999998	20.249198	3.0	54.836298	0.968493	2.0	0.010526	1.1989100000000001	5.0	65.573991	3.2542310000000003	2.0	25.325463	19.204197	3.0	34.025263
7509.0	1.0	1.624175	55.890843999999994	17.510464000000002	2.008307	0.888115	0.6307590000000001	0.236744	0.366759	8.977248	4.0	40.308116	16.790544	1.0	0.029016000000000004	0.552883	4.0	52.735294999999994	5.593801999999999	1.0	34.799318	17.405967999999998	5.0	58.88193100000001	24.731167000000003	2.0	83.235455	21.200556	6.0	0.011051	2.4795220000000002	2.0	41.223420000000004	5.282957	1.0	82.328428	4.3409059999999995	4.0	76.17421
7514.0	1.0	24.636697	6.538163	50.690781	6.50354	0.972943	0.7054600000000001	0.516808	0.814024	7.716525999999999	2.0	35.237457	20.144544	6.0	0.01369	2.218369	5.0	81.99588100000001	2.64966	1.0	78.1469	23.142751999999998	2.0	18.294488	18.876843	6.0	30.260181	0.988979	6.0	0.066787	2.226866	6.0	93.791431	5.325426	4.0	90.41930500000001	1.298074	6.0	57.961878000000006
7580.0	1.0	64.399902	5.129186	77.365841	2.746588	0.294032	0.601417	0.764245	0.11371300000000001	11.692105	1.0	84.025823	2.5211650000000003	1.0	0.028352999999999996	3.88041	5.0	87.747675	6.131464	3.0	87.804877	13.308623	6.0	95.42745500000001	5.423906	6.0	79.530501	1.456628	6.0	0.012519	5.736562	2.0	90.180881	3.5316099999999997	4.0	6.232225	22.862667000000002	5.0	41.760883
7710.0	1.0	19.265967	3.109669	4.114465	80.494281	0.350673	0.986649	0.9115700000000001	0.104321	22.091086999999998	5.0	75.56909499999999	2.624631	3.0	0.013227000000000001	5.982809	2.0	41.236362	2.749766	1.0	47.986191999999996	8.315139	5.0	25.822492	19.166667	3.0	11.152959	11.523995	6.0	0.011695	3.2764990000000003	2.0	27.781019	4.582603	5.0	17.424493	11.842286	1.0	22.638185
7728.0	1.0	18.903886	19.814582	59.436859999999996	11.052763	0.80061	0.707626	0.987031	0.615957	21.469687	2.0	61.504135	18.775778	3.0	0.023791999999999997	1.565078	4.0	22.642329999999998	5.308873999999999	4.0	48.099963	16.295991	1.0	31.838162	6.231477	3.0	45.466722999999995	9.685186	3.0	0.026663	1.061866	5.0	27.263608	1.2772459999999999	6.0	12.289058	17.231004000000002	3.0	31.64177
7738.0	1.0	86.86193399999999	3.412693	11.160231	7.128442	0.47948199999999996	0.6596529999999999	0.12360399999999999	0.47225900000000004	4.543147	3.0	98.294786	2.802922	6.0	0.012054	5.572072	5.0	72.29552199999999	4.346179	6.0	35.282134	10.441141	4.0	12.324259	5.544637000000001	1.0	68.51030300000001	12.5692	5.0	0.021269999999999997	3.80937	5.0	48.489894	1.026084	2.0	61.84087099999999	16.046708	3.0	97.598809
7841.0	1.0	18.196201000000002	24.445978	37.967748	10.708067	0.390884	0.8780180000000001	0.79348	0.900668	18.248112	2.0	41.244065	12.259699000000001	5.0	0.011992000000000001	0.86159	5.0	60.831187	2.628998	6.0	51.343261	19.982515	3.0	67.487959	24.31531	6.0	48.393346	7.820227	2.0	0.011753	4.805448999999999	6.0	40.046075	1.276351	6.0	23.882689000000003	2.057097	5.0	93.876738
7907.0	1.0	15.566170999999999	4.362655999999999	13.487796	14.935123999999998	0.6386350000000001	0.9047940000000001	0.767192	0.9563969999999999	5.394437	1.0	74.035238	15.632584	1.0	0.011429	1.9261759999999999	3.0	26.109898	1.366823	6.0	22.372016000000002	16.591695	2.0	22.280222	5.511495	6.0	92.374811	17.407514000000003	3.0	0.058266	1.2376690000000001	5.0	16.956328	5.874502	6.0	34.290886	11.14001	2.0	15.187184
8058.0	1.0	2.646652	76.047772	31.07953	27.501365000000003	0.564815	0.844325	0.7140029999999999	0.712058	21.781648999999998	6.0	85.24406	13.993712	5.0	0.129476	5.547349	1.0	15.080344	1.958188	5.0	61.995148	17.892523999999998	4.0	84.329929	21.097614	2.0	97.126787	1.736529	2.0	0.013928	1.7830150000000002	4.0	43.807602	1.50737	3.0	17.461752	25.589727	5.0	93.53439499999999
8248.0	1.0	2.9959580000000003	49.080247	10.213846	32.293762	0.604272	0.189808	0.77317	0.48325799999999997	9.377424000000001	4.0	18.782777	13.049369	4.0	0.021274	5.442888	6.0	82.86281600000001	2.38235	6.0	46.045144	20.963201	2.0	94.431584	25.172002	3.0	19.403435	22.28353	5.0	0.040704000000000004	5.545454	5.0	99.582611	4.268722	6.0	20.553462	21.937518	1.0	88.02629
8340.0	1.0	67.026641	4.982948	15.325967000000002	7.869477000000001	0.8432139999999999	0.828926	0.871525	0.362113	20.634393	6.0	90.87351600000001	4.467816	2.0	0.056121000000000004	2.706603	6.0	76.852244	4.233304	3.0	47.241243	4.9959050000000005	5.0	26.597788	1.18051	2.0	67.11099300000001	2.0748159999999998	3.0	0.212184	0.212842	6.0	59.212978	3.021361	1.0	93.65460999999999	24.017376000000002	3.0	31.692909999999998
8396.0	1.0	1.1715719999999998	99.34777199999999	14.429421	19.091532	0.41116099999999994	0.9378290000000001	0.6499010000000001	0.796621	21.661345999999998	1.0	36.670584000000005	15.602286	6.0	0.010097	1.943196	5.0	50.23881	2.5454689999999998	2.0	40.785858000000005	0.29911	5.0	2.779932	18.638603	1.0	88.72045899999999	6.814753	5.0	0.012796	3.7307650000000003	2.0	78.264039	1.46989	3.0	53.302302000000005	24.299770000000002	4.0	71.649263
8400.0	1.0	19.922102	15.525576000000001	23.246866	5.090548	0.7444149999999999	0.741966	0.669154	0.358568	9.622938000000001	3.0	25.467229999999997	22.664375	3.0	0.013097999999999999	2.791849	4.0	28.033305	4.517374	3.0	12.957378	11.651746000000001	5.0	73.34693	23.759216000000002	3.0	55.662932	3.809018	4.0	0.180232	5.783151999999999	3.0	70.446835	1.136349	5.0	57.059045999999995	13.284601	4.0	55.49480500000001
8402.0	1.0	12.264346000000002	3.542873	25.211517	25.35925	0.761253	0.688645	0.321442	0.973281	22.793257999999998	2.0	50.938671	8.144318	5.0	0.132664	3.3442519999999996	3.0	8.793719	3.508601	3.0	66.214524	15.501145000000001	4.0	2.470685	15.209301000000002	3.0	78.47003199999999	7.2803580000000006	2.0	0.585939	5.5868459999999995	2.0	20.741305	4.098269	5.0	87.164004	24.128148	4.0	28.798841999999997
8403.0	1.0	6.968141999999999	12.923331	19.784169	15.975754	0.760211	0.348261	0.340554	0.695489	11.12009	6.0	40.256738	22.634979	6.0	0.049274	1.229299	2.0	97.406215	3.3707870000000004	1.0	79.610286	21.096938	5.0	11.611236	24.11704	6.0	35.8678	8.398949	4.0	0.7137979999999999	1.033831	4.0	96.065686	2.538764	4.0	33.497721000000006	21.200785	6.0	4.430946
8509.0	1.0	3.831692	29.042972	40.101211	18.108535	0.731639	0.297697	0.8279920000000001	0.8847430000000001	6.472041	1.0	12.238866	11.999153	3.0	0.043093	4.312137	6.0	16.905386	3.823157	1.0	26.775897999999998	23.540441	1.0	24.203738	13.04272	2.0	74.28070100000001	14.187525	6.0	0.027389999999999998	2.692956	3.0	89.109515	3.354513	3.0	48.01826	22.249377	2.0	34.530058000000004
8535.0	1.0	51.247155	1.41685	11.216573	18.677841	0.21328899999999998	0.552415	0.11834700000000001	0.622482	3.369871	2.0	99.607019	5.681335	1.0	0.015319	3.19804	5.0	39.383643	1.647148	1.0	27.064133	19.614994	2.0	37.942831	4.765716	6.0	64.860069	14.950791	5.0	0.016881999999999998	2.050669	6.0	39.227183000000004	0.192834	5.0	3.487797	25.419607	6.0	92.967801
8548.0	1.0	74.711922	9.938638000000001	22.821586	1.6348049999999998	0.644574	0.32337	0.613401	0.9598540000000001	9.224913	1.0	71.483452	7.270792999999999	5.0	0.020643	5.547847	5.0	95.533998	6.199096	6.0	11.282387	20.925176999999998	6.0	42.158321	18.911389	5.0	78.353757	3.461533	1.0	0.019103	2.551104	5.0	64.868643	0.191909	2.0	71.767995	17.757613	3.0	52.275558000000004
8658.0	1.0	1.172575	25.570988	34.330677	2.9326830000000004	0.545816	0.940681	0.20686500000000002	0.270071	6.211071	6.0	41.132399	10.745786	2.0	0.018872999999999997	4.7300629999999995	6.0	64.286811	4.790172	3.0	79.139993	6.774503999999999	1.0	94.906787	17.048065	3.0	97.11399	11.966434	6.0	0.01651	3.947742	5.0	78.327831	3.288334	2.0	85.169066	17.979153	5.0	58.004093000000005
8690.0	1.0	5.133587	15.357301000000001	12.5315	7.31125	0.699214	0.882316	0.309875	0.680567	18.476316	5.0	89.96404799999999	17.34274	5.0	0.018172	1.413877	5.0	79.93459200000001	4.535391000000001	6.0	83.969241	5.430295	2.0	54.763859	24.809864	3.0	84.761264	17.3136	1.0	0.174894	1.922537	1.0	32.904596999999995	1.8387919999999998	3.0	34.3782	16.478088	5.0	49.432357
8758.0	1.0	66.18356	16.224871	52.94886700000001	14.430817000000001	0.753297	0.915425	0.9622120000000001	0.407104	10.014835	4.0	60.689333999999995	20.194084	2.0	0.015224000000000001	3.737737	4.0	64.605956	3.2074290000000003	5.0	26.50931	16.375695999999998	3.0	84.241799	8.164138000000001	3.0	80.074744	14.085317000000002	5.0	0.268883	0.8407629999999999	3.0	34.943304	3.7978160000000005	4.0	60.490567000000006	22.721003	5.0	82.733104
8914.0	1.0	84.30493	2.251862	72.69769699999999	21.971087	0.80828	0.496307	0.45398299999999997	0.9430649999999999	9.745692	6.0	87.355687	19.58716	6.0	0.011628	1.7395060000000002	5.0	22.819460999999997	5.426597	5.0	7.662006	23.041509	4.0	61.80519399999999	12.995088	1.0	91.559634	17.740951000000003	1.0	0.037524	2.648042	6.0	2.098535	4.340132	2.0	41.736575	15.759473999999999	2.0	75.337849
9022.0	1.0	9.57422	17.494702	87.46620300000001	20.888441	0.32513600000000004	0.48295200000000005	0.321676	0.921732	14.305373000000001	3.0	2.398066	18.664458	1.0	0.092317	1.620002	1.0	44.106649	5.339005	2.0	47.40566	23.866742000000002	5.0	93.796	18.270606	3.0	58.293597999999996	14.390647	1.0	0.020228	5.306496	4.0	20.982388	5.140852	2.0	5.89082	17.086579	6.0	68.769703
9066.0	1.0	19.602710000000002	2.231966	2.248084	8.581128	0.226402	0.36057100000000003	0.332133	0.184891	13.937653	2.0	81.710323	8.632139	2.0	0.015221	1.180015	1.0	57.680285999999995	5.7428989999999995	3.0	51.044584	18.322646	4.0	33.342007	20.772703	2.0	86.710425	19.202725	3.0	0.01989	0.114755	6.0	16.821011	5.569616000000001	1.0	98.26190600000001	3.996982	3.0	99.597914
9616.0	1.0	42.704591	3.5069589999999997	36.830979	5.185675	0.556253	0.6199439999999999	0.810888	0.8959940000000001	9.06948	1.0	63.924524	6.635622	3.0	0.016416	4.595687	6.0	96.999579	3.08663	5.0	77.064035	14.097832999999998	4.0	92.975572	20.38772	5.0	9.953702	19.503421	6.0	0.011359000000000001	5.548462000000001	4.0	7.633952000000001	1.9331450000000001	5.0	37.366538	7.8020179999999995	2.0	87.744149
9727.0	1.0	83.036374	12.893302	19.175726	21.554122	0.45556	0.8083859999999999	0.547117	0.8536540000000001	9.678485	2.0	61.284682	24.403116	4.0	0.012827000000000002	5.403122	3.0	78.195985	6.256412	2.0	1.4487219999999998	15.724115	2.0	30.481826	21.960988	5.0	75.96854	0.419417	5.0	0.026086	3.081818	3.0	49.452479	3.9239230000000003	4.0	39.507771000000005	25.024656	4.0	21.205928
9845.0	1.0	32.40106	20.765797	59.705505	18.661479999999997	0.397044	0.847842	0.690894	0.916024	5.631035	5.0	67.593372	2.633844	6.0	0.025778	0.777505	1.0	69.034654	2.34422	2.0	23.307744	19.372126	5.0	87.372326	16.003589	4.0	43.098729	2.5711619999999997	4.0	0.014019	1.183296	3.0	39.852484999999994	1.133134	3.0	9.095526	14.695746	2.0	89.383975
9861.0	1.0	3.272836	25.909414	22.5863	15.377573000000002	0.531825	0.11263900000000002	0.9289280000000001	0.779105	8.20271	2.0	93.81146700000001	23.181866	5.0	0.9115469999999999	4.906142	5.0	98.050991	2.242289	4.0	44.283163	22.471675	1.0	55.800695	3.7821510000000003	6.0	81.903032	1.81847	1.0	0.01485	3.049056	4.0	51.652085	4.617047	1.0	33.598447	23.331201999999998	5.0	16.071389
9906.0	1.0	74.261248	13.637832000000001	28.891764000000002	23.915284	0.6168399999999999	0.437987	0.809118	0.800963	11.135075	4.0	52.749301	14.776546	6.0	0.018704	2.881903	1.0	6.039723	2.088262	6.0	55.120759	20.993781	6.0	25.62973	19.741121	2.0	34.616979	21.261596	1.0	0.02131	0.157174	6.0	16.632479	5.528514	3.0	22.70611	21.743871	2.0	17.929299
9972.0	1.0	90.538641	6.043181	4.5234559999999995	21.000815	0.36493200000000003	0.592245	0.964219	0.8033779999999999	8.110063	4.0	78.593685	8.667645	6.0	0.029833999999999996	2.0161849999999997	4.0	50.646287	2.371301	6.0	54.100455000000004	16.778423	6.0	41.583765	15.212426999999998	2.0	59.54894	11.354223	3.0	0.015929	4.981185	2.0	22.733186	0.444108	1.0	67.3508	22.893621	6.0	8.087392999999999
1.0	1.0	5.8837660000000005	23.577634	92.85855	10.708960000000001	0.23428800000000002	0.9697540000000001	0.403011	0.898904	19.693337	6.0	97.516377	24.694634	4.0	0.040086000000000004	1.447374	3.0	32.416046	0.38348499999999996	2.0	88.772287	16.389958	6.0	35.620514	12.573178	3.0	97.63526800000001	14.772167999999999	1.0	0.042769	4.880005000000001	4.0	11.917328	3.2075169999999997	5.0	68.666921	7.930486	3.0	13.457388
68.0	1.0	85.216553	11.039182	18.977739	3.684389	0.439012	0.8694790000000001	0.744847	0.5942310000000001	8.116474	6.0	96.631212	12.037889	4.0	0.010569	1.808112	5.0	32.220512	1.167549	6.0	29.039815	10.171565	3.0	63.344967000000004	6.548819	6.0	11.313042999999999	20.882658	5.0	0.017408	2.338192	3.0	75.502988	1.4215520000000001	5.0	86.09660699999999	7.994896000000001	2.0	54.682223
91.0	1.0	97.168402	3.581038	43.997609999999995	6.707859	0.206554	0.659151	0.7328100000000001	0.762089	7.233318	4.0	51.845760999999996	12.312477000000001	2.0	0.01094	3.5933900000000003	1.0	59.690642000000004	3.206995	4.0	60.815754000000005	3.532667	2.0	59.953334	15.728682999999998	6.0	97.067211	0.96805	4.0	0.012003	1.743208	1.0	46.091259	4.623226	1.0	60.284339	3.8348440000000004	3.0	18.504398000000002
98.0	1.0	42.429347	2.522607	16.975839	10.179136	0.371949	0.679782	0.549404	0.94384	3.1484669999999997	2.0	89.75814100000001	9.961196000000001	3.0	0.032674	1.034606	2.0	74.473325	1.321689	6.0	3.6966730000000005	12.443381	1.0	43.429145	10.519645	2.0	53.475101	7.769512	3.0	0.051925	4.702529	2.0	44.071944	5.344124	4.0	47.250135	13.540061999999999	3.0	9.680203
286.0	1.0	55.720785	16.078955	61.702674	20.418712	0.719543	0.569947	0.5997239999999999	0.649311	18.051026999999998	3.0	12.402182	1.954759	1.0	0.015705	4.532841	4.0	73.249158	0.748363	5.0	86.039516	22.356323	5.0	16.442115	24.662117000000002	6.0	42.110772999999995	15.939135	1.0	0.05239	3.279413	2.0	43.599121000000004	2.175922	6.0	5.812079	16.617928	2.0	92.706316
400.0	1.0	1.684107	59.412170999999994	3.6087019999999996	47.960969	0.958362	0.556484	0.879041	0.534082	21.673104000000002	4.0	15.113976000000001	12.99699	4.0	0.21826700000000002	1.7771430000000001	3.0	22.719679	1.962839	4.0	26.9849	7.919886999999999	5.0	97.730915	9.598778	2.0	86.66043	19.343166	2.0	0.033245	5.251247	4.0	7.8634949999999995	3.84905	4.0	60.445372	18.335171	4.0	33.699552000000004
420.0	1.0	2.012035	23.269865	23.710162	7.647525	0.562663	0.134274	0.334918	0.833742	12.263852	6.0	50.439364000000005	9.215328	3.0	0.05954400000000001	2.753593	3.0	42.902363	2.176678	6.0	40.131006	3.0214630000000002	1.0	5.529646	4.227221	6.0	62.58333100000001	17.121476	5.0	0.013081	0.073507	4.0	43.586909000000006	4.056079	5.0	19.831781	13.464955999999999	5.0	18.938603
472.0	1.0	51.810857	21.701784	6.991039	9.582500999999999	0.9100010000000001	0.7407	0.583971	0.566731	6.829434	5.0	26.043713	13.213745999999999	6.0	0.012830000000000001	2.6808680000000003	2.0	62.464758999999994	2.573518	1.0	80.06076999999999	17.492265	3.0	49.776589	22.109679	6.0	48.019464	13.680247	3.0	0.020281999999999998	3.090399	4.0	78.660561	2.5127330000000003	1.0	54.590963	22.092289	4.0	95.541891
481.0	1.0	5.923597	41.195954	8.030372	31.645151000000002	0.9967010000000001	0.434742	0.9252030000000001	0.377612	17.372957	1.0	46.436896999999995	1.7099779999999998	5.0	0.025798	4.954626	1.0	36.797804	5.008047	5.0	85.754231	22.373504	3.0	15.505531	19.052134	4.0	53.84329	5.572763	1.0	0.086435	5.931456	6.0	40.907937	2.942862	6.0	17.864442999999998	22.409330999999998	1.0	83.578604
547.0	1.0	52.635214000000005	3.430533	2.264589	44.037299	0.49798000000000003	0.14365	0.598226	0.922075	17.807054	5.0	50.197933	25.624629000000002	5.0	0.081109	3.662924	4.0	6.5735399999999995	3.8129800000000005	4.0	78.414895	18.468416	2.0	7.130097999999999	4.910169000000001	4.0	29.163066999999998	19.183487	6.0	0.010525	3.573385	6.0	79.177082	3.769114	1.0	70.094779	8.22985	4.0	36.304396000000004
610.0	1.0	1.590818	82.383208	30.242715000000004	11.878487	0.822269	0.692427	0.608146	0.870582	23.557651999999997	5.0	74.241648	4.368792	5.0	0.080775	5.6557699999999995	6.0	45.855415	1.862365	3.0	60.407043	1.267152	2.0	32.104746999999996	19.412188	3.0	66.94202	9.303803	5.0	0.011665	5.708347	1.0	76.65923000000001	3.263865	1.0	74.31294100000001	14.071754	4.0	3.842143
660.0	1.0	85.43664799999999	15.973691	4.591189	60.680997999999995	0.803239	0.488038	0.7223	0.923791	13.979249	4.0	1.392879	24.613438000000002	6.0	0.045543	2.334102	5.0	3.57025	3.6539910000000004	2.0	62.200552	19.693058999999998	3.0	78.844792	23.822834	4.0	23.226803	17.489028	4.0	0.030815	3.5204769999999996	1.0	21.987883	2.917214	2.0	58.138071	17.008517	2.0	92.072985
735.0	1.0	19.37622	6.85265	63.003799	7.6383399999999995	0.942795	0.416321	0.816095	0.44363800000000003	22.108558	5.0	51.910055	5.105164	2.0	0.027006	4.485661	6.0	24.941878	0.323883	6.0	88.708864	5.6765	5.0	91.52663299999999	20.754644	5.0	21.065563	15.000207999999999	1.0	0.046058	3.283614	3.0	65.376412	0.805895	1.0	92.627271	21.111838	6.0	95.50739899999999
775.0	1.0	3.171663	3.762611	26.370577	6.453079	0.819924	0.8914350000000001	0.896559	0.258683	9.223146	2.0	41.220774	4.810068	4.0	0.042138	5.26901	1.0	76.160701	3.114585	5.0	6.294954	18.426343	4.0	34.085331	23.897163	3.0	19.576478	23.165713	1.0	0.073081	2.668872	4.0	2.334932	1.563948	2.0	59.490848	21.36223	1.0	40.796154
816.0	1.0	1.719252	90.357416	12.098346000000001	5.740572	0.9731790000000001	0.650301	0.43513599999999997	0.443563	1.9321150000000002	1.0	21.219842	4.603676999999999	2.0	0.020247	2.343193	2.0	28.683640000000004	5.447499	6.0	82.919848	16.103223999999997	5.0	53.621805	22.054514	1.0	99.602787	20.918375	5.0	0.010984	1.24665	2.0	88.72478100000001	2.578122	2.0	59.510125	25.642791	2.0	74.643902
900.0	1.0	34.391689	28.447283000000002	69.251645	38.436415000000004	0.108269	0.946392	0.49832	0.967923	15.109685999999998	3.0	67.207074	11.256065	1.0	0.014091	5.550979	3.0	43.844594	3.05215	2.0	99.733386	22.129148	3.0	65.61416700000001	23.642709	6.0	63.018739000000004	6.860683	1.0	0.167173	1.3345870000000002	4.0	89.82248100000001	0.631847	1.0	74.906543	24.914786	2.0	6.308344
922.0	1.0	1.9453479999999999	40.23727	3.372692	91.59216500000001	0.46632299999999993	0.42728999999999995	0.8943209999999999	0.509624	2.852964	2.0	87.913729	25.445412	3.0	0.011821	3.031589	3.0	11.271905	1.044842	6.0	24.343729	7.305046000000001	4.0	61.586349	5.691253	5.0	86.50178000000001	23.783816	3.0	0.047272	4.594252	2.0	86.356909	5.375556	3.0	22.056164000000003	7.924628	5.0	2.6523209999999997
941.0	1.0	72.33755	15.990635999999999	4.873348	8.93132	0.58349	0.676982	0.555629	0.417458	17.308021	4.0	25.126756	11.669626	5.0	0.162271	5.378372	2.0	30.718309	3.2974699999999997	2.0	2.7753189999999996	18.859119	6.0	82.96033	10.558322	5.0	23.302559	6.1244629999999995	1.0	0.017659	5.793398000000001	2.0	34.153399	5.475555	2.0	33.055921000000005	19.014498	4.0	85.579819
949.0	1.0	80.041637	2.027261	45.813931	9.726422999999999	0.8628120000000001	0.8571559999999999	0.202445	0.8834569999999999	7.57485	3.0	21.345724	5.339422	6.0	0.027912	4.186674	4.0	5.386691000000001	0.749638	2.0	49.454141	19.310079	2.0	73.51060600000001	5.412343	2.0	73.921291	20.408123	5.0	0.316551	5.48528	1.0	60.476172999999996	3.8104160000000005	1.0	90.759621	8.345409	2.0	12.289389
991.0	1.0	82.616794	4.216354	25.063797	17.1434	0.6860390000000001	0.680937	0.544295	0.835686	8.592728999999999	1.0	29.341178999999997	16.609410999999998	2.0	0.028033999999999996	3.107774	5.0	56.236360999999995	2.482038	6.0	22.814396	8.086458	4.0	95.204989	3.9538089999999997	3.0	36.880976000000004	1.464092	3.0	0.047719	4.222338	2.0	51.992437	5.043837	2.0	90.539949	12.834804	2.0	79.526301
1196.0	1.0	8.281135	16.343808	17.960233	6.670461	0.9675520000000001	0.5588529999999999	0.5176470000000001	0.639161	19.507613	1.0	11.556146	12.606114999999999	1.0	0.013456000000000001	0.72432	3.0	16.301799	4.92986	4.0	85.598816	8.478975	5.0	11.074367	20.68654	3.0	62.367397	10.922334	6.0	0.012764	0.794383	5.0	71.421737	4.846778	4.0	69.47852900000001	12.482919	4.0	73.935929
1306.0	1.0	69.913227	7.423660000000001	53.877611	4.378742	0.21206	0.760829	0.994173	0.327575	17.112254999999998	5.0	88.009784	21.209805	3.0	0.013041	3.6758550000000003	6.0	58.59208100000001	3.251261	3.0	82.063902	23.167101000000002	2.0	28.186417	19.352791	5.0	86.604974	23.724610000000002	5.0	0.011463	1.588998	2.0	20.492983	3.164507	1.0	21.039925	9.714555	6.0	19.382822
1341.0	1.0	4.692368	3.188961	1.6833080000000002	65.755382	0.960483	0.48687299999999994	0.746939	0.5888439999999999	22.588297	1.0	92.89055	22.047567	5.0	0.011594	5.751544	2.0	17.94631	3.997625	6.0	33.412765	11.022349	4.0	71.026836	13.287258999999999	2.0	53.467898999999996	3.8635410000000006	3.0	0.094499	4.316516	6.0	63.975977	4.453687	5.0	88.597269	8.816644	5.0	22.508634
1355.0	1.0	69.36573800000001	9.632559	5.636056	8.831374	0.469962	0.9526049999999999	0.254614	0.800347	7.860411	2.0	39.404272999999996	3.954563	6.0	0.015028999999999999	3.199943	1.0	76.328174	4.0683169999999995	4.0	46.147881	8.131667	4.0	59.721716	24.141888	5.0	49.568940999999995	19.324872	6.0	0.5985520000000001	3.652801	1.0	79.66897900000001	3.0644	2.0	73.410255	17.786381	5.0	14.654036999999999
1415.0	1.0	48.910102	3.261519	1.7015099999999999	12.327375	0.18696500000000002	0.572421	0.6823140000000001	0.961476	17.976812	1.0	21.057116	12.532706	5.0	0.012394	5.750769	1.0	26.871214000000002	2.471382	6.0	81.782475	20.059568	2.0	49.23552	20.365239000000003	4.0	64.8857	20.469687	1.0	0.053036	2.406324	6.0	64.208626	5.063607	6.0	27.801371000000003	4.406769000000001	2.0	51.059145
1520.0	1.0	85.821861	3.7682029999999997	7.466417999999999	8.786268	0.18041	0.47698999999999997	0.654277	0.492091	7.850948	4.0	3.2610189999999997	24.553827	4.0	0.065825	0.084512	5.0	13.960448999999999	1.6482169999999998	1.0	57.812282999999994	17.068502	3.0	60.240626	12.735052	5.0	95.008127	5.085197	4.0	0.028260000000000004	4.669384	2.0	22.818583	3.037024	2.0	81.208647	8.055717999999999	2.0	51.645159
1594.0	1.0	10.97074	15.988807000000001	5.358485	76.322461	0.534213	0.502397	0.7878470000000001	0.491255	9.058479	4.0	25.687077	13.392447	2.0	0.06425800000000001	5.714253	2.0	32.751507000000004	3.746429	3.0	58.952149	14.758089000000002	4.0	40.169422999999995	7.250447	1.0	23.960175	20.163642000000003	3.0	0.017278	5.552074	1.0	85.22801199999999	5.74337	3.0	10.162792999999999	13.748209	5.0	17.086869
1614.0	1.0	87.828848	1.488341	18.418006	1.016453	0.7039810000000001	0.550798	0.489965	0.6129720000000001	5.5507349999999995	6.0	44.542556	19.089578	4.0	0.074001	5.875941	6.0	94.863499	5.667127	1.0	68.267892	16.575897	4.0	53.040729000000006	17.659747	6.0	51.135587	15.987046	6.0	0.012759	3.177352	3.0	33.278746000000005	2.405752	4.0	40.909687	24.983294	3.0	3.6143680000000002
1634.0	1.0	3.462619	4.968296	4.1554459999999995	16.011026	0.7062	0.709785	0.92769	0.451847	5.6314	3.0	7.99575	11.034295	1.0	0.026626999999999998	4.944044	3.0	75.952522	2.234311	1.0	94.439352	6.392597	6.0	65.256527	10.909239999999999	5.0	51.533677000000004	4.848932	3.0	0.011677	2.441123	5.0	16.099942000000002	4.301259	3.0	54.252720999999994	13.308894	5.0	84.712187
1688.0	1.0	11.285491	2.204141	29.250501	12.953472	0.65481	0.252777	0.917133	0.893734	1.37005	1.0	3.402933	1.1834049999999998	5.0	0.011198999999999999	0.611503	6.0	2.2590779999999997	5.43896	5.0	57.197340000000004	14.082378	4.0	20.308139	18.164363	3.0	18.32947	13.960103	5.0	0.011677	2.6115150000000003	6.0	35.457035999999995	3.924669	3.0	25.602411	21.652544	4.0	56.527763
1691.0	1.0	51.437963	1.7923330000000002	22.702609	8.795371000000001	0.5560649999999999	0.450455	0.105021	0.9415459999999999	6.795261	3.0	11.757301	24.989445	4.0	0.014528999999999999	5.591213	3.0	11.538454	2.380042	4.0	34.27738	20.073667	2.0	19.445773000000003	11.348622	6.0	65.36280500000001	22.391054	4.0	0.011547	4.632542	6.0	77.795861	2.848796	4.0	3.443001	10.782132	1.0	29.97837
1809.0	1.0	4.5229349999999995	52.812186	6.135123	1.2543790000000001	0.70677	0.8669969999999999	0.362998	0.135974	22.384997	1.0	12.591147	10.130088	3.0	0.012232999999999999	4.999809	3.0	24.950905	5.087342	2.0	40.943998	16.040063	4.0	52.06861	20.732256	6.0	73.147122	12.730927000000001	5.0	0.030351	0.852139	2.0	4.898527	4.26063	5.0	95.465378	17.01189	1.0	99.67638199999999
1840.0	1.0	1.026304	50.202465000000004	12.528189999999999	4.225047	0.421779	0.805473	0.41706800000000005	0.725318	5.370169000000001	6.0	79.118214	12.931239999999999	2.0	0.012830000000000001	2.768262	3.0	20.713135	2.657114	6.0	59.162454000000004	19.051542	2.0	93.620728	24.760410999999998	2.0	29.909024	22.142756	2.0	0.022781	3.500637	6.0	23.166565	2.0924099999999997	1.0	40.636352	2.764446	5.0	89.781501
1866.0	1.0	21.777572	17.983099	3.078906	1.358765	0.241421	0.8295600000000001	0.9833870000000001	0.457215	23.586338	2.0	88.906811	12.749042999999999	5.0	0.046704	4.822025	6.0	47.349599	5.523632	3.0	39.935798999999996	14.152254999999998	3.0	65.5449	5.190030999999999	4.0	71.612877	2.065672	4.0	0.010075	3.802668	3.0	27.811309	0.5138739999999999	5.0	38.807352	2.128434	3.0	70.776042
1895.0	1.0	33.788925	1.255679	57.834014	2.689675	0.8943479999999999	0.47746000000000005	0.762907	0.9341219999999999	19.210653	4.0	17.460382	8.428446000000001	1.0	0.010765	4.019268	1.0	92.073751	1.637207	1.0	56.708678000000006	1.194741	4.0	15.123045000000001	18.573667999999998	6.0	29.643879	2.046393	6.0	0.013712	4.310631	4.0	13.874179000000002	2.917914	6.0	93.676803	5.605533	2.0	35.804181
2155.0	1.0	6.0332419999999995	5.83363	34.794065	4.1316239999999995	0.843076	0.8714569999999999	0.9062450000000001	0.453528	19.238676	1.0	17.781751999999997	20.391385	1.0	0.017903	4.497498	4.0	93.33598	3.5416	5.0	94.745867	11.107774000000001	3.0	51.584896	17.278191	3.0	91.177392	15.253896	5.0	0.010843	0.999884	4.0	99.231157	1.6536389999999999	5.0	14.083960000000001	16.897389999999998	5.0	33.019095
2183.0	1.0	23.920001	12.892356	10.871166	71.54365	0.9831219999999999	0.24263099999999999	0.224293	0.240407	19.899625	5.0	10.190377999999999	7.820322	6.0	0.011862000000000001	0.60249	1.0	4.649333	3.808822	6.0	7.731925	6.410623999999999	6.0	6.077152	6.7005300000000005	1.0	74.973488	0.510317	6.0	0.013319	4.518079	6.0	11.288998	5.005749	4.0	5.298483999999999	1.406935	1.0	56.437464
2184.0	1.0	81.169738	4.322152	32.952993	12.264942999999999	0.9722790000000001	0.31080100000000005	0.681446	0.958506	22.750252	1.0	78.063275	16.850107	6.0	0.017796	2.263517	4.0	3.811094	5.848876000000001	5.0	11.136996	18.96132	1.0	65.821488	10.972635	4.0	19.760141	5.967480999999999	5.0	0.042125	3.910757	2.0	89.306584	4.453425	5.0	23.064221	5.918585	3.0	44.851842
2201.0	1.0	1.1884	33.459492	3.0213900000000002	91.099179	0.478706	0.33877199999999996	0.937333	0.853118	16.045602	1.0	54.941665	12.597592	1.0	0.051608	1.6770459999999998	3.0	79.425075	2.729607	1.0	30.022483	13.750145000000002	4.0	83.569763	18.766898	6.0	72.44663	9.684002	2.0	0.012934999999999999	5.515784	3.0	76.736766	4.586576	5.0	25.928091000000002	24.125989	1.0	73.86497299999999
2657.0	1.0	7.919135000000001	93.349391	1.574785	25.330702	0.757829	0.6789930000000001	0.44644799999999996	0.294729	19.122128	5.0	95.28416800000001	8.436717999999999	3.0	0.012151	6.020805999999999	2.0	51.135295	0.962348	2.0	66.91009	4.78867	5.0	93.34743399999999	16.091692000000002	5.0	44.641979	23.647081	5.0	0.017488	2.764192	2.0	46.40935	0.6872020000000001	1.0	39.770334000000005	14.026403	3.0	57.670170999999996
2698.0	1.0	40.219253	5.801204	71.349684	8.765121	0.11396600000000001	0.491245	0.9916950000000001	0.447841	3.5078650000000002	3.0	32.677349	9.364325	2.0	0.040863	2.861446	2.0	20.631399	0.9774700000000001	2.0	23.633804	11.097679	5.0	32.556901	22.158651000000003	1.0	76.332287	15.48076	5.0	0.252643	5.514330999999999	5.0	87.873077	5.109602	4.0	38.047762	14.749041	4.0	59.054375
2852.0	1.0	86.33632	13.029824000000001	20.353606	10.097318	0.552327	0.8435940000000001	0.247033	0.494022	10.327052	3.0	57.268673	12.271275	4.0	0.173627	4.733885	5.0	26.669660999999998	0.276778	3.0	76.646904	14.728160999999998	4.0	13.221929000000001	0.881394	2.0	78.45263	23.726275	5.0	0.012715	5.677968	3.0	46.247827	2.879172	6.0	48.084371000000004	24.673037	3.0	97.86919300000001
2859.0	1.0	1.9084560000000002	33.065166999999995	90.935682	6.758171000000001	0.337067	0.569365	0.409548	0.47610399999999997	9.206647	5.0	15.361429999999999	7.056864	6.0	0.041144	4.7741050000000005	6.0	86.05134100000001	0.9661549999999999	2.0	80.72726800000001	19.926092	1.0	48.104208	20.795509	3.0	36.273748	12.09655	3.0	0.018637	4.021134	4.0	30.776462	0.609871	1.0	90.933954	12.99113	5.0	85.34726500000001
2888.0	1.0	2.3342490000000002	11.380025	99.0123	7.08754	0.995376	0.37355900000000003	0.333196	0.46020200000000006	8.912347	6.0	97.981156	7.825461	1.0	0.013751	1.7916860000000001	6.0	83.866431	0.09791799999999999	4.0	37.295131	22.410441	5.0	20.630523	12.879521	3.0	68.327861	12.428184	1.0	0.099923	2.856432	2.0	37.880887	4.652589	5.0	18.394542	9.410430999999999	3.0	76.236312
3030.0	1.0	21.038768	24.498461	65.662124	2.640213	0.755279	0.889025	0.29847199999999996	0.672131	13.937709	3.0	48.227071	8.092563	5.0	0.019154	2.202512	4.0	38.712088	1.9008200000000002	4.0	3.8271290000000002	22.015596	5.0	74.526602	13.261123999999999	4.0	46.127712	11.496358	6.0	0.018628	5.639132	3.0	45.450285	3.4219480000000004	3.0	64.21637	9.421149	2.0	7.578180000000001
3086.0	1.0	4.915579	22.956015	1.6787009999999998	63.700196	0.742219	0.7306159999999999	0.45166300000000004	0.41359399999999996	21.879496	2.0	90.842621	14.566312	3.0	0.231539	3.150474	1.0	83.965761	0.604924	4.0	89.569796	22.643937	3.0	23.628935000000002	18.394995	6.0	79.499034	14.498191	5.0	0.033308	2.170492	4.0	86.170693	1.043933	3.0	39.246464	22.954926	4.0	1.861164
3224.0	1.0	82.425057	14.443207999999998	79.254201	27.809587	0.25105500000000003	0.575272	0.372217	0.8464360000000001	13.344035	4.0	70.010832	17.46123	6.0	0.012058	0.47178400000000004	2.0	92.109089	1.529292	6.0	62.647372999999995	19.268779000000002	2.0	25.086844	24.562399	5.0	40.718703999999995	17.252092	2.0	0.012255	5.522629	4.0	20.302839000000002	0.343112	4.0	34.012027	24.323787	6.0	84.735566
3478.0	1.0	2.0546279999999997	2.404641	22.788756	14.389157	0.18432	0.811453	0.454057	0.683006	6.2286660000000005	4.0	57.563655000000004	15.974112	6.0	0.010343000000000001	3.307124	5.0	83.311869	3.53495	4.0	55.200886	8.590415	6.0	20.343304	17.385567	4.0	79.821025	21.640596	3.0	0.044545999999999995	4.698192	4.0	9.212444	5.817012999999999	1.0	27.024959000000003	7.754219	3.0	8.546321
3489.0	1.0	8.042368	3.813604	1.6798509999999998	83.090839	0.465987	0.21106999999999998	0.8694780000000001	0.428321	19.349417000000003	1.0	39.406209999999994	8.59937	1.0	0.010681999999999999	0.9616399999999999	2.0	85.03695400000001	4.545836	5.0	94.07356899999999	14.850635	1.0	91.12776600000001	1.878006	1.0	64.18818900000001	4.213874	2.0	0.012149	3.7102190000000004	5.0	98.527419	5.066077	2.0	8.11401	23.091189	4.0	2.079781
3690.0	1.0	47.444459	3.476554	79.10136	39.403957	0.643217	0.729614	0.383077	0.9394549999999999	0.715951	1.0	5.290711	22.581068	2.0	0.016571000000000002	1.7681220000000002	6.0	11.550459	2.609157	4.0	22.043359	15.139142999999999	3.0	86.381187	14.885828	6.0	98.42735	20.152588	1.0	0.014190000000000001	2.505602	5.0	88.950211	0.5741609999999999	3.0	36.905679	22.9722	2.0	70.13752099999999
3876.0	1.0	2.468318	24.614601	39.4699	4.310601999999999	0.682052	0.13185999999999998	0.354304	0.701218	14.684408	3.0	39.594511	21.353839	1.0	0.048536	6.094380999999999	5.0	90.425135	0.511473	4.0	90.072985	5.3392800000000005	5.0	72.047924	6.5735850000000005	4.0	75.58584599999999	9.522294	6.0	0.020498	4.82503	1.0	86.897172	2.399292	6.0	25.354413	19.196761	4.0	47.180378999999995
3919.0	1.0	2.807566	1.186841	18.411265	3.2719009999999997	0.207103	0.14294400000000002	0.770624	0.953484	12.156414	5.0	65.493015	12.103759	6.0	0.018772999999999998	5.228283	2.0	81.275327	1.7712720000000002	6.0	17.149012	3.391022	1.0	96.270363	0.732124	3.0	73.985977	17.504032000000002	5.0	0.069025	5.30205	1.0	42.41138	5.603724	4.0	68.722494	18.265529	5.0	36.513156
4022.0	1.0	97.323854	4.02083	32.401144	7.524756	0.385486	0.6686310000000001	0.539806	0.446637	9.818425	6.0	72.420611	22.107864000000003	3.0	0.281509	4.40001	1.0	11.922969	5.603313	4.0	41.70657	0.751379	3.0	42.500634000000005	17.807122	5.0	69.476608	20.954953	2.0	0.01054	3.9925949999999997	5.0	97.098223	3.849371	1.0	9.694535	12.662303999999999	4.0	10.619313
4292.0	1.0	85.804164	24.314823	4.730391	6.250073	0.841125	0.904958	0.26047800000000004	0.709549	15.356062	5.0	19.398985	13.580457999999998	4.0	0.621488	3.7615510000000003	4.0	98.839545	5.400136	2.0	49.014651	18.590243	2.0	14.110203	2.726855	6.0	5.342184	2.076851	2.0	0.024661000000000002	5.898255000000001	6.0	7.974747	2.493033	1.0	63.545570999999995	13.593010000000001	3.0	54.185413
4445.0	1.0	47.810334000000005	17.16183	3.0260029999999998	24.498704999999998	0.6218779999999999	0.843065	0.8410350000000001	0.6311	16.239384	6.0	94.883729	13.120083	5.0	0.084733	2.906731	4.0	60.72913199999999	0.946867	5.0	49.039568	13.233366	4.0	81.101623	0.39263000000000003	4.0	88.491309	23.333444	1.0	0.010202	4.155094	3.0	88.730222	2.732189	5.0	10.108191	5.567362999999999	1.0	56.767945999999995
4491.0	1.0	45.894727	3.314982	88.844711	15.602530999999999	0.286116	0.7048369999999999	0.666225	0.548664	3.289196	5.0	77.363518	7.294300999999999	2.0	0.016151	3.46234	3.0	16.761007	4.491614	5.0	83.741516	12.421267	4.0	94.66661500000001	7.170408	5.0	87.973244	7.203676	1.0	0.012251999999999999	3.35189	4.0	94.170941	1.138832	2.0	24.341386	22.146406	4.0	99.365415
4608.0	1.0	38.628687	15.467885999999998	2.167818	9.068577000000001	0.215495	0.709346	0.9035610000000001	0.727813	8.329015	6.0	45.144224	22.72706	1.0	0.018037	2.825222	5.0	8.897917	4.327851	1.0	91.98124	21.609992000000002	4.0	7.609744	15.92206	6.0	2.8402439999999998	13.95626	6.0	0.013184999999999999	1.150509	1.0	75.749585	0.9996510000000001	2.0	81.39802399999999	14.229275	2.0	37.897402
4614.0	1.0	88.394592	12.337452	50.533008	12.180015	0.8212149999999999	0.680711	0.635779	0.48694799999999994	5.200957	3.0	61.132659999999994	22.45105	4.0	0.012941999999999999	5.452614	4.0	62.836901	6.11886	4.0	63.91484200000001	13.112877	6.0	28.130681	13.623752	2.0	94.569011	16.120867999999998	3.0	0.024567	3.3313230000000003	5.0	50.36744	2.2248810000000003	2.0	42.522769	25.373953	5.0	52.515889
4703.0	1.0	46.947946	6.943475	92.823044	11.478323	0.7151930000000001	0.255267	0.859376	0.803998	3.540626	1.0	98.666322	2.76785	1.0	0.017049	3.932238	2.0	46.157195	1.8548529999999999	3.0	39.718883	23.095307000000002	6.0	95.439044	24.065327	2.0	77.208584	16.950352	5.0	0.024331000000000002	3.104222	4.0	59.465661	3.3465800000000003	6.0	15.804035999999998	14.335228	4.0	33.477006
4783.0	1.0	38.696905	2.2108119999999998	5.094514	2.970713	0.783816	0.366059	0.8611030000000001	0.693732	3.361362	5.0	13.801596	20.693952	2.0	0.0253	5.176507	2.0	25.105672	4.002206	4.0	94.890682	6.5369779999999995	1.0	61.88805	16.044985999999998	2.0	31.307302000000004	22.12547	1.0	0.185123	1.761557	5.0	69.856675	0.37900300000000003	2.0	83.703887	23.629137	4.0	47.020558
4785.0	1.0	22.630129999999998	15.439589000000002	22.421837	4.529557	0.360917	0.587498	0.824908	0.9496290000000001	10.971439	2.0	76.73243599999999	23.142742000000002	4.0	0.108205	3.059171	4.0	10.244923	4.913391000000001	4.0	97.665428	19.183188	2.0	16.856638	3.9372519999999995	6.0	18.991192	10.472539	5.0	0.015236000000000001	2.8991830000000003	2.0	45.958259999999996	2.2203209999999998	4.0	12.371889999999999	17.737963	2.0	26.763092999999998
5009.0	1.0	91.08210799999999	3.07342	1.126176	72.02045600000001	0.5766939999999999	0.779492	0.848158	0.446225	9.822461	6.0	97.768041	0.39153000000000004	6.0	0.488146	5.274888	6.0	45.361908	2.704901	3.0	37.400597999999995	13.338165	5.0	71.544206	16.189918	3.0	2.569266	6.851265	2.0	0.054554	5.300144	3.0	14.115682000000001	3.7642849999999997	2.0	47.415502000000004	16.361222	4.0	44.378969
5235.0	1.0	61.90048	8.268867	31.157103999999997	9.058964999999999	0.670333	0.9402889999999999	0.848669	0.417818	7.0079970000000005	1.0	71.445257	22.610753	5.0	0.022708000000000002	5.7724	1.0	42.827020000000005	1.619738	3.0	64.250833	23.229921	3.0	21.536984	24.545343	6.0	69.16068800000001	3.140174	2.0	0.011877	3.2139279999999997	4.0	84.113628	3.902768	4.0	39.71308	1.1518110000000001	1.0	35.824201
5333.0	1.0	48.030474	9.045838999999999	31.441258	3.2961970000000003	0.856712	0.694248	0.286553	0.533838	10.509894000000001	5.0	86.511928	17.799704000000002	5.0	0.012884	1.1319489999999999	1.0	81.433877	4.673801999999999	1.0	80.79041	10.512045	3.0	36.916821	17.791762	1.0	98.576887	6.336780999999999	4.0	0.455768	1.808181	2.0	9.596506	3.510269	4.0	15.832412	9.176519	4.0	80.00219200000001
5412.0	1.0	42.493986	4.1729449999999995	33.872428	4.546464	0.233812	0.891491	0.557808	0.729803	8.905687	1.0	65.443003	16.661629	6.0	0.091166	4.319947	2.0	67.20980300000001	3.230476	1.0	6.959182000000001	20.105539	2.0	59.801148	4.434975	2.0	73.440278	15.68065	5.0	0.132742	5.594676	4.0	37.999466	5.700465	1.0	43.22702	21.157381	5.0	6.5473300000000005
5554.0	1.0	1.46032	19.80311	9.893277000000001	21.961371	0.709064	0.931852	0.9559049999999999	0.7803359999999999	10.37355	4.0	78.793153	9.098189999999999	2.0	0.010615000000000001	5.692403	5.0	73.784856	2.803809	6.0	95.857136	23.203491	5.0	26.99062	2.148685	5.0	52.974803	16.332475	5.0	0.028777999999999998	1.197247	4.0	28.227826	3.9672959999999997	3.0	46.336858	18.152807	6.0	15.908867
5590.0	1.0	77.170692	24.137427	18.414996	2.87278	0.661948	0.727694	0.915206	0.6444810000000001	20.091221	6.0	83.220876	12.085578	3.0	0.013236000000000001	4.580897	5.0	11.6021	1.409174	1.0	68.339401	22.106657000000002	2.0	75.09957	20.854813	2.0	51.702315999999996	15.173063	5.0	0.010116	1.7117470000000001	5.0	1.189665	3.4187220000000003	4.0	68.098629	6.2870870000000005	6.0	88.680084
5819.0	1.0	43.550761	10.868048	11.591593	9.763574	0.6175430000000001	0.844822	0.836568	0.671045	13.002722	5.0	89.640417	23.773591	3.0	0.010169	4.589656	5.0	41.179291	0.094456	1.0	38.847543	7.926887	5.0	92.293322	9.822432000000001	6.0	47.130751000000004	15.207293	1.0	0.013478	5.005102	6.0	84.740444	2.944909	2.0	21.35204	11.47252	3.0	59.691520999999995
5820.0	1.0	97.999776	6.827908	3.257342	6.334848	0.18799100000000002	0.201791	0.8843469999999999	0.531077	9.807909	1.0	7.860105	24.572706	2.0	0.016275	3.228377	4.0	78.868195	3.30648	2.0	69.799223	18.461507	2.0	69.39651500000001	11.634250999999999	4.0	43.565225	23.585439	2.0	0.012884	4.530434	2.0	81.01201	1.5311350000000001	2.0	17.445833	21.504535	1.0	96.517093
5885.0	1.0	1.138636	57.09385	2.357397	84.789215	0.298834	0.8866040000000001	0.966929	0.328315	3.933989	4.0	31.814866	14.378635999999998	1.0	0.010367	3.3149629999999997	3.0	16.123547	2.4491389999999997	1.0	47.151734999999995	15.137695	2.0	62.734641	11.089483999999999	6.0	34.060596999999994	11.956257	4.0	0.087973	3.8417120000000002	5.0	24.979453	4.325227	1.0	72.45579599999999	21.633479	6.0	58.418913
6026.0	1.0	9.885839	5.535522	61.299236	1.3772790000000001	0.622387	0.8416469999999999	0.469875	0.822153	19.854698000000003	3.0	42.746446	21.515641	5.0	0.05926	5.049256	2.0	1.943212	1.409608	4.0	31.003264	11.534861	2.0	89.099923	5.985485	2.0	35.223199	0.49038999999999994	4.0	0.015361000000000001	4.049039	2.0	76.42128100000001	3.7691220000000003	3.0	14.14925	6.5848059999999995	4.0	23.947053
6124.0	1.0	62.963087	21.232920999999997	38.386815999999996	24.600222	0.719148	0.89628	0.810791	0.705299	18.43662	5.0	29.223415000000003	10.676189	1.0	0.010514	5.646255	1.0	35.903556	2.494954	3.0	56.884529	15.425756	3.0	13.062577000000001	24.172437	1.0	88.33458399999999	21.020706	5.0	0.011218	2.216337	5.0	83.30601	4.008106	2.0	40.223056	21.227716	5.0	57.96716899999999
6160.0	1.0	28.902009999999997	6.6137820000000005	2.501856	33.068259000000005	0.440313	0.406006	0.947425	0.321321	1.139982	2.0	47.040324	7.924405999999999	3.0	0.012415	1.8089790000000001	6.0	14.111301000000001	0.437572	3.0	5.438781	13.845899	5.0	97.014151	2.448916	1.0	40.276724	3.6342809999999997	2.0	0.092699	1.852168	6.0	31.360915999999996	2.49296	5.0	36.643737	21.950312	4.0	17.995120999999997
6163.0	1.0	42.787719	6.3921410000000005	1.669398	28.091282	0.169924	0.8729399999999999	0.47353	0.613683	3.534871	3.0	49.957439	23.015155	2.0	0.010481	3.96781	5.0	70.87410799999999	3.603506	3.0	11.903808	16.475964	5.0	89.245982	14.741057999999999	5.0	33.105025	16.202751	6.0	0.031775	2.019632	4.0	67.099574	1.362832	2.0	23.90139	11.319711	4.0	26.356634000000003
6461.0	1.0	95.94468	7.159636	95.303611	2.1884189999999997	0.29031999999999997	0.7371939999999999	0.600701	0.522423	5.72234	4.0	67.56146600000001	21.617796	1.0	0.028667	5.495341000000001	6.0	43.58755	0.943225	4.0	43.928349	21.838082	1.0	49.234536999999996	18.968832	2.0	70.336001	9.934957	2.0	0.014103000000000001	3.3031300000000003	3.0	61.847888	3.3810919999999998	1.0	47.751687	7.938752	3.0	56.747806999999995
6506.0	1.0	39.282877	16.386020000000002	19.771514	28.23945	0.741173	0.9848290000000001	0.274162	0.804603	6.021074	6.0	55.381549	18.373035	4.0	0.022213999999999998	2.716911	6.0	70.475944	0.8257049999999999	3.0	23.265432	8.907935	3.0	75.24165699999999	21.317245	3.0	49.99168	20.463409	6.0	0.024842	2.678693	2.0	48.191039	1.040197	5.0	64.87524	19.870279999999998	6.0	56.537029000000004
6680.0	1.0	1.773045	87.706144	24.092518	1.045102	0.944766	0.9372459999999999	0.61992	0.6027939999999999	17.024385000000002	3.0	34.434757	12.502725	5.0	0.039355	3.304037	4.0	81.805784	3.121444	2.0	45.627148	7.225791	3.0	46.803647999999995	20.958356	4.0	76.348249	7.737863000000001	1.0	0.021034999999999998	1.612141	2.0	86.109048	2.042243	1.0	97.667941	23.031067	5.0	71.99324399999999
6859.0	1.0	94.630989	2.66233	60.499824	14.747110999999999	0.408631	0.601032	0.753894	0.629808	4.883106	4.0	98.942806	20.196655	2.0	0.02468	4.584506	6.0	24.320688	1.9703669999999998	6.0	12.417797	13.262604999999999	5.0	70.389861	14.790573	6.0	71.451528	9.550032	1.0	0.015447999999999998	5.121278	4.0	23.834270999999998	0.932334	5.0	8.858711999999999	18.520820999999998	1.0	39.568471
6913.0	1.0	38.294232	20.904920999999998	38.797724	4.308669	0.854492	0.635656	0.724694	0.604318	20.1439	6.0	63.92576	11.149612	2.0	0.021971	3.363461	2.0	83.68053	5.619715	2.0	22.550114999999998	23.344077	1.0	45.143423	11.265092999999998	2.0	59.399777	20.558104999999998	5.0	0.026556	3.6843269999999997	1.0	67.851895	5.067904	5.0	9.078930999999999	14.939435999999999	2.0	95.53001400000001
6942.0	1.0	45.206362	11.647392	7.66617	20.572436	0.42990600000000007	0.8752190000000001	0.160394	0.711306	7.710572999999999	2.0	16.191459	12.366776	2.0	0.012612	5.38818	5.0	36.778519	3.391719	6.0	46.827104999999996	10.912202	5.0	18.248164000000003	1.7449700000000001	4.0	54.782996999999995	14.411757000000001	3.0	0.013281999999999999	2.078869	1.0	29.005709999999997	2.1926740000000002	6.0	53.819175	24.963570999999998	6.0	72.442452
6950.0	1.0	19.405232	2.53668	1.1416959999999998	5.9565	0.746963	0.559475	0.24057199999999998	0.378673	22.456129999999998	6.0	82.94880500000001	7.546772	4.0	0.18929200000000002	4.570825	4.0	55.956486	3.8261279999999998	2.0	90.66280400000001	21.800392000000002	6.0	62.581265	24.4429	1.0	59.3787	17.120318	4.0	0.024324000000000002	1.382119	4.0	27.658347999999997	3.533721	2.0	83.304106	17.113426	4.0	93.48338299999999
6970.0	1.0	97.360472	16.027658	13.441502999999999	10.275319	0.165325	0.8410030000000001	0.500121	0.661866	6.0973	1.0	91.32917900000001	18.760324	1.0	0.011868	0.781141	2.0	54.872477	3.024628	4.0	58.331788	22.11988	4.0	37.937624	15.48303	3.0	75.129153	6.991646	5.0	0.023071	3.972093	2.0	47.269425	1.371746	1.0	21.182423999999997	21.792851000000002	2.0	65.596901
7014.0	1.0	21.405179999999998	2.471357	21.311173999999998	10.915664999999999	0.27465	0.927891	0.7912600000000001	0.684774	10.505353999999999	1.0	41.839919	4.606351	6.0	0.084345	3.584399	1.0	92.535615	5.426798000000001	6.0	81.663064	5.284635	1.0	94.396591	7.417921000000001	2.0	17.754781	0.318708	3.0	0.010154999999999999	2.166635	6.0	79.852195	2.749765	4.0	55.115444	21.139549	1.0	88.264964
7336.0	1.0	3.4202120000000003	92.526732	16.178545	2.295512	0.783445	0.395806	0.611215	0.42262799999999995	5.261004	5.0	42.217591999999996	0.47393900000000005	1.0	0.109078	3.4789230000000004	5.0	27.969025	4.989647	1.0	82.019886	5.857063	3.0	2.9058669999999998	20.249198	3.0	54.836298	0.968493	2.0	0.010526	1.1989100000000001	5.0	65.573991	3.2542310000000003	2.0	25.325463	19.204197	3.0	34.025263
7509.0	1.0	1.624175	55.890843999999994	17.510464000000002	2.008307	0.888115	0.6307590000000001	0.236744	0.366759	8.977248	4.0	40.308116	16.790544	1.0	0.029016000000000004	0.552883	4.0	52.735294999999994	5.593801999999999	1.0	34.799318	17.405967999999998	5.0	58.88193100000001	24.731167000000003	2.0	83.235455	21.200556	6.0	0.011051	2.4795220000000002	2.0	41.223420000000004	5.282957	1.0	82.328428	4.3409059999999995	4.0	76.17421
7514.0	1.0	24.636697	6.538163	50.690781	6.50354	0.972943	0.7054600000000001	0.516808	0.814024	7.716525999999999	2.0	35.237457	20.144544	6.0	0.01369	2.218369	5.0	81.99588100000001	2.64966	1.0	78.1469	23.142751999999998	2.0	18.294488	18.876843	6.0	30.260181	0.988979	6.0	0.066787	2.226866	6.0	93.791431	5.325426	4.0	90.41930500000001	1.298074	6.0	57.961878000000006
7580.0	1.0	64.399902	5.129186	77.365841	2.746588	0.294032	0.601417	0.764245	0.11371300000000001	11.692105	1.0	84.025823	2.5211650000000003	1.0	0.028352999999999996	3.88041	5.0	87.747675	6.131464	3.0	87.804877	13.308623	6.0	95.42745500000001	5.423906	6.0	79.530501	1.456628	6.0	0.012519	5.736562	2.0	90.180881	3.5316099999999997	4.0	6.232225	22.862667000000002	5.0	41.760883
7710.0	1.0	19.265967	3.109669	4.114465	80.494281	0.350673	0.986649	0.9115700000000001	0.104321	22.091086999999998	5.0	75.56909499999999	2.624631	3.0	0.013227000000000001	5.982809	2.0	41.236362	2.749766	1.0	47.986191999999996	8.315139	5.0	25.822492	19.166667	3.0	11.152959	11.523995	6.0	0.011695	3.2764990000000003	2.0	27.781019	4.582603	5.0	17.424493	11.842286	1.0	22.638185
7728.0	1.0	18.903886	19.814582	59.436859999999996	11.052763	0.80061	0.707626	0.987031	0.615957	21.469687	2.0	61.504135	18.775778	3.0	0.023791999999999997	1.565078	4.0	22.642329999999998	5.308873999999999	4.0	48.099963	16.295991	1.0	31.838162	6.231477	3.0	45.466722999999995	9.685186	3.0	0.026663	1.061866	5.0	27.263608	1.2772459999999999	6.0	12.289058	17.231004000000002	3.0	31.64177
7738.0	1.0	86.86193399999999	3.412693	11.160231	7.128442	0.47948199999999996	0.6596529999999999	0.12360399999999999	0.47225900000000004	4.543147	3.0	98.294786	2.802922	6.0	0.012054	5.572072	5.0	72.29552199999999	4.346179	6.0	35.282134	10.441141	4.0	12.324259	5.544637000000001	1.0	68.51030300000001	12.5692	5.0	0.021269999999999997	3.80937	5.0	48.489894	1.026084	2.0	61.84087099999999	16.046708	3.0	97.598809
7841.0	1.0	18.196201000000002	24.445978	37.967748	10.708067	0.390884	0.8780180000000001	0.79348	0.900668	18.248112	2.0	41.244065	12.259699000000001	5.0	0.011992000000000001	0.86159	5.0	60.831187	2.628998	6.0	51.343261	19.982515	3.0	67.487959	24.31531	6.0	48.393346	7.820227	2.0	0.011753	4.805448999999999	6.0	40.046075	1.276351	6.0	23.882689000000003	2.057097	5.0	93.876738
7907.0	1.0	15.566170999999999	4.362655999999999	13.487796	14.935123999999998	0.6386350000000001	0.9047940000000001	0.767192	0.9563969999999999	5.394437	1.0	74.035238	15.632584	1.0	0.011429	1.9261759999999999	3.0	26.109898	1.366823	6.0	22.372016000000002	16.591695	2.0	22.280222	5.511495	6.0	92.374811	17.407514000000003	3.0	0.058266	1.2376690000000001	5.0	16.956328	5.874502	6.0	34.290886	11.14001	2.0	15.187184
8058.0	1.0	2.646652	76.047772	31.07953	27.501365000000003	0.564815	0.844325	0.7140029999999999	0.712058	21.781648999999998	6.0	85.24406	13.993712	5.0	0.129476	5.547349	1.0	15.080344	1.958188	5.0	61.995148	17.892523999999998	4.0	84.329929	21.097614	2.0	97.126787	1.736529	2.0	0.013928	1.7830150000000002	4.0	43.807602	1.50737	3.0	17.461752	25.589727	5.0	93.53439499999999
8248.0	1.0	2.9959580000000003	49.080247	10.213846	32.293762	0.604272	0.189808	0.77317	0.48325799999999997	9.377424000000001	4.0	18.782777	13.049369	4.0	0.021274	5.442888	6.0	82.86281600000001	2.38235	6.0	46.045144	20.963201	2.0	94.431584	25.172002	3.0	19.403435	22.28353	5.0	0.040704000000000004	5.545454	5.0	99.582611	4.268722	6.0	20.553462	21.937518	1.0	88.02629
8340.0	1.0	67.026641	4.982948	15.325967000000002	7.869477000000001	0.8432139999999999	0.828926	0.871525	0.362113	20.634393	6.0	90.87351600000001	4.467816	2.0	0.056121000000000004	2.706603	6.0	76.852244	4.233304	3.0	47.241243	4.9959050000000005	5.0	26.597788	1.18051	2.0	67.11099300000001	2.0748159999999998	3.0	0.212184	0.212842	6.0	59.212978	3.021361	1.0	93.65460999999999	24.017376000000002	3.0	31.692909999999998
8396.0	1.0	1.1715719999999998	99.34777199999999	14.429421	19.091532	0.41116099999999994	0.9378290000000001	0.6499010000000001	0.796621	21.661345999999998	1.0	36.670584000000005	15.602286	6.0	0.010097	1.943196	5.0	50.23881	2.5454689999999998	2.0	40.785858000000005	0.29911	5.0	2.779932	18.638603	1.0	88.72045899999999	6.814753	5.0	0.012796	3.7307650000000003	2.0	78.264039	1.46989	3.0	53.302302000000005	24.299770000000002	4.0	71.649263
8400.0	1.0	19.922102	15.525576000000001	23.246866	5.090548	0.7444149999999999	0.741966	0.669154	0.358568	9.622938000000001	3.0	25.467229999999997	22.664375	3.0	0.013097999999999999	2.791849	4.0	28.033305	4.517374	3.0	12.957378	11.651746000000001	5.0	73.34693	23.759216000000002	3.0	55.662932	3.809018	4.0	0.180232	5.783151999999999	3.0	70.446835	1.136349	5.0	57.059045999999995	13.284601	4.0	55.49480500000001
8402.0	1.0	12.264346000000002	3.542873	25.211517	25.35925	0.761253	0.688645	0.321442	0.973281	22.793257999999998	2.0	50.938671	8.144318	5.0	0.132664	3.3442519999999996	3.0	8.793719	3.508601	3.0	66.214524	15.501145000000001	4.0	2.470685	15.209301000000002	3.0	78.47003199999999	7.2803580000000006	2.0	0.585939	5.5868459999999995	2.0	20.741305	4.098269	5.0	87.164004	24.128148	4.0	28.798841999999997
8403.0	1.0	6.968141999999999	12.923331	19.784169	15.975754	0.760211	0.348261	0.340554	0.695489	11.12009	6.0	40.256738	22.634979	6.0	0.049274	1.229299	2.0	97.406215	3.3707870000000004	1.0	79.610286	21.096938	5.0	11.611236	24.11704	6.0	35.8678	8.398949	4.0	0.7137979999999999	1.033831	4.0	96.065686	2.538764	4.0	33.497721000000006	21.200785	6.0	4.430946
8509.0	1.0	3.831692	29.042972	40.101211	18.108535	0.731639	0.297697	0.8279920000000001	0.8847430000000001	6.472041	1.0	12.238866	11.999153	3.0	0.043093	4.312137	6.0	16.905386	3.823157	1.0	26.775897999999998	23.540441	1.0	24.203738	13.04272	2.0	74.28070100000001	14.187525	6.0	0.027389999999999998	2.692956	3.0	89.109515	3.354513	3.0	48.01826	22.249377	2.0	34.530058000000004
8535.0	1.0	51.247155	1.41685	11.216573	18.677841	0.21328899999999998	0.552415	0.11834700000000001	0.622482	3.369871	2.0	99.607019	5.681335	1.0	0.015319	3.19804	5.0	39.383643	1.647148	1.0	27.064133	19.614994	2.0	37.942831	4.765716	6.0	64.860069	14.950791	5.0	0.016881999999999998	2.050669	6.0	39.227183000000004	0.192834	5.0	3.487797	25.419607	6.0	92.967801
8548.0	1.0	74.711922	9.938638000000001	22.821586	1.6348049999999998	0.644574	0.32337	0.613401	0.9598540000000001	9.224913	1.0	71.483452	7.270792999999999	5.0	0.020643	5.547847	5.0	95.533998	6.199096	6.0	11.282387	20.925176999999998	6.0	42.158321	18.911389	5.0	78.353757	3.461533	1.0	0.019103	2.551104	5.0	64.868643	0.191909	2.0	71.767995	17.757613	3.0	52.275558000000004
8658.0	1.0	1.172575	25.570988	34.330677	2.9326830000000004	0.545816	0.940681	0.20686500000000002	0.270071	6.211071	6.0	41.132399	10.745786	2.0	0.018872999999999997	4.7300629999999995	6.0	64.286811	4.790172	3.0	79.139993	6.774503999999999	1.0	94.906787	17.048065	3.0	97.11399	11.966434	6.0	0.01651	3.947742	5.0	78.327831	3.288334	2.0	85.169066	17.979153	5.0	58.004093000000005
8690.0	1.0	5.133587	15.357301000000001	12.5315	7.31125	0.699214	0.882316	0.309875	0.680567	18.476316	5.0	89.96404799999999	17.34274	5.0	0.018172	1.413877	5.0	79.93459200000001	4.535391000000001	6.0	83.969241	5.430295	2.0	54.763859	24.809864	3.0	84.761264	17.3136	1.0	0.174894	1.922537	1.0	32.904596999999995	1.8387919999999998	3.0	34.3782	16.478088	5.0	49.432357
8758.0	1.0	66.18356	16.224871	52.94886700000001	14.430817000000001	0.753297	0.915425	0.9622120000000001	0.407104	10.014835	4.0	60.689333999999995	20.194084	2.0	0.015224000000000001	3.737737	4.0	64.605956	3.2074290000000003	5.0	26.50931	16.375695999999998	3.0	84.241799	8.164138000000001	3.0	80.074744	14.085317000000002	5.0	0.268883	0.8407629999999999	3.0	34.943304	3.7978160000000005	4.0	60.490567000000006	22.721003	5.0	82.733104
8914.0	1.0	84.30493	2.251862	72.69769699999999	21.971087	0.80828	0.496307	0.45398299999999997	0.9430649999999999	9.745692	6.0	87.355687	19.58716	6.0	0.011628	1.7395060000000002	5.0	22.819460999999997	5.426597	5.0	7.662006	23.041509	4.0	61.80519399999999	12.995088	1.0	91.559634	17.740951000000003	1.0	0.037524	2.648042	6.0	2.098535	4.340132	2.0	41.736575	15.759473999999999	2.0	75.337849
9022.0	1.0	9.57422	17.494702	87.46620300000001	20.888441	0.32513600000000004	0.48295200000000005	0.321676	0.921732	14.305373000000001	3.0	2.398066	18.664458	1.0	0.092317	1.620002	1.0	44.106649	5.339005	2.0	47.40566	23.866742000000002	5.0	93.796	18.270606	3.0	58.293597999999996	14.390647	1.0	0.020228	5.306496	4.0	20.982388	5.140852	2.0	5.89082	17.086579	6.0	68.769703
9066.0	1.0	19.602710000000002	2.231966	2.248084	8.581128	0.226402	0.36057100000000003	0.332133	0.184891	13.937653	2.0	81.710323	8.632139	2.0	0.015221	1.180015	1.0	57.680285999999995	5.7428989999999995	3.0	51.044584	18.322646	4.0	33.342007	20.772703	2.0	86.710425	19.202725	3.0	0.01989	0.114755	6.0	16.821011	5.569616000000001	1.0	98.26190600000001	3.996982	3.0	99.597914
9616.0	1.0	42.704591	3.5069589999999997	36.830979	5.185675	0.556253	0.6199439999999999	0.810888	0.8959940000000001	9.06948	1.0	63.924524	6.635622	3.0	0.016416	4.595687	6.0	96.999579	3.08663	5.0	77.064035	14.097832999999998	4.0	92.975572	20.38772	5.0	9.953702	19.503421	6.0	0.011359000000000001	5.548462000000001	4.0	7.633952000000001	1.9331450000000001	5.0	37.366538	7.8020179999999995	2.0	87.744149
9727.0	1.0	83.036374	12.893302	19.175726	21.554122	0.45556	0.8083859999999999	0.547117	0.8536540000000001	9.678485	2.0	61.284682	24.403116	4.0	0.012827000000000002	5.403122	3.0	78.195985	6.256412	2.0	1.4487219999999998	15.724115	2.0	30.481826	21.960988	5.0	75.96854	0.419417	5.0	0.026086	3.081818	3.0	49.452479	3.9239230000000003	4.0	39.507771000000005	25.024656	4.0	21.205928
9845.0	1.0	32.40106	20.765797	59.705505	18.661479999999997	0.397044	0.847842	0.690894	0.916024	5.631035	5.0	67.593372	2.633844	6.0	0.025778	0.777505	1.0	69.034654	2.34422	2.0	23.307744	19.372126	5.0	87.372326	16.003589	4.0	43.098729	2.5711619999999997	4.0	0.014019	1.183296	3.0	39.852484999999994	1.133134	3.0	9.095526	14.695746	2.0	89.383975
9861.0	1.0	3.272836	25.909414	22.5863	15.377573000000002	0.531825	0.11263900000000002	0.9289280000000001	0.779105	8.20271	2.0	93.81146700000001	23.181866	5.0	0.9115469999999999	4.906142	5.0	98.050991	2.242289	4.0	44.283163	22.471675	1.0	55.800695	3.7821510000000003	6.0	81.903032	1.81847	1.0	0.01485	3.049056	4.0	51.652085	4.617047	1.0	33.598447	23.331201999999998	5.0	16.071389
9906.0	1.0	74.261248	13.637832000000001	28.891764000000002	23.915284	0.6168399999999999	0.437987	0.809118	0.800963	11.135075	4.0	52.749301	14.776546	6.0	0.018704	2.881903	1.0	6.039723	2.088262	6.0	55.120759	20.993781	6.0	25.62973	19.741121	2.0	34.616979	21.261596	1.0	0.02131	0.157174	6.0	16.632479	5.528514	3.0	22.70611	21.743871	2.0	17.929299
9972.0	1.0	90.538641	6.043181	4.5234559999999995	21.000815	0.36493200000000003	0.592245	0.964219	0.8033779999999999	8.110063	4.0	78.593685	8.667645	6.0	0.029833999999999996	2.0161849999999997	4.0	50.646287	2.371301	6.0	54.100455000000004	16.778423	6.0	41.583765	15.212426999999998	2.0	59.54894	11.354223	3.0	0.015929	4.981185	2.0	22.733186	0.444108	1.0	67.3508	22.893621	6.0	8.087392999999999
