93.0	1.0	89.618288	72.341466	63.47568100000001	35.310618	0.8235299999999999	0.459484	0.752739	0.292229	1.051552	6.0	35.604799	56.694051	6.0	0.028537	4.171761	1.0	62.328556999999996	3.276448	1.0	61.889201	52.313127	1.0	38.642078999999995	64.280475	3.0	0.012135	4.571187999999999	3.0	2.8656580000000003	0.838892	3.0	22.117922
158.0	1.0	66.061112	86.45960600000001	96.497927	6.774303999999999	0.253942	0.600062	0.458808	0.385759	72.446849	1.0	82.978121	36.507424	5.0	0.029729000000000002	0.923767	2.0	65.548684	5.49582	5.0	44.275090000000006	33.580627	1.0	19.801199	32.863205	5.0	0.367678	0.85367	1.0	73.31227	3.719768	5.0	52.02458
317.0	1.0	99.171538	38.279831	69.53924599999999	26.413342	0.84434	0.638336	0.1586	0.49334799999999995	8.764755000000001	3.0	79.31880600000001	43.785028000000004	6.0	0.015581	0.384008	1.0	8.312301	2.2200330000000004	4.0	16.276918	2.662696	1.0	2.213192	5.37594	2.0	0.013796000000000001	1.583895	2.0	21.632984	0.139862	6.0	14.467107999999998
384.0	1.0	60.333358	27.022527	77.56474399999999	64.892986	0.290531	0.20887399999999998	0.44437	0.20724499999999998	62.013939	4.0	74.26410600000001	17.675512	2.0	0.010203	5.813255000000001	5.0	93.696839	0.22854899999999997	5.0	2.9010700000000003	37.250018	6.0	32.712115999999995	68.370716	4.0	0.197891	0.452118	2.0	10.236725	2.531511	4.0	62.060165000000005
693.0	1.0	86.272038	73.987083	26.099642000000003	59.971672999999996	0.387248	0.456808	0.516046	0.84701	15.999126	1.0	68.398735	74.67485500000001	3.0	0.017766	0.940659	1.0	59.196826	4.767212000000001	4.0	37.080419	16.236422	3.0	9.148914999999999	72.467021	2.0	0.025562	1.00466	3.0	1.869778	1.012817	5.0	1.568717
731.0	1.0	44.948768	96.57607	93.251747	18.016702	0.8568950000000001	0.453506	0.11768499999999998	0.359023	27.322193	5.0	39.858393	54.728134999999995	4.0	0.012376999999999999	0.322469	6.0	5.216422000000001	0.067371	2.0	31.358209000000002	46.148754	2.0	9.560111000000001	3.157241	5.0	0.43582299999999996	4.883146	2.0	53.547348	4.738967	3.0	97.91073100000001
741.0	1.0	74.362574	80.1818	68.18963000000001	90.84187299999999	0.729743	0.9545100000000001	0.609574	0.110009	46.368212	1.0	67.898005	69.68866700000001	3.0	0.019101	0.977793	5.0	86.062984	4.406964	2.0	3.576347	9.447421	6.0	45.732991	58.916143999999996	2.0	0.023962	0.611823	2.0	52.568252	1.542152	2.0	93.062352
845.0	1.0	61.296682	96.081655	68.181839	60.762834999999995	0.512817	0.354256	0.76042	0.498712	1.3093139999999999	2.0	99.890895	57.267953000000006	3.0	0.013669	0.8865190000000001	1.0	38.495144	3.215091	1.0	68.19489499999999	45.719004999999996	1.0	4.592057	65.696045	1.0	0.040033	1.623823	6.0	14.366076999999999	4.74901	5.0	1.427921
900.0	1.0	89.574134	78.42685300000001	65.916101	23.165858	0.437852	0.183704	0.46617700000000006	0.9646399999999999	32.938691	1.0	71.237356	32.252776000000004	6.0	0.035937000000000004	2.878607	3.0	65.845917	2.898464	2.0	2.695487	9.669084	2.0	47.782523	17.313823	1.0	0.028547000000000003	4.670573	1.0	50.757532	0.8110229999999999	6.0	2.2945830000000003
1050.0	1.0	68.415279	52.332281	91.041678	42.18817	0.32269000000000003	0.40074	0.802348	0.118449	9.71008	2.0	66.517054	67.878178	1.0	0.012549	4.2317290000000005	1.0	49.929715	6.097783	1.0	72.030589	11.88994	1.0	88.639161	52.654015	3.0	0.012691	4.233369000000001	1.0	32.611574	4.6461239999999995	3.0	40.851008
1073.0	1.0	41.796803999999995	42.391216	61.265552	68.260028	0.946341	0.338386	0.702901	0.7766430000000001	1.570152	3.0	13.225601999999999	42.701402	2.0	0.018525	0.6465270000000001	4.0	3.347782	2.8067349999999998	1.0	43.18213	22.728392000000003	6.0	12.960846	36.853557	1.0	0.022113999999999998	0.674706	3.0	14.276387	0.192942	3.0	6.9287410000000005
1161.0	1.0	44.712309000000005	56.915408	88.82529699999999	98.34237900000001	0.9228930000000001	0.366171	0.441954	0.586417	77.363045	5.0	38.029094	2.154039	6.0	0.014385	0.9288549999999999	3.0	59.380724	2.156566	2.0	5.248211	42.149710999999996	4.0	17.704464	52.727803	4.0	0.041468	1.119171	6.0	62.826814	1.2329	3.0	5.898763
1262.0	1.0	85.839821	73.917339	41.318212	93.233064	0.571276	0.5466979999999999	0.11638699999999999	0.581112	5.067292	6.0	33.781281	56.867723	4.0	0.9761690000000001	4.7527	6.0	9.680922	4.982517	5.0	31.083834000000003	30.811799	2.0	13.421192999999999	38.566138	4.0	0.12811	3.8771230000000005	1.0	86.239762	0.072268	1.0	47.2472
1267.0	1.0	97.896204	80.92886899999999	12.719284	64.605048	0.27519899999999997	0.9678889999999999	0.114048	0.77107	51.458414000000005	2.0	98.678032	53.063979	1.0	0.549187	1.495891	5.0	36.945966	0.451571	3.0	15.703712	21.774258	1.0	25.879047	28.937167	3.0	0.637305	2.6882490000000003	5.0	1.267095	2.765015	2.0	91.031401
1278.0	1.0	80.100688	8.374528999999999	62.250696999999995	70.371978	0.230152	0.330679	0.894275	0.7494770000000001	13.794	1.0	30.924734	28.987669	6.0	0.019936000000000002	5.055381	2.0	2.435339	0.077	3.0	22.549372	18.155667	4.0	69.876287	38.589351	5.0	0.012882	0.09367	1.0	54.427094	1.812086	3.0	82.832747
1355.0	1.0	2.260733	76.424436	61.438442	18.676566	0.46882799999999997	0.21371700000000002	0.20683800000000002	0.742088	21.771182999999997	5.0	82.04890999999999	72.946935	4.0	0.013378999999999999	6.116037	1.0	73.335318	2.2593419999999997	5.0	14.395217	20.572998000000002	4.0	54.681309999999996	76.435383	5.0	0.015171	0.10248199999999999	5.0	68.763467	1.985321	2.0	56.305847
1432.0	1.0	99.603548	24.791222	89.35921	65.108411	0.103051	0.445808	0.542195	0.808574	13.386629000000001	2.0	96.691106	42.611779999999996	2.0	0.012115	2.017696	1.0	42.98554	5.042984	5.0	48.024723	20.330262	5.0	54.19565	68.218473	1.0	0.011068000000000001	0.996547	1.0	51.631177	1.857405	3.0	25.079778
1757.0	1.0	88.32258900000001	42.099864000000004	61.173568	89.630578	0.8362700000000001	0.701288	0.38305500000000003	0.34013699999999997	24.874142000000003	1.0	33.808587	30.558667	1.0	0.05511799999999999	2.8304009999999997	3.0	6.026816	6.140994999999999	1.0	10.028327	46.065127000000004	6.0	52.672968000000004	35.031346	2.0	0.014458000000000002	5.598435	2.0	2.449008	3.1886639999999997	2.0	13.727418
1861.0	1.0	62.413989	69.871666	32.404848	19.935721	0.967541	0.635779	0.585733	0.9330200000000001	68.606272	1.0	73.229206	60.703199	4.0	0.010292	2.4717580000000003	5.0	44.168915999999996	0.306408	1.0	15.518881	5.21612	1.0	12.188786	75.665965	3.0	0.086525	2.593291	1.0	16.344208	1.430978	4.0	32.546515
1988.0	1.0	32.239887	46.965445	57.062139	29.784204	0.241621	0.42748500000000006	0.245248	0.105448	64.347451	5.0	83.996815	39.121139	4.0	0.011562000000000001	1.01021	6.0	26.618370000000002	6.198767	6.0	1.9534770000000001	28.625522999999998	1.0	62.803971999999995	11.538548	4.0	0.1192	0.9352440000000001	1.0	82.65361700000001	4.343636	6.0	8.947954
2056.0	1.0	46.23814	57.192818	91.187015	85.526394	0.12991	0.256601	0.11159200000000001	0.42448400000000003	47.16557	2.0	94.741199	66.863844	1.0	0.090166	0.161827	2.0	10.223869	0.9442799999999999	2.0	77.290068	1.538399	6.0	14.787942000000001	72.72466899999999	1.0	0.017294	3.432695	2.0	96.032483	4.6677610000000005	1.0	80.322214
2062.0	1.0	13.327385999999999	60.05941899999999	13.383172	33.867898	0.109499	0.542794	0.744579	0.859297	3.3384660000000004	6.0	96.88730699999999	45.795155	6.0	0.100763	2.386739	2.0	34.320327	5.3349269999999995	1.0	21.515064000000002	10.485961999999999	1.0	2.2111490000000003	45.341084	1.0	0.010095999999999999	2.483391	2.0	1.443349	1.7076369999999998	6.0	25.917385
2077.0	1.0	1.269941	78.01364699999999	7.740539999999999	56.863252	0.949866	0.378422	0.765378	0.505409	17.851084	4.0	52.709727	34.793054999999995	1.0	0.021993000000000002	3.9072419999999997	3.0	31.572533	3.104384	1.0	6.465315	17.319098999999998	3.0	89.26224599999999	56.614654	5.0	0.118602	2.525403	4.0	3.756363	2.037582	1.0	52.741041
2261.0	1.0	45.625189	62.350640000000006	94.063001	59.763459	0.32421300000000003	0.16463699999999998	0.41610600000000003	0.632845	37.559313	1.0	43.523843	56.711352000000005	6.0	0.010454999999999999	1.046573	3.0	9.829085000000001	5.138776	2.0	18.082624	55.172817	4.0	19.736237	3.3373510000000004	2.0	0.062226	4.856696	6.0	1.132118	1.5695629999999998	2.0	49.503277000000004
2289.0	1.0	84.08364499999999	37.484851	67.779934	16.658708999999998	0.18876500000000002	0.388414	0.252343	0.181071	18.232281	4.0	49.82738	52.63529499999999	6.0	0.072065	4.905017	4.0	8.943100999999999	3.5169660000000005	4.0	6.150862999999999	49.69709	1.0	71.73317	25.22404	1.0	0.012719	0.4481	2.0	45.961465000000004	3.6545059999999996	6.0	76.06759
2336.0	1.0	23.372515	26.235907	88.88376	37.164497999999995	0.54899	0.425716	0.156334	0.45200100000000004	73.89505	1.0	12.484729	67.868596	1.0	0.056996000000000005	2.925365	1.0	48.303678999999995	4.465273000000001	1.0	90.814162	44.318176	4.0	92.840857	61.741973	6.0	0.010939	2.64121	1.0	21.352967	2.5230080000000004	6.0	96.991748
2379.0	1.0	74.33939000000001	46.060586	76.363601	94.593199	0.336463	0.16780899999999999	0.45043500000000003	0.270547	50.071176	3.0	7.577336	12.06767	4.0	0.13476	1.978005	4.0	37.478664	2.779091	3.0	1.8800419999999998	38.234514000000004	4.0	49.6277	43.603486	1.0	0.035607	0.11523399999999999	1.0	97.13549499999999	0.102701	4.0	5.1115699999999995
2566.0	1.0	22.677717	93.576549	15.012366	67.443314	0.9450729999999999	0.301573	0.215114	0.492122	73.556888	5.0	11.949985	43.364829	6.0	0.01435	1.266161	3.0	71.954299	5.17186	1.0	6.459445	44.843706	5.0	3.260395	48.296726	2.0	0.28275500000000003	2.067774	1.0	41.934111	1.608333	2.0	99.456051
2584.0	1.0	2.9710240000000003	80.26915699999999	73.66279	74.196656	0.510842	0.143291	0.941393	0.790841	41.681504	4.0	26.878751	45.117751	1.0	0.150151	4.6281930000000004	4.0	57.094313	0.815872	6.0	22.655078	9.084641	5.0	20.841081	74.848894	2.0	0.03312	5.655006	5.0	22.695994	4.756371	4.0	4.069506
2593.0	1.0	57.934507999999994	39.982898999999996	83.29763	69.407501	0.359802	0.9093180000000001	0.6695939999999999	0.970734	59.425160999999996	3.0	2.286089	41.841889	6.0	0.115594	1.9660939999999998	2.0	80.894032	5.161473	1.0	78.23650500000001	43.961134	5.0	92.58551899999999	76.74886500000001	2.0	0.061348	0.724965	2.0	4.159108	1.656216	2.0	45.259446000000004
2748.0	1.0	85.335171	76.518098	38.395064	70.691854	0.138264	0.624927	0.685746	0.8903340000000001	31.665407000000002	1.0	79.29256	48.134634000000005	3.0	0.029213999999999997	0.511778	1.0	19.390898999999997	3.428561	3.0	87.325546	55.689377	5.0	60.250918000000006	26.165043	4.0	0.734136	0.108802	1.0	84.778487	4.481642	1.0	5.153093
2751.0	1.0	43.580237	20.656574	64.505208	38.721475	0.269658	0.627253	0.302277	0.324436	44.999922999999995	5.0	2.4398150000000003	66.069414	2.0	0.014594	3.484809	2.0	79.973563	2.0575740000000002	3.0	35.639014	30.475532	2.0	59.787981	31.844082	4.0	0.020312	2.814441	4.0	12.513461999999999	1.503015	3.0	30.577298
2949.0	1.0	82.801975	70.381632	85.813581	74.43722	0.302289	0.8774620000000001	0.261669	0.457045	14.079753	5.0	86.99199	72.635735	1.0	0.014775	6.260421	4.0	4.757118	0.203703	3.0	14.0809	57.579170999999995	1.0	2.474803	22.835317	2.0	0.011014	0.171948	4.0	40.471371000000005	4.511337	4.0	98.924477
3032.0	1.0	71.391874	27.06226	73.66257	83.5069	0.7100420000000001	0.45128500000000005	0.156903	0.749005	5.296667	5.0	42.743666	16.623368	1.0	0.08504099999999999	1.423144	5.0	1.8152669999999997	1.446345	1.0	71.070652	33.99354	2.0	15.397393	74.865229	6.0	0.096861	0.286217	3.0	7.583999	5.143342	1.0	3.589628
3037.0	1.0	62.014901	20.307794	35.774138	25.949975	0.263504	0.897443	0.327519	0.5984659999999999	54.350432999999995	2.0	51.429406	56.421378000000004	4.0	0.014259	0.9320709999999999	2.0	7.081586	5.668051999999999	3.0	44.057787	48.804832	6.0	4.805147	41.267893	6.0	0.046023	1.42215	3.0	61.925028000000005	5.201698	2.0	60.348812
3155.0	1.0	79.42281	37.319941	84.347125	71.36046	0.188024	0.5215930000000001	0.513992	0.857193	24.212906	5.0	12.46471	25.030996	1.0	0.010045	2.395147	5.0	32.976447	4.537918	1.0	3.008829	22.922976000000002	3.0	18.12997	74.76603100000001	1.0	0.025284	2.765885	1.0	6.022222	0.894649	5.0	28.896824
3167.0	1.0	69.362799	37.148817	51.611781	34.782045000000004	0.490037	0.658909	0.16203299999999998	0.632273	57.039885999999996	5.0	1.63743	57.053526	4.0	0.011939	1.467881	2.0	78.582296	1.150037	1.0	96.39893599999999	58.099392	2.0	71.166733	58.512476	5.0	0.011884	4.040585	6.0	3.3893410000000004	1.592244	4.0	36.166512
3204.0	1.0	69.081712	94.879874	58.753248	95.727541	0.5844010000000001	0.9021459999999999	0.811789	0.6697489999999999	2.5812779999999997	3.0	12.480488000000001	38.649407000000004	1.0	0.010615000000000001	2.3763549999999998	3.0	34.303404	0.06523999999999999	1.0	75.858062	24.176898	1.0	45.760479	66.943759	1.0	0.012095999999999999	4.974944	1.0	37.592031	4.990204	3.0	6.225171
3233.0	1.0	55.643547	61.604653000000006	38.602351	4.978528	0.275429	0.843793	0.348006	0.730433	4.153436	4.0	84.695966	28.580914	2.0	0.010352	4.563883000000001	5.0	6.655341	4.468164	1.0	61.116802	71.75137600000001	1.0	28.696278000000003	70.539546	4.0	0.028821	1.219217	1.0	71.764814	0.149078	2.0	32.053038
3259.0	1.0	52.796341000000005	25.682612	72.409329	45.567921000000005	0.286826	0.5705939999999999	0.14236400000000002	0.651606	64.953298	4.0	35.544603	26.940871	5.0	0.011965	4.480366	6.0	37.381914	3.243316	4.0	1.029184	17.895726999999997	2.0	47.200162	67.25409	1.0	0.025737	5.501252	1.0	60.851951	1.8784560000000001	2.0	18.872707000000002
3365.0	1.0	36.979949	85.477813	74.17540100000001	10.442162	0.33781700000000003	0.298599	0.248743	0.923435	53.314983999999995	5.0	16.689223000000002	36.084778	2.0	0.026155	0.387797	1.0	25.618642	3.971114	5.0	5.221465	74.340781	3.0	72.91099799999999	33.121798	5.0	0.878635	0.493274	6.0	6.676378999999999	4.587025	2.0	51.837410999999996
3520.0	1.0	17.632478	26.034448	80.467843	62.665236	0.24193800000000001	0.878862	0.5742649999999999	0.22873000000000002	42.302879	1.0	97.947618	72.698098	2.0	0.185357	1.418268	5.0	7.17398	0.16321	2.0	18.287685999999997	17.241166	6.0	44.795974	55.82109499999999	3.0	0.010484	3.061548	5.0	17.918297	5.8267940000000005	1.0	54.477915
3551.0	1.0	82.152817	39.658678	53.475691000000005	50.353243	0.13956400000000002	0.680267	0.9529780000000001	0.9586680000000001	31.173779999999997	3.0	15.971154	53.759675	2.0	0.02154	5.876276	2.0	66.432693	4.887799	1.0	24.100216	49.798348	1.0	14.867220999999999	64.727673	1.0	0.034210000000000004	1.520341	6.0	2.552283	2.297774	5.0	38.387440000000005
3749.0	1.0	85.347353	10.514172	89.319577	75.193657	0.207421	0.266021	0.252367	0.17811300000000002	53.784514	1.0	57.249931999999994	43.169501000000004	2.0	0.017254	0.32759299999999997	1.0	80.635187	0.46168100000000006	3.0	2.837352	52.197255	5.0	71.570661	70.452368	4.0	0.012545	0.460844	6.0	4.558993	0.139819	6.0	11.995664
3848.0	1.0	73.523023	86.44766800000001	88.14924	42.093436	0.827965	0.957778	0.650188	0.980708	2.111894	3.0	3.752968	35.554532	6.0	0.172881	1.544764	4.0	12.852151	3.963941	2.0	61.868911	15.586737	1.0	34.752765000000004	47.448510999999996	5.0	0.032885000000000005	2.607135	1.0	55.762248	3.039027	3.0	3.427137
3885.0	1.0	79.457451	98.843278	97.683213	14.396815	0.827009	0.307848	0.269185	0.572484	18.98921	3.0	73.967382	34.960298	1.0	0.017122	6.177743	1.0	2.8063580000000004	3.3788699999999996	6.0	57.349033999999996	14.954460999999998	3.0	10.571563000000001	6.994871000000001	6.0	0.391416	3.035905	2.0	78.30275	3.7933260000000004	4.0	4.726719
4079.0	1.0	67.42761	50.754221	59.770906000000004	32.514454	0.21555100000000002	0.354405	0.11436400000000001	0.774304	1.292014	4.0	70.709106	14.974235	2.0	0.011404000000000001	4.183957	3.0	52.178959000000006	4.96176	5.0	43.854478	28.694281	1.0	36.768703	72.818285	5.0	0.053416	2.187297	3.0	14.836139000000001	3.4372160000000003	1.0	45.160625
4171.0	1.0	2.525723	54.79480699999999	70.39203	86.577997	0.963822	0.612284	0.28414	0.8618600000000001	73.23602	3.0	28.973298	38.867639000000004	6.0	0.014475	5.529192	5.0	12.018928	4.276137	4.0	1.5636700000000001	3.384018	4.0	70.40129	46.273022999999995	1.0	0.015238999999999999	0.737785	2.0	32.966274	2.473734	5.0	18.953731
4200.0	1.0	42.798007	73.097431	57.108447999999996	16.59338	0.133598	0.439195	0.538453	0.648036	76.106071	5.0	10.516302	1.101509	4.0	0.042483	1.087862	1.0	81.375226	0.45985600000000004	1.0	5.952795	3.104198	1.0	13.577684	63.363980000000005	2.0	0.012407	0.138497	1.0	79.089412	0.48337700000000006	3.0	57.852272
4482.0	1.0	6.5168099999999995	96.14142	37.037290999999996	71.404117	0.9273170000000001	0.7933939999999999	0.40823400000000004	0.844773	65.240312	5.0	1.939139	6.486036	6.0	0.010347	1.523179	3.0	22.928776	3.909008	3.0	4.650525	3.939761	2.0	11.321954	44.532612	6.0	0.097195	0.49542200000000003	6.0	50.9042	0.261818	1.0	46.757391999999996
4506.0	1.0	90.58663	64.767779	65.40351	23.063786999999998	0.240483	0.881035	0.251242	0.652598	46.359394	2.0	36.828359000000006	42.635220000000004	5.0	0.024655	5.726529	2.0	2.3785849999999997	6.2568150000000005	4.0	98.06738399999999	45.214040999999995	5.0	15.660160999999999	65.837401	5.0	0.035111	3.4272839999999998	1.0	66.34783	3.5404699999999996	1.0	71.015847
4549.0	1.0	37.708793	48.332051	78.024677	41.284178999999995	0.467213	0.6667420000000001	0.32017399999999996	0.910198	6.689773	2.0	95.456212	36.608462	2.0	0.06444	0.12428099999999999	2.0	79.69951400000001	3.591996	3.0	78.002209	49.230074	5.0	8.135800999999999	23.993835999999998	1.0	0.013958000000000002	3.824893	3.0	4.865541	1.536342	5.0	53.288213
4592.0	1.0	63.486215	52.728097	88.53984200000001	58.993848	0.198628	0.552245	0.197666	0.675668	1.3912010000000001	4.0	1.776476	25.920537	4.0	0.033296	3.958391	1.0	35.245546999999995	6.195735	3.0	38.347831	35.439506	2.0	9.139714	73.352523	2.0	0.018526	5.7019400000000005	6.0	44.034597999999995	1.242541	2.0	60.050918
4600.0	1.0	89.253517	32.000976	87.888302	43.177512	0.196749	0.698905	0.81084	0.980785	13.252169	1.0	80.564776	52.956247	2.0	0.011379	0.7184189999999999	2.0	59.848217000000005	4.780582	1.0	66.498727	4.391954	5.0	45.135197	54.469359999999995	6.0	0.019796	2.588579	4.0	4.609152	1.032775	1.0	55.459607999999996
4659.0	1.0	40.372884	87.987952	49.985492	36.72265	0.16709100000000002	0.56785	0.5600510000000001	0.265206	76.71939300000001	3.0	62.487311	26.552857	5.0	0.020339	5.02999	4.0	72.500153	1.016499	6.0	3.433267	11.754828	5.0	51.991864	56.265287	3.0	0.048242	1.2446700000000002	6.0	1.204893	4.942691	1.0	21.351311
4698.0	1.0	18.484582	31.372377	44.006206	15.97984	0.337937	0.143618	0.42779799999999996	0.9787889999999999	14.381959	4.0	78.272593	66.046095	5.0	0.010444	0.18393099999999998	2.0	86.117436	3.616678	4.0	28.768278000000002	16.284143	3.0	11.11287	42.257295	1.0	0.021064	4.860025	3.0	1.6217219999999999	2.480257	1.0	50.151542
4805.0	1.0	60.18163199999999	36.676184	41.062069	32.893735	0.557471	0.131856	0.9421879999999999	0.6316189999999999	35.290452	3.0	83.710574	33.085367	4.0	0.05008	4.070416000000001	6.0	6.745937	0.9208930000000001	2.0	40.123064	62.637508999999994	4.0	10.960703	54.177313	1.0	0.630718	1.631558	1.0	9.101823	0.322393	6.0	48.097892
4921.0	1.0	59.669605000000004	49.671759	86.195539	46.504257	0.815429	0.530439	0.416156	0.22	10.255975999999999	1.0	55.103041000000005	73.027591	1.0	0.026341000000000003	5.824902	2.0	3.25717	4.264978	2.0	2.551391	36.552949	1.0	7.384023	18.114442999999998	1.0	0.019109	1.307703	5.0	82.101745	0.376776	6.0	1.7470919999999999
5004.0	1.0	86.832148	54.848542	81.603052	19.274241	0.886391	0.746851	0.310721	0.375317	16.649471	1.0	53.978877000000004	30.053494	2.0	0.022969	0.19833199999999998	1.0	96.713307	2.98475	1.0	36.202265000000004	68.66915999999999	3.0	43.437795	66.87518299999999	4.0	0.010487	1.734747	1.0	82.79346	0.5537920000000001	3.0	76.904208
5024.0	1.0	47.705422	80.098926	35.587528999999996	99.644623	0.519415	0.585432	0.996209	0.339474	22.676035	3.0	52.199172	33.315593	2.0	0.18563	2.326248	5.0	2.363477	3.663036	1.0	52.563363	8.108118	5.0	2.670616	50.591079	1.0	0.012033	1.399529	2.0	92.678189	0.891814	4.0	13.031988
5128.0	1.0	13.399057999999998	87.547866	74.550015	82.08413	0.932867	0.206484	0.82686	0.105753	43.863523	5.0	8.635896	32.799215000000004	3.0	0.019349	1.232392	5.0	47.866639	2.71205	1.0	13.619137	16.335013	4.0	22.691939	48.081216	1.0	0.011061	5.150784	3.0	33.529178	2.780057	1.0	94.080432
5149.0	1.0	39.864646	24.455002	99.936114	5.1574800000000005	0.103272	0.8706370000000001	0.9992120000000001	0.470583	59.976954000000006	1.0	45.873866	32.438663	3.0	0.058597	4.42594	1.0	59.703111	2.258016	3.0	2.152603	9.88842	6.0	19.143027	66.974683	2.0	0.132442	3.1236189999999997	1.0	8.587197999999999	2.991269	2.0	1.040357
5213.0	1.0	51.404818	93.859101	88.288229	74.861187	0.17547000000000001	0.270357	0.15698900000000002	0.332177	39.033214	6.0	63.12768199999999	70.537901	1.0	0.01037	6.068969999999999	4.0	1.45707	4.992358	1.0	95.983064	6.083739	6.0	43.558787	56.049977	5.0	0.08573	0.936667	4.0	91.01747900000001	5.388719999999999	4.0	39.397437
5442.0	1.0	41.861331	79.159811	53.354983	96.04400799999999	0.2832	0.684599	0.180297	0.709363	33.520716	1.0	11.65056	21.690281	6.0	0.433516	0.813052	3.0	14.220256	4.551273999999999	5.0	25.172311999999998	3.911741	6.0	49.64504	45.89605	1.0	0.023084	3.392006	5.0	78.449911	4.387419	6.0	15.009576999999998
5792.0	1.0	17.270187	22.279541000000002	95.961053	68.232748	0.5083300000000001	0.11897200000000001	0.41613599999999995	0.410293	48.52677	1.0	32.756684	5.384279	6.0	0.019455	5.013869000000001	4.0	24.34142	2.076066	2.0	8.919417999999999	66.07210699999999	1.0	55.357851000000004	24.738028	2.0	0.07344400000000001	1.142124	4.0	65.514297	1.7245970000000002	1.0	20.942817
6028.0	1.0	88.883736	36.126339	34.927675	86.38854	0.235526	0.292579	0.309859	0.10951500000000002	5.999864	1.0	9.946144	35.198301	5.0	0.015165000000000001	4.880261	1.0	17.654927	6.148116	1.0	24.657022	14.464753	1.0	66.648647	10.144533000000001	1.0	0.023862	2.807623	3.0	8.926625999999999	3.6463120000000004	6.0	24.394964
6039.0	1.0	15.776801999999998	22.020209	86.932806	48.936371	0.136975	0.505826	0.272883	0.619111	72.226879	3.0	28.132558000000003	46.633262	5.0	0.047689999999999996	0.087894	2.0	80.439287	0.202605	4.0	98.164215	35.479554	3.0	2.623094	21.202645999999998	5.0	0.6553260000000001	1.421408	5.0	87.95270500000001	0.382723	2.0	76.900622
6070.0	1.0	47.919595	91.953275	88.077706	97.55549599999999	0.126924	0.719325	0.31906	0.861448	26.686046	1.0	24.990095	72.132162	5.0	0.012589	1.985397	1.0	90.51350699999999	2.046475	1.0	77.91469000000001	12.093200999999999	6.0	66.028124	56.764345	4.0	0.01999	0.254278	1.0	83.48581899999999	0.855723	4.0	14.041826
6100.0	1.0	8.449404	99.748042	23.121351999999998	49.522615	0.91738	0.9751719999999999	0.863901	0.383809	46.419877	1.0	87.269662	36.20935	6.0	0.011033	6.245897	6.0	28.729671999999997	1.7475009999999997	1.0	1.285665	0.977038	4.0	96.225307	45.64967	5.0	0.02043	0.151829	6.0	19.243692000000003	1.791969	4.0	40.350305999999996
6122.0	1.0	24.638181	12.358962	64.70855300000001	78.315493	0.48832200000000003	0.329014	0.987339	0.928574	11.57036	3.0	8.742992	65.243666	2.0	0.080828	1.254832	4.0	27.093682	0.13095299999999999	3.0	25.028502	71.27117199999999	3.0	58.99501	72.721092	3.0	0.018103	4.3642199999999995	2.0	1.044797	1.09637	1.0	23.729226
6244.0	1.0	73.69251899999999	68.410625	24.315375	13.848903	0.161947	0.666828	0.106858	0.338044	0.883102	2.0	95.722724	72.48089300000001	1.0	0.153756	2.948667	5.0	90.497556	0.330437	5.0	87.42308100000001	0.766083	6.0	44.525068	70.48076	3.0	0.056807	3.6927980000000002	1.0	60.039218000000005	5.704655000000001	5.0	38.293282
6297.0	1.0	10.653547999999999	25.496678	79.064756	34.128252	0.280646	0.684837	0.534395	0.8510719999999999	38.371449	1.0	5.30415	66.25985899999999	5.0	0.021087	2.921023	1.0	67.166613	3.7244919999999997	4.0	71.84675899999999	14.465395000000001	6.0	47.435825	19.988125	3.0	0.017062	3.427882	5.0	4.134454	1.567982	4.0	3.224696
6425.0	1.0	61.320125	48.852247	43.477927	40.757311	0.197047	0.892067	0.12897999999999998	0.916708	19.987189	1.0	23.035291	45.569023	4.0	0.024382	3.946129	1.0	19.63475	1.391242	2.0	29.881408	50.215605	2.0	47.815484000000005	30.088095000000003	4.0	0.21110399999999999	4.221672	6.0	4.324961	0.219454	2.0	32.170281
6461.0	1.0	35.227486	58.398506000000005	67.754581	21.007645	0.174251	0.857517	0.196708	0.49552399999999996	27.651456	1.0	51.371245	38.196007	5.0	0.0175	6.147784	1.0	81.337242	3.001677	4.0	22.660147	24.906579999999998	1.0	23.771258	77.075518	2.0	0.015353	1.515816	1.0	35.156465000000004	0.5282680000000001	1.0	64.04878000000001
6780.0	1.0	26.373084000000002	84.760958	50.603946	21.747632	0.27533	0.18085199999999998	0.165464	0.8788309999999999	52.191049	4.0	20.10216	2.444207	3.0	0.042607	5.327234	2.0	68.495357	1.375371	3.0	20.912364999999998	5.647066000000001	6.0	2.3995290000000002	38.579024	4.0	0.13355999999999998	2.501414	6.0	14.027407	0.429098	1.0	89.20951600000001
6810.0	1.0	27.362321	16.200865	53.288607999999996	98.623581	0.607691	0.407866	0.539783	0.369829	13.086294	3.0	49.362398	71.232568	5.0	0.020396	4.802884	3.0	52.53391	2.565699	2.0	1.061272	35.778154	3.0	38.173460999999996	54.487989	2.0	0.014929	2.871531	1.0	39.310983	0.34438	6.0	56.436517
6878.0	1.0	77.554076	25.464867	26.1807	30.797658000000002	0.964467	0.337823	0.579835	0.626038	65.453123	3.0	8.973892999999999	13.507624	1.0	0.010246	3.796939	1.0	14.103831	0.103247	4.0	32.448566	33.725716999999996	5.0	74.121588	50.593945	1.0	0.010062	1.7003439999999999	4.0	1.831084	0.431066	3.0	2.420745
6896.0	1.0	88.778543	40.100659	39.944285	13.890623000000001	0.44246	0.483072	0.287174	0.9261879999999999	11.714474000000001	1.0	11.91145	24.597928	4.0	0.061304	4.227337	5.0	16.764963	0.1772	1.0	30.479646000000002	31.809984999999998	2.0	1.00732	65.151972	1.0	0.05204400000000001	1.5559100000000001	4.0	76.784165	3.2322900000000003	3.0	64.003817
6914.0	1.0	42.678922	75.148782	47.607141999999996	48.518854	0.9747239999999999	0.347236	0.35728200000000004	0.828219	7.380851	4.0	10.668332000000001	0.9431309999999999	6.0	0.049261	3.091602	5.0	53.515762	6.110807	4.0	5.469398	10.753299	1.0	64.807805	40.838529	4.0	0.01056	4.542166	1.0	16.727018	2.723792	2.0	13.586941
6950.0	1.0	61.576238000000004	63.282625	50.347004999999996	89.564276	0.309014	0.891125	0.93248	0.955398	13.400064000000002	3.0	17.833841	42.002781	1.0	0.011951999999999999	4.946487	1.0	75.01194	0.349279	3.0	70.1384	12.722805000000001	3.0	44.685379	71.341492	6.0	0.026777	0.263036	1.0	54.050837	0.930481	1.0	6.27341
7019.0	1.0	66.854089	73.361325	81.931212	37.934792	0.21455900000000003	0.124536	0.12484	0.690276	66.990209	1.0	52.300807	69.241117	1.0	0.011101	3.689401	2.0	31.535849	4.913673999999999	2.0	4.5157620000000005	57.920285	3.0	3.537205	13.609	4.0	0.033354	4.673518	1.0	13.983176	1.074127	1.0	45.927222
7113.0	1.0	12.759322000000001	88.137201	53.034142	90.911963	0.803124	0.5164920000000001	0.206747	0.800932	45.449519	6.0	53.320896	60.929726	4.0	0.016361	5.385756	1.0	67.01970899999999	4.156978	5.0	6.470594999999999	31.968778000000004	3.0	7.574609	50.180797	2.0	0.067518	0.147648	6.0	67.21733499999999	2.7147200000000002	6.0	5.552842
7195.0	1.0	84.813734	93.62020799999999	68.079373	87.54454	0.742751	0.649026	0.238929	0.558674	46.222983	5.0	2.075478	59.358149	2.0	0.025743000000000002	2.222916	2.0	28.668803999999998	5.398418	6.0	74.31012	13.216707000000001	6.0	7.692185	38.070279	6.0	0.017974	1.862788	1.0	79.004186	4.655645	1.0	14.412763
7200.0	1.0	81.604475	31.77079	84.981537	96.792371	0.166161	0.26645	0.556996	0.498738	3.840956	6.0	1.7370330000000003	8.816386999999999	2.0	0.037288999999999996	1.663053	2.0	89.625682	5.776478	3.0	17.308335999999997	5.8444199999999995	5.0	22.329035	65.643204	4.0	0.06906799999999999	0.748866	5.0	38.526993	2.273103	5.0	12.611744999999999
7239.0	1.0	57.838148	90.68011800000001	51.011419000000004	90.633831	0.579013	0.990734	0.473689	0.569531	3.945306	6.0	78.6046	23.174143	1.0	0.017126	4.461169	1.0	70.125415	3.3793589999999996	1.0	4.9742239999999995	5.7590330000000005	5.0	60.576314	21.554625	4.0	0.112923	5.568219999999999	1.0	48.021972	4.010930999999999	2.0	11.036425
7288.0	1.0	86.74417199999999	24.153836	46.551767	69.488422	0.261874	0.235517	0.11815899999999999	0.683075	18.740737	1.0	65.430298	66.46786800000001	5.0	0.021465	4.2778540000000005	1.0	60.238399	4.596182	2.0	15.632163	11.283127	3.0	70.688556	65.256182	2.0	0.010609	3.128885	4.0	67.062221	0.895806	1.0	81.233995
7496.0	1.0	72.203056	93.494516	79.290497	38.937358	0.847295	0.488123	0.247927	0.42489	12.694008	2.0	19.347947	12.759260000000001	3.0	0.082521	3.133852	1.0	94.030163	1.736952	1.0	21.865856	35.851845000000004	5.0	8.852219	36.552658	1.0	0.010133	2.426803	1.0	71.043368	3.6270480000000003	3.0	78.568625
7591.0	1.0	87.26985	37.524770000000004	31.52327	56.423529	0.185476	0.539312	0.966807	0.79591	66.32335	1.0	7.757916000000001	59.330332999999996	4.0	0.010308	3.8441389999999998	3.0	32.760603	2.672029	6.0	63.96477900000001	28.272554	4.0	34.375026	70.641903	3.0	0.0105	3.390535	5.0	5.640894	0.098719	3.0	80.515702
7598.0	1.0	71.863074	66.35631500000001	44.558040999999996	69.47229499999999	0.206702	0.786536	0.305315	0.189117	6.095715	4.0	46.17773	64.176171	2.0	0.017349	3.251836	4.0	10.719486999999999	1.8578740000000002	1.0	77.913973	14.132926000000001	1.0	39.032173	43.628303	6.0	0.049339999999999995	5.511217	1.0	1.978084	0.893394	3.0	46.764423
7717.0	1.0	98.961479	24.306983	40.438046	53.793409999999994	0.732064	0.351401	0.9712200000000001	0.265571	56.426361	6.0	4.804734	26.740264	6.0	0.012215	5.796596	6.0	98.833197	0.327839	3.0	1.525425	6.21424	4.0	17.921735	74.817341	3.0	0.12305799999999999	4.089827	2.0	30.664883000000003	3.2168669999999997	6.0	15.397405
7919.0	1.0	92.11046800000001	99.561924	87.510762	75.927145	0.41567600000000005	0.9069200000000001	0.392513	0.769897	59.592248	6.0	8.955468	57.589425	2.0	0.044297	0.932182	1.0	14.686210999999998	1.544724	6.0	16.156754	4.069332	5.0	47.385132	43.984653	5.0	0.015287	1.639829	2.0	17.63804	2.4993369999999997	6.0	8.599958
7937.0	1.0	93.320148	19.532293	71.86789399999999	85.96670300000001	0.408136	0.5494600000000001	0.13821	0.9125459999999999	25.320929	1.0	30.308184999999998	56.457204000000004	2.0	0.099243	1.091158	1.0	49.380813	6.08515	1.0	48.801563	4.661759	4.0	30.015476	31.840497999999997	4.0	0.011907	1.660449	4.0	18.045904999999998	4.840207	3.0	85.27463
8018.0	1.0	32.683533000000004	77.266121	74.342228	11.090103	0.11046800000000001	0.18298399999999998	0.330832	0.18168	32.909982	3.0	47.072394	28.910898	3.0	0.060752	6.051248	3.0	44.202113	5.659596	1.0	46.984086	7.107875	3.0	93.736165	52.361058	6.0	0.5716680000000001	0.789818	2.0	4.327465	4.571447	3.0	74.292381
8033.0	1.0	81.971232	89.560732	48.396621	52.372942	0.189165	0.8494700000000001	0.648099	0.677177	13.065646000000001	6.0	18.863769	61.536438000000004	1.0	0.046845	2.245186	3.0	4.882543	2.9791369999999997	1.0	33.130990999999995	34.420286	2.0	4.333112	27.181133000000003	1.0	0.010381999999999999	1.2346709999999999	1.0	12.723078	3.210972	4.0	73.296229
8115.0	1.0	88.288382	75.147401	52.478223	35.442884	0.255981	0.28115500000000004	0.317117	0.378244	52.349112	3.0	21.868865	66.809096	5.0	0.073406	1.187842	1.0	12.752638000000001	2.0807700000000002	3.0	75.355657	30.887617	3.0	78.268235	24.152496	1.0	0.046285	2.853817	2.0	25.820227	2.717404	5.0	1.517241
8183.0	1.0	15.679778	86.73224499999999	93.61506899999999	28.922653999999998	0.186936	0.17114100000000002	0.550732	0.635638	31.277238	5.0	53.576165	25.367815	4.0	0.019776	0.5391560000000001	1.0	50.694598	1.494271	4.0	27.264287	14.590645	3.0	1.111375	57.515012	4.0	0.101797	3.1844099999999997	1.0	54.406884	2.2258430000000002	1.0	27.764538
8186.0	1.0	80.706175	56.54809399999999	41.693384	56.551157999999994	0.640677	0.953564	0.332872	0.97234	2.740901	3.0	25.799165	24.965889	5.0	0.012493	0.232461	1.0	90.683639	5.522044999999999	1.0	11.383826	58.556278000000006	1.0	40.957952	8.19485	5.0	0.331751	1.572345	2.0	26.1882	5.186637	3.0	1.9160099999999998
8202.0	1.0	87.221114	28.745635999999998	61.104954000000006	74.53608	0.474462	0.942833	0.969375	0.46583900000000006	77.474165	1.0	16.378254000000002	59.367986	6.0	0.045594	2.50961	2.0	9.20459	0.133689	2.0	89.24815600000001	6.1584330000000005	3.0	4.407816	57.618708999999996	1.0	0.018031000000000002	2.607554	2.0	4.65146	1.247486	6.0	38.409318
8301.0	1.0	77.29057399999999	13.515597	59.202346	74.03189300000001	0.540787	0.378915	0.8359700000000001	0.9381520000000001	1.966663	2.0	6.411953	63.830065000000005	1.0	0.051878999999999995	5.794561	3.0	14.587458999999999	5.593147	6.0	2.648416	2.619437	4.0	94.417676	69.322278	2.0	0.14148	1.58213	5.0	31.563771000000003	1.6863240000000002	6.0	14.152185000000001
8316.0	1.0	86.968267	59.143471	81.678197	17.272369	0.46336099999999997	0.8900870000000001	0.293594	0.468307	11.66487	6.0	44.538804	39.840215	5.0	0.024630000000000003	2.631324	1.0	76.966773	4.733843	1.0	5.436619	28.246763	2.0	92.008	68.919037	1.0	0.142957	0.23103	1.0	61.607806999999994	1.892165	2.0	32.540221
8535.0	1.0	50.124046	15.254379	93.653575	15.534502	0.1894	0.75143	0.234661	0.812962	40.563895	6.0	4.130114	32.913418	4.0	0.022875	2.368229	5.0	98.12966	2.1945419999999998	5.0	80.194345	71.36496	2.0	94.759277	50.856009	3.0	0.010202	0.644932	1.0	28.997658	4.611794000000001	5.0	19.867742
8566.0	1.0	20.844053	71.12230100000001	58.68131700000001	52.198068	0.288719	0.125824	0.14445999999999998	0.22352800000000003	69.666099	1.0	93.177877	68.637847	3.0	0.052801	3.050589	5.0	33.816297999999996	1.408955	3.0	13.281101999999999	23.986207	1.0	27.426044	76.052962	3.0	0.011059999999999999	0.11466900000000001	4.0	2.371782	0.782053	4.0	48.990021999999996
8730.0	1.0	92.15585	60.99634399999999	80.33646800000001	34.634907	0.5177430000000001	0.866693	0.183673	0.791982	13.43265	5.0	34.488624	67.710604	6.0	0.039437	2.094129	1.0	18.372645000000002	2.5173959999999997	2.0	35.249505	0.968297	5.0	46.572281	11.854453999999999	5.0	0.038712	5.4858720000000005	4.0	7.736362	0.345362	1.0	79.82163
8932.0	1.0	46.568466	57.26153299999999	71.110218	98.57334300000001	0.838593	0.182304	0.536478	0.7342069999999999	35.032158	1.0	23.594027	0.871733	2.0	0.09402100000000001	2.730946	3.0	2.6371439999999997	0.8416399999999999	5.0	47.143652	44.253640000000004	3.0	10.035831	35.761031	4.0	0.302216	1.023755	1.0	77.24752099999999	3.206919	1.0	12.132194
9000.0	1.0	36.833834	27.09788	67.816416	47.8373	0.6344420000000001	0.597007	0.310334	0.9460290000000001	51.093247	1.0	59.817166	49.997386999999996	4.0	0.08592899999999999	4.02263	4.0	1.0409620000000002	4.127601	2.0	86.414135	3.9556910000000003	2.0	4.308136	10.002015	1.0	0.037067	0.360439	2.0	21.928075	0.325449	3.0	15.665485
9094.0	1.0	16.775238	73.116881	30.538757	80.067837	0.806297	0.30206900000000003	0.815551	0.262209	18.602058	6.0	19.775270000000003	41.385822	6.0	0.011555	5.147557	3.0	92.032917	1.560033	6.0	5.413362	28.739528999999997	2.0	22.91183	25.848497000000002	4.0	0.123063	3.561902	2.0	13.738068	2.236904	5.0	1.0829540000000002
9137.0	1.0	78.447848	70.854088	91.937031	91.66375500000001	0.14349800000000001	0.557032	0.419042	0.103804	2.608458	2.0	40.302004	16.976048000000002	6.0	0.015267	3.9936190000000003	1.0	90.41295600000001	2.001837	1.0	38.879787	15.006998000000001	6.0	63.398483	10.017489999999999	6.0	0.164792	1.6871669999999999	3.0	30.428437	3.042681	1.0	57.171358
9142.0	1.0	88.071177	48.250165	63.90590400000001	91.02988	0.143126	0.777113	0.153821	0.852576	49.793537	1.0	42.097992	16.871182	2.0	0.020861	4.206353	1.0	66.641134	6.018618	1.0	8.583694	21.019854000000002	5.0	16.196433	10.429950999999999	1.0	0.025171000000000002	4.259675	6.0	9.172697	1.540183	1.0	77.847082
9216.0	1.0	1.8194990000000002	51.839618	36.195223999999996	58.545781999999996	0.271194	0.48873	0.10547100000000001	0.475332	34.764688	6.0	69.360047	30.031346000000003	2.0	0.010526	4.027317	1.0	84.690435	5.276347	5.0	1.6978	3.309243	2.0	59.457296	28.456947999999997	4.0	0.307392	0.75957	5.0	6.203498000000001	5.4181099999999995	4.0	24.777428
9292.0	1.0	79.442942	44.770703999999995	33.695634999999996	96.86792	0.46112600000000004	0.6468149999999999	0.993318	0.697583	13.963042000000002	4.0	37.930339000000004	71.287243	1.0	0.29880500000000004	0.861713	5.0	16.122246	3.052301	1.0	69.82334399999999	7.011094	1.0	35.192582	32.649592	2.0	0.021569	1.6538830000000002	3.0	17.036857	0.468736	3.0	36.702166999999996
9342.0	1.0	83.63189	24.076975	82.583281	79.7718	0.45097600000000004	0.876761	0.748558	0.379197	18.756045999999998	5.0	2.390473	53.894641	1.0	0.018088	2.191242	3.0	53.499789	5.1613050000000005	2.0	79.044011	49.579732	2.0	20.667537	77.536075	6.0	0.012875999999999999	0.525091	4.0	10.464897	3.8446260000000003	2.0	14.269728
9478.0	1.0	26.453060999999998	17.169082	87.886637	5.3086199999999995	0.45614899999999997	0.5730109999999999	0.443723	0.709433	37.178337	1.0	70.919892	32.1436	5.0	0.046667	1.6232799999999998	4.0	4.382739	5.1468169999999995	1.0	38.556115000000005	27.918565	4.0	85.196628	45.841899	4.0	0.045435	0.151116	3.0	37.940531	4.732726	6.0	26.636986
9578.0	1.0	87.365081	35.947661	75.742094	63.313277	0.346957	0.7856420000000001	0.645737	0.5094609999999999	64.683223	1.0	27.954294	60.162253	6.0	0.251185	0.088661	5.0	96.476825	0.546786	4.0	45.441196999999995	27.5132	4.0	15.097772	52.374793	4.0	0.010976	0.23581300000000002	2.0	65.512412	5.417171	3.0	87.727654
9630.0	1.0	32.322874	68.151088	35.414736	31.706382	0.750102	0.149016	0.225373	0.716406	12.365153	1.0	75.802897	3.236599	5.0	0.199251	6.081367	1.0	72.430378	5.608636	1.0	61.693666	6.031262	3.0	48.923751	35.26787	1.0	0.013732	3.3516690000000002	3.0	43.821531	5.757606	6.0	2.891396
9664.0	1.0	19.71889	26.676462	20.880402	46.544865	0.415022	0.39970100000000003	0.573368	0.6106060000000001	11.412536	1.0	51.119383	62.562639000000004	1.0	0.012426999999999999	1.036972	2.0	4.048614	5.4994	5.0	27.12207	19.902228	4.0	45.525009000000004	38.487120000000004	1.0	0.05204400000000001	0.808245	4.0	60.117364	5.221191	5.0	3.104407
9734.0	1.0	71.868543	33.588409999999996	82.146852	66.571781	0.156392	0.39936	0.158193	0.848059	45.123912	1.0	79.752685	48.343732	3.0	0.015097999999999999	2.213863	3.0	9.660992	2.9068560000000003	2.0	95.266948	17.649305	1.0	59.743912	39.770210999999996	5.0	0.947462	5.371625	6.0	20.719529	5.527636	1.0	78.47914899999999
9747.0	1.0	55.229723	67.61919499999999	91.959806	85.028992	0.129916	0.317952	0.128672	0.852927	2.500827	4.0	40.268834000000005	61.39846	3.0	0.017757	0.33757800000000004	6.0	16.629548	5.763326999999999	2.0	91.79723299999999	17.379335	4.0	98.50336999999999	29.552901000000002	3.0	0.012391	5.56577	1.0	41.81592	0.060957000000000004	2.0	23.913379
9756.0	1.0	80.124015	26.687225	75.964309	29.954946999999997	0.883884	0.9859120000000001	0.505332	0.917908	62.134204000000004	1.0	80.134651	44.992598	5.0	0.032038	0.6079720000000001	1.0	80.138421	2.576165	2.0	72.524372	3.2199310000000003	1.0	64.02726700000001	50.787240000000004	3.0	0.343841	4.606458	1.0	77.637957	5.386835	3.0	62.047942000000006
9758.0	1.0	9.302336	63.942701	59.77421999999999	54.564401000000004	0.8426899999999999	0.58492	0.20847399999999996	0.384459	18.245820000000002	1.0	94.50941800000001	35.896097	5.0	0.013212999999999999	4.948471	6.0	22.47768	5.877261	5.0	5.243583	58.084210999999996	1.0	93.606149	33.852132	1.0	0.013538999999999999	2.463714	2.0	14.817595	1.274265	2.0	88.601293
9768.0	1.0	93.73615600000001	34.005477	30.225868	29.701113	0.176387	0.659458	0.22486199999999998	0.615895	27.316178000000004	4.0	6.929351	36.606165999999995	4.0	0.027833	2.7401	1.0	78.671249	5.19585	2.0	40.49496	11.130925	2.0	31.372832	32.544225	3.0	0.036071	3.377792	6.0	10.389939	2.28693	1.0	94.607753
9772.0	1.0	67.925934	54.061726	42.10553	92.49335699999999	0.584346	0.11906800000000001	0.840076	0.793017	14.607798999999998	2.0	94.286253	22.28453	3.0	0.029219	5.991151	5.0	10.276356	5.404547	1.0	27.194201	23.639574	2.0	28.860832000000002	2.782841	5.0	0.10541199999999999	1.5245389999999999	2.0	22.675222	0.850194	1.0	6.1109480000000005
9850.0	1.0	89.124011	17.104023	71.536355	3.3297160000000003	0.822823	0.584212	0.7074630000000001	0.5516949999999999	62.402384999999995	4.0	22.157152	56.059087	3.0	0.012218000000000001	5.181003	2.0	2.824293	2.103599	3.0	15.774239000000001	5.760198	4.0	6.872192	31.751890000000003	4.0	0.015915000000000002	1.698622	1.0	6.839828999999999	5.064008	2.0	87.49344599999999
9945.0	1.0	95.772588	7.1918	96.096618	53.486034	0.36598400000000003	0.223227	0.714331	0.6884279999999999	12.879922	2.0	60.58805699999999	59.174886	1.0	0.024313	0.380458	2.0	25.492516000000002	4.496526	6.0	35.238926	10.774962	2.0	68.536936	18.39246	2.0	0.027320999999999998	4.069229	2.0	40.378795000000004	1.565656	3.0	4.828163
93.0	1.0	89.618288	72.341466	63.47568100000001	35.310618	0.8235299999999999	0.459484	0.752739	0.292229	1.051552	6.0	35.604799	56.694051	6.0	0.028537	4.171761	1.0	62.328556999999996	3.276448	1.0	61.889201	52.313127	1.0	38.642078999999995	64.280475	3.0	0.012135	4.571187999999999	3.0	2.8656580000000003	0.838892	3.0	22.117922
158.0	1.0	66.061112	86.45960600000001	96.497927	6.774303999999999	0.253942	0.600062	0.458808	0.385759	72.446849	1.0	82.978121	36.507424	5.0	0.029729000000000002	0.923767	2.0	65.548684	5.49582	5.0	44.275090000000006	33.580627	1.0	19.801199	32.863205	5.0	0.367678	0.85367	1.0	73.31227	3.719768	5.0	52.02458
317.0	1.0	99.171538	38.279831	69.53924599999999	26.413342	0.84434	0.638336	0.1586	0.49334799999999995	8.764755000000001	3.0	79.31880600000001	43.785028000000004	6.0	0.015581	0.384008	1.0	8.312301	2.2200330000000004	4.0	16.276918	2.662696	1.0	2.213192	5.37594	2.0	0.013796000000000001	1.583895	2.0	21.632984	0.139862	6.0	14.467107999999998
384.0	1.0	60.333358	27.022527	77.56474399999999	64.892986	0.290531	0.20887399999999998	0.44437	0.20724499999999998	62.013939	4.0	74.26410600000001	17.675512	2.0	0.010203	5.813255000000001	5.0	93.696839	0.22854899999999997	5.0	2.9010700000000003	37.250018	6.0	32.712115999999995	68.370716	4.0	0.197891	0.452118	2.0	10.236725	2.531511	4.0	62.060165000000005
693.0	1.0	86.272038	73.987083	26.099642000000003	59.971672999999996	0.387248	0.456808	0.516046	0.84701	15.999126	1.0	68.398735	74.67485500000001	3.0	0.017766	0.940659	1.0	59.196826	4.767212000000001	4.0	37.080419	16.236422	3.0	9.148914999999999	72.467021	2.0	0.025562	1.00466	3.0	1.869778	1.012817	5.0	1.568717
731.0	1.0	44.948768	96.57607	93.251747	18.016702	0.8568950000000001	0.453506	0.11768499999999998	0.359023	27.322193	5.0	39.858393	54.728134999999995	4.0	0.012376999999999999	0.322469	6.0	5.216422000000001	0.067371	2.0	31.358209000000002	46.148754	2.0	9.560111000000001	3.157241	5.0	0.43582299999999996	4.883146	2.0	53.547348	4.738967	3.0	97.91073100000001
741.0	1.0	74.362574	80.1818	68.18963000000001	90.84187299999999	0.729743	0.9545100000000001	0.609574	0.110009	46.368212	1.0	67.898005	69.68866700000001	3.0	0.019101	0.977793	5.0	86.062984	4.406964	2.0	3.576347	9.447421	6.0	45.732991	58.916143999999996	2.0	0.023962	0.611823	2.0	52.568252	1.542152	2.0	93.062352
845.0	1.0	61.296682	96.081655	68.181839	60.762834999999995	0.512817	0.354256	0.76042	0.498712	1.3093139999999999	2.0	99.890895	57.267953000000006	3.0	0.013669	0.8865190000000001	1.0	38.495144	3.215091	1.0	68.19489499999999	45.719004999999996	1.0	4.592057	65.696045	1.0	0.040033	1.623823	6.0	14.366076999999999	4.74901	5.0	1.427921
900.0	1.0	89.574134	78.42685300000001	65.916101	23.165858	0.437852	0.183704	0.46617700000000006	0.9646399999999999	32.938691	1.0	71.237356	32.252776000000004	6.0	0.035937000000000004	2.878607	3.0	65.845917	2.898464	2.0	2.695487	9.669084	2.0	47.782523	17.313823	1.0	0.028547000000000003	4.670573	1.0	50.757532	0.8110229999999999	6.0	2.2945830000000003
1050.0	1.0	68.415279	52.332281	91.041678	42.18817	0.32269000000000003	0.40074	0.802348	0.118449	9.71008	2.0	66.517054	67.878178	1.0	0.012549	4.2317290000000005	1.0	49.929715	6.097783	1.0	72.030589	11.88994	1.0	88.639161	52.654015	3.0	0.012691	4.233369000000001	1.0	32.611574	4.6461239999999995	3.0	40.851008
1073.0	1.0	41.796803999999995	42.391216	61.265552	68.260028	0.946341	0.338386	0.702901	0.7766430000000001	1.570152	3.0	13.225601999999999	42.701402	2.0	0.018525	0.6465270000000001	4.0	3.347782	2.8067349999999998	1.0	43.18213	22.728392000000003	6.0	12.960846	36.853557	1.0	0.022113999999999998	0.674706	3.0	14.276387	0.192942	3.0	6.9287410000000005
1161.0	1.0	44.712309000000005	56.915408	88.82529699999999	98.34237900000001	0.9228930000000001	0.366171	0.441954	0.586417	77.363045	5.0	38.029094	2.154039	6.0	0.014385	0.9288549999999999	3.0	59.380724	2.156566	2.0	5.248211	42.149710999999996	4.0	17.704464	52.727803	4.0	0.041468	1.119171	6.0	62.826814	1.2329	3.0	5.898763
1262.0	1.0	85.839821	73.917339	41.318212	93.233064	0.571276	0.5466979999999999	0.11638699999999999	0.581112	5.067292	6.0	33.781281	56.867723	4.0	0.9761690000000001	4.7527	6.0	9.680922	4.982517	5.0	31.083834000000003	30.811799	2.0	13.421192999999999	38.566138	4.0	0.12811	3.8771230000000005	1.0	86.239762	0.072268	1.0	47.2472
1267.0	1.0	97.896204	80.92886899999999	12.719284	64.605048	0.27519899999999997	0.9678889999999999	0.114048	0.77107	51.458414000000005	2.0	98.678032	53.063979	1.0	0.549187	1.495891	5.0	36.945966	0.451571	3.0	15.703712	21.774258	1.0	25.879047	28.937167	3.0	0.637305	2.6882490000000003	5.0	1.267095	2.765015	2.0	91.031401
1278.0	1.0	80.100688	8.374528999999999	62.250696999999995	70.371978	0.230152	0.330679	0.894275	0.7494770000000001	13.794	1.0	30.924734	28.987669	6.0	0.019936000000000002	5.055381	2.0	2.435339	0.077	3.0	22.549372	18.155667	4.0	69.876287	38.589351	5.0	0.012882	0.09367	1.0	54.427094	1.812086	3.0	82.832747
1355.0	1.0	2.260733	76.424436	61.438442	18.676566	0.46882799999999997	0.21371700000000002	0.20683800000000002	0.742088	21.771182999999997	5.0	82.04890999999999	72.946935	4.0	0.013378999999999999	6.116037	1.0	73.335318	2.2593419999999997	5.0	14.395217	20.572998000000002	4.0	54.681309999999996	76.435383	5.0	0.015171	0.10248199999999999	5.0	68.763467	1.985321	2.0	56.305847
1432.0	1.0	99.603548	24.791222	89.35921	65.108411	0.103051	0.445808	0.542195	0.808574	13.386629000000001	2.0	96.691106	42.611779999999996	2.0	0.012115	2.017696	1.0	42.98554	5.042984	5.0	48.024723	20.330262	5.0	54.19565	68.218473	1.0	0.011068000000000001	0.996547	1.0	51.631177	1.857405	3.0	25.079778
1757.0	1.0	88.32258900000001	42.099864000000004	61.173568	89.630578	0.8362700000000001	0.701288	0.38305500000000003	0.34013699999999997	24.874142000000003	1.0	33.808587	30.558667	1.0	0.05511799999999999	2.8304009999999997	3.0	6.026816	6.140994999999999	1.0	10.028327	46.065127000000004	6.0	52.672968000000004	35.031346	2.0	0.014458000000000002	5.598435	2.0	2.449008	3.1886639999999997	2.0	13.727418
1861.0	1.0	62.413989	69.871666	32.404848	19.935721	0.967541	0.635779	0.585733	0.9330200000000001	68.606272	1.0	73.229206	60.703199	4.0	0.010292	2.4717580000000003	5.0	44.168915999999996	0.306408	1.0	15.518881	5.21612	1.0	12.188786	75.665965	3.0	0.086525	2.593291	1.0	16.344208	1.430978	4.0	32.546515
1988.0	1.0	32.239887	46.965445	57.062139	29.784204	0.241621	0.42748500000000006	0.245248	0.105448	64.347451	5.0	83.996815	39.121139	4.0	0.011562000000000001	1.01021	6.0	26.618370000000002	6.198767	6.0	1.9534770000000001	28.625522999999998	1.0	62.803971999999995	11.538548	4.0	0.1192	0.9352440000000001	1.0	82.65361700000001	4.343636	6.0	8.947954
2056.0	1.0	46.23814	57.192818	91.187015	85.526394	0.12991	0.256601	0.11159200000000001	0.42448400000000003	47.16557	2.0	94.741199	66.863844	1.0	0.090166	0.161827	2.0	10.223869	0.9442799999999999	2.0	77.290068	1.538399	6.0	14.787942000000001	72.72466899999999	1.0	0.017294	3.432695	2.0	96.032483	4.6677610000000005	1.0	80.322214
2062.0	1.0	13.327385999999999	60.05941899999999	13.383172	33.867898	0.109499	0.542794	0.744579	0.859297	3.3384660000000004	6.0	96.88730699999999	45.795155	6.0	0.100763	2.386739	2.0	34.320327	5.3349269999999995	1.0	21.515064000000002	10.485961999999999	1.0	2.2111490000000003	45.341084	1.0	0.010095999999999999	2.483391	2.0	1.443349	1.7076369999999998	6.0	25.917385
2077.0	1.0	1.269941	78.01364699999999	7.740539999999999	56.863252	0.949866	0.378422	0.765378	0.505409	17.851084	4.0	52.709727	34.793054999999995	1.0	0.021993000000000002	3.9072419999999997	3.0	31.572533	3.104384	1.0	6.465315	17.319098999999998	3.0	89.26224599999999	56.614654	5.0	0.118602	2.525403	4.0	3.756363	2.037582	1.0	52.741041
2261.0	1.0	45.625189	62.350640000000006	94.063001	59.763459	0.32421300000000003	0.16463699999999998	0.41610600000000003	0.632845	37.559313	1.0	43.523843	56.711352000000005	6.0	0.010454999999999999	1.046573	3.0	9.829085000000001	5.138776	2.0	18.082624	55.172817	4.0	19.736237	3.3373510000000004	2.0	0.062226	4.856696	6.0	1.132118	1.5695629999999998	2.0	49.503277000000004
2289.0	1.0	84.08364499999999	37.484851	67.779934	16.658708999999998	0.18876500000000002	0.388414	0.252343	0.181071	18.232281	4.0	49.82738	52.63529499999999	6.0	0.072065	4.905017	4.0	8.943100999999999	3.5169660000000005	4.0	6.150862999999999	49.69709	1.0	71.73317	25.22404	1.0	0.012719	0.4481	2.0	45.961465000000004	3.6545059999999996	6.0	76.06759
2336.0	1.0	23.372515	26.235907	88.88376	37.164497999999995	0.54899	0.425716	0.156334	0.45200100000000004	73.89505	1.0	12.484729	67.868596	1.0	0.056996000000000005	2.925365	1.0	48.303678999999995	4.465273000000001	1.0	90.814162	44.318176	4.0	92.840857	61.741973	6.0	0.010939	2.64121	1.0	21.352967	2.5230080000000004	6.0	96.991748
2379.0	1.0	74.33939000000001	46.060586	76.363601	94.593199	0.336463	0.16780899999999999	0.45043500000000003	0.270547	50.071176	3.0	7.577336	12.06767	4.0	0.13476	1.978005	4.0	37.478664	2.779091	3.0	1.8800419999999998	38.234514000000004	4.0	49.6277	43.603486	1.0	0.035607	0.11523399999999999	1.0	97.13549499999999	0.102701	4.0	5.1115699999999995
2566.0	1.0	22.677717	93.576549	15.012366	67.443314	0.9450729999999999	0.301573	0.215114	0.492122	73.556888	5.0	11.949985	43.364829	6.0	0.01435	1.266161	3.0	71.954299	5.17186	1.0	6.459445	44.843706	5.0	3.260395	48.296726	2.0	0.28275500000000003	2.067774	1.0	41.934111	1.608333	2.0	99.456051
2584.0	1.0	2.9710240000000003	80.26915699999999	73.66279	74.196656	0.510842	0.143291	0.941393	0.790841	41.681504	4.0	26.878751	45.117751	1.0	0.150151	4.6281930000000004	4.0	57.094313	0.815872	6.0	22.655078	9.084641	5.0	20.841081	74.848894	2.0	0.03312	5.655006	5.0	22.695994	4.756371	4.0	4.069506
2593.0	1.0	57.934507999999994	39.982898999999996	83.29763	69.407501	0.359802	0.9093180000000001	0.6695939999999999	0.970734	59.425160999999996	3.0	2.286089	41.841889	6.0	0.115594	1.9660939999999998	2.0	80.894032	5.161473	1.0	78.23650500000001	43.961134	5.0	92.58551899999999	76.74886500000001	2.0	0.061348	0.724965	2.0	4.159108	1.656216	2.0	45.259446000000004
2748.0	1.0	85.335171	76.518098	38.395064	70.691854	0.138264	0.624927	0.685746	0.8903340000000001	31.665407000000002	1.0	79.29256	48.134634000000005	3.0	0.029213999999999997	0.511778	1.0	19.390898999999997	3.428561	3.0	87.325546	55.689377	5.0	60.250918000000006	26.165043	4.0	0.734136	0.108802	1.0	84.778487	4.481642	1.0	5.153093
2751.0	1.0	43.580237	20.656574	64.505208	38.721475	0.269658	0.627253	0.302277	0.324436	44.999922999999995	5.0	2.4398150000000003	66.069414	2.0	0.014594	3.484809	2.0	79.973563	2.0575740000000002	3.0	35.639014	30.475532	2.0	59.787981	31.844082	4.0	0.020312	2.814441	4.0	12.513461999999999	1.503015	3.0	30.577298
2949.0	1.0	82.801975	70.381632	85.813581	74.43722	0.302289	0.8774620000000001	0.261669	0.457045	14.079753	5.0	86.99199	72.635735	1.0	0.014775	6.260421	4.0	4.757118	0.203703	3.0	14.0809	57.579170999999995	1.0	2.474803	22.835317	2.0	0.011014	0.171948	4.0	40.471371000000005	4.511337	4.0	98.924477
3032.0	1.0	71.391874	27.06226	73.66257	83.5069	0.7100420000000001	0.45128500000000005	0.156903	0.749005	5.296667	5.0	42.743666	16.623368	1.0	0.08504099999999999	1.423144	5.0	1.8152669999999997	1.446345	1.0	71.070652	33.99354	2.0	15.397393	74.865229	6.0	0.096861	0.286217	3.0	7.583999	5.143342	1.0	3.589628
3037.0	1.0	62.014901	20.307794	35.774138	25.949975	0.263504	0.897443	0.327519	0.5984659999999999	54.350432999999995	2.0	51.429406	56.421378000000004	4.0	0.014259	0.9320709999999999	2.0	7.081586	5.668051999999999	3.0	44.057787	48.804832	6.0	4.805147	41.267893	6.0	0.046023	1.42215	3.0	61.925028000000005	5.201698	2.0	60.348812
3155.0	1.0	79.42281	37.319941	84.347125	71.36046	0.188024	0.5215930000000001	0.513992	0.857193	24.212906	5.0	12.46471	25.030996	1.0	0.010045	2.395147	5.0	32.976447	4.537918	1.0	3.008829	22.922976000000002	3.0	18.12997	74.76603100000001	1.0	0.025284	2.765885	1.0	6.022222	0.894649	5.0	28.896824
3167.0	1.0	69.362799	37.148817	51.611781	34.782045000000004	0.490037	0.658909	0.16203299999999998	0.632273	57.039885999999996	5.0	1.63743	57.053526	4.0	0.011939	1.467881	2.0	78.582296	1.150037	1.0	96.39893599999999	58.099392	2.0	71.166733	58.512476	5.0	0.011884	4.040585	6.0	3.3893410000000004	1.592244	4.0	36.166512
3204.0	1.0	69.081712	94.879874	58.753248	95.727541	0.5844010000000001	0.9021459999999999	0.811789	0.6697489999999999	2.5812779999999997	3.0	12.480488000000001	38.649407000000004	1.0	0.010615000000000001	2.3763549999999998	3.0	34.303404	0.06523999999999999	1.0	75.858062	24.176898	1.0	45.760479	66.943759	1.0	0.012095999999999999	4.974944	1.0	37.592031	4.990204	3.0	6.225171
3233.0	1.0	55.643547	61.604653000000006	38.602351	4.978528	0.275429	0.843793	0.348006	0.730433	4.153436	4.0	84.695966	28.580914	2.0	0.010352	4.563883000000001	5.0	6.655341	4.468164	1.0	61.116802	71.75137600000001	1.0	28.696278000000003	70.539546	4.0	0.028821	1.219217	1.0	71.764814	0.149078	2.0	32.053038
3259.0	1.0	52.796341000000005	25.682612	72.409329	45.567921000000005	0.286826	0.5705939999999999	0.14236400000000002	0.651606	64.953298	4.0	35.544603	26.940871	5.0	0.011965	4.480366	6.0	37.381914	3.243316	4.0	1.029184	17.895726999999997	2.0	47.200162	67.25409	1.0	0.025737	5.501252	1.0	60.851951	1.8784560000000001	2.0	18.872707000000002
3365.0	1.0	36.979949	85.477813	74.17540100000001	10.442162	0.33781700000000003	0.298599	0.248743	0.923435	53.314983999999995	5.0	16.689223000000002	36.084778	2.0	0.026155	0.387797	1.0	25.618642	3.971114	5.0	5.221465	74.340781	3.0	72.91099799999999	33.121798	5.0	0.878635	0.493274	6.0	6.676378999999999	4.587025	2.0	51.837410999999996
3520.0	1.0	17.632478	26.034448	80.467843	62.665236	0.24193800000000001	0.878862	0.5742649999999999	0.22873000000000002	42.302879	1.0	97.947618	72.698098	2.0	0.185357	1.418268	5.0	7.17398	0.16321	2.0	18.287685999999997	17.241166	6.0	44.795974	55.82109499999999	3.0	0.010484	3.061548	5.0	17.918297	5.8267940000000005	1.0	54.477915
3551.0	1.0	82.152817	39.658678	53.475691000000005	50.353243	0.13956400000000002	0.680267	0.9529780000000001	0.9586680000000001	31.173779999999997	3.0	15.971154	53.759675	2.0	0.02154	5.876276	2.0	66.432693	4.887799	1.0	24.100216	49.798348	1.0	14.867220999999999	64.727673	1.0	0.034210000000000004	1.520341	6.0	2.552283	2.297774	5.0	38.387440000000005
3749.0	1.0	85.347353	10.514172	89.319577	75.193657	0.207421	0.266021	0.252367	0.17811300000000002	53.784514	1.0	57.249931999999994	43.169501000000004	2.0	0.017254	0.32759299999999997	1.0	80.635187	0.46168100000000006	3.0	2.837352	52.197255	5.0	71.570661	70.452368	4.0	0.012545	0.460844	6.0	4.558993	0.139819	6.0	11.995664
3848.0	1.0	73.523023	86.44766800000001	88.14924	42.093436	0.827965	0.957778	0.650188	0.980708	2.111894	3.0	3.752968	35.554532	6.0	0.172881	1.544764	4.0	12.852151	3.963941	2.0	61.868911	15.586737	1.0	34.752765000000004	47.448510999999996	5.0	0.032885000000000005	2.607135	1.0	55.762248	3.039027	3.0	3.427137
3885.0	1.0	79.457451	98.843278	97.683213	14.396815	0.827009	0.307848	0.269185	0.572484	18.98921	3.0	73.967382	34.960298	1.0	0.017122	6.177743	1.0	2.8063580000000004	3.3788699999999996	6.0	57.349033999999996	14.954460999999998	3.0	10.571563000000001	6.994871000000001	6.0	0.391416	3.035905	2.0	78.30275	3.7933260000000004	4.0	4.726719
4079.0	1.0	67.42761	50.754221	59.770906000000004	32.514454	0.21555100000000002	0.354405	0.11436400000000001	0.774304	1.292014	4.0	70.709106	14.974235	2.0	0.011404000000000001	4.183957	3.0	52.178959000000006	4.96176	5.0	43.854478	28.694281	1.0	36.768703	72.818285	5.0	0.053416	2.187297	3.0	14.836139000000001	3.4372160000000003	1.0	45.160625
4171.0	1.0	2.525723	54.79480699999999	70.39203	86.577997	0.963822	0.612284	0.28414	0.8618600000000001	73.23602	3.0	28.973298	38.867639000000004	6.0	0.014475	5.529192	5.0	12.018928	4.276137	4.0	1.5636700000000001	3.384018	4.0	70.40129	46.273022999999995	1.0	0.015238999999999999	0.737785	2.0	32.966274	2.473734	5.0	18.953731
4200.0	1.0	42.798007	73.097431	57.108447999999996	16.59338	0.133598	0.439195	0.538453	0.648036	76.106071	5.0	10.516302	1.101509	4.0	0.042483	1.087862	1.0	81.375226	0.45985600000000004	1.0	5.952795	3.104198	1.0	13.577684	63.363980000000005	2.0	0.012407	0.138497	1.0	79.089412	0.48337700000000006	3.0	57.852272
4482.0	1.0	6.5168099999999995	96.14142	37.037290999999996	71.404117	0.9273170000000001	0.7933939999999999	0.40823400000000004	0.844773	65.240312	5.0	1.939139	6.486036	6.0	0.010347	1.523179	3.0	22.928776	3.909008	3.0	4.650525	3.939761	2.0	11.321954	44.532612	6.0	0.097195	0.49542200000000003	6.0	50.9042	0.261818	1.0	46.757391999999996
4506.0	1.0	90.58663	64.767779	65.40351	23.063786999999998	0.240483	0.881035	0.251242	0.652598	46.359394	2.0	36.828359000000006	42.635220000000004	5.0	0.024655	5.726529	2.0	2.3785849999999997	6.2568150000000005	4.0	98.06738399999999	45.214040999999995	5.0	15.660160999999999	65.837401	5.0	0.035111	3.4272839999999998	1.0	66.34783	3.5404699999999996	1.0	71.015847
4549.0	1.0	37.708793	48.332051	78.024677	41.284178999999995	0.467213	0.6667420000000001	0.32017399999999996	0.910198	6.689773	2.0	95.456212	36.608462	2.0	0.06444	0.12428099999999999	2.0	79.69951400000001	3.591996	3.0	78.002209	49.230074	5.0	8.135800999999999	23.993835999999998	1.0	0.013958000000000002	3.824893	3.0	4.865541	1.536342	5.0	53.288213
4592.0	1.0	63.486215	52.728097	88.53984200000001	58.993848	0.198628	0.552245	0.197666	0.675668	1.3912010000000001	4.0	1.776476	25.920537	4.0	0.033296	3.958391	1.0	35.245546999999995	6.195735	3.0	38.347831	35.439506	2.0	9.139714	73.352523	2.0	0.018526	5.7019400000000005	6.0	44.034597999999995	1.242541	2.0	60.050918
4600.0	1.0	89.253517	32.000976	87.888302	43.177512	0.196749	0.698905	0.81084	0.980785	13.252169	1.0	80.564776	52.956247	2.0	0.011379	0.7184189999999999	2.0	59.848217000000005	4.780582	1.0	66.498727	4.391954	5.0	45.135197	54.469359999999995	6.0	0.019796	2.588579	4.0	4.609152	1.032775	1.0	55.459607999999996
4659.0	1.0	40.372884	87.987952	49.985492	36.72265	0.16709100000000002	0.56785	0.5600510000000001	0.265206	76.71939300000001	3.0	62.487311	26.552857	5.0	0.020339	5.02999	4.0	72.500153	1.016499	6.0	3.433267	11.754828	5.0	51.991864	56.265287	3.0	0.048242	1.2446700000000002	6.0	1.204893	4.942691	1.0	21.351311
4698.0	1.0	18.484582	31.372377	44.006206	15.97984	0.337937	0.143618	0.42779799999999996	0.9787889999999999	14.381959	4.0	78.272593	66.046095	5.0	0.010444	0.18393099999999998	2.0	86.117436	3.616678	4.0	28.768278000000002	16.284143	3.0	11.11287	42.257295	1.0	0.021064	4.860025	3.0	1.6217219999999999	2.480257	1.0	50.151542
4805.0	1.0	60.18163199999999	36.676184	41.062069	32.893735	0.557471	0.131856	0.9421879999999999	0.6316189999999999	35.290452	3.0	83.710574	33.085367	4.0	0.05008	4.070416000000001	6.0	6.745937	0.9208930000000001	2.0	40.123064	62.637508999999994	4.0	10.960703	54.177313	1.0	0.630718	1.631558	1.0	9.101823	0.322393	6.0	48.097892
4921.0	1.0	59.669605000000004	49.671759	86.195539	46.504257	0.815429	0.530439	0.416156	0.22	10.255975999999999	1.0	55.103041000000005	73.027591	1.0	0.026341000000000003	5.824902	2.0	3.25717	4.264978	2.0	2.551391	36.552949	1.0	7.384023	18.114442999999998	1.0	0.019109	1.307703	5.0	82.101745	0.376776	6.0	1.7470919999999999
5004.0	1.0	86.832148	54.848542	81.603052	19.274241	0.886391	0.746851	0.310721	0.375317	16.649471	1.0	53.978877000000004	30.053494	2.0	0.022969	0.19833199999999998	1.0	96.713307	2.98475	1.0	36.202265000000004	68.66915999999999	3.0	43.437795	66.87518299999999	4.0	0.010487	1.734747	1.0	82.79346	0.5537920000000001	3.0	76.904208
5024.0	1.0	47.705422	80.098926	35.587528999999996	99.644623	0.519415	0.585432	0.996209	0.339474	22.676035	3.0	52.199172	33.315593	2.0	0.18563	2.326248	5.0	2.363477	3.663036	1.0	52.563363	8.108118	5.0	2.670616	50.591079	1.0	0.012033	1.399529	2.0	92.678189	0.891814	4.0	13.031988
5128.0	1.0	13.399057999999998	87.547866	74.550015	82.08413	0.932867	0.206484	0.82686	0.105753	43.863523	5.0	8.635896	32.799215000000004	3.0	0.019349	1.232392	5.0	47.866639	2.71205	1.0	13.619137	16.335013	4.0	22.691939	48.081216	1.0	0.011061	5.150784	3.0	33.529178	2.780057	1.0	94.080432
5149.0	1.0	39.864646	24.455002	99.936114	5.1574800000000005	0.103272	0.8706370000000001	0.9992120000000001	0.470583	59.976954000000006	1.0	45.873866	32.438663	3.0	0.058597	4.42594	1.0	59.703111	2.258016	3.0	2.152603	9.88842	6.0	19.143027	66.974683	2.0	0.132442	3.1236189999999997	1.0	8.587197999999999	2.991269	2.0	1.040357
5213.0	1.0	51.404818	93.859101	88.288229	74.861187	0.17547000000000001	0.270357	0.15698900000000002	0.332177	39.033214	6.0	63.12768199999999	70.537901	1.0	0.01037	6.068969999999999	4.0	1.45707	4.992358	1.0	95.983064	6.083739	6.0	43.558787	56.049977	5.0	0.08573	0.936667	4.0	91.01747900000001	5.388719999999999	4.0	39.397437
5442.0	1.0	41.861331	79.159811	53.354983	96.04400799999999	0.2832	0.684599	0.180297	0.709363	33.520716	1.0	11.65056	21.690281	6.0	0.433516	0.813052	3.0	14.220256	4.551273999999999	5.0	25.172311999999998	3.911741	6.0	49.64504	45.89605	1.0	0.023084	3.392006	5.0	78.449911	4.387419	6.0	15.009576999999998
5792.0	1.0	17.270187	22.279541000000002	95.961053	68.232748	0.5083300000000001	0.11897200000000001	0.41613599999999995	0.410293	48.52677	1.0	32.756684	5.384279	6.0	0.019455	5.013869000000001	4.0	24.34142	2.076066	2.0	8.919417999999999	66.07210699999999	1.0	55.357851000000004	24.738028	2.0	0.07344400000000001	1.142124	4.0	65.514297	1.7245970000000002	1.0	20.942817
6028.0	1.0	88.883736	36.126339	34.927675	86.38854	0.235526	0.292579	0.309859	0.10951500000000002	5.999864	1.0	9.946144	35.198301	5.0	0.015165000000000001	4.880261	1.0	17.654927	6.148116	1.0	24.657022	14.464753	1.0	66.648647	10.144533000000001	1.0	0.023862	2.807623	3.0	8.926625999999999	3.6463120000000004	6.0	24.394964
6039.0	1.0	15.776801999999998	22.020209	86.932806	48.936371	0.136975	0.505826	0.272883	0.619111	72.226879	3.0	28.132558000000003	46.633262	5.0	0.047689999999999996	0.087894	2.0	80.439287	0.202605	4.0	98.164215	35.479554	3.0	2.623094	21.202645999999998	5.0	0.6553260000000001	1.421408	5.0	87.95270500000001	0.382723	2.0	76.900622
6070.0	1.0	47.919595	91.953275	88.077706	97.55549599999999	0.126924	0.719325	0.31906	0.861448	26.686046	1.0	24.990095	72.132162	5.0	0.012589	1.985397	1.0	90.51350699999999	2.046475	1.0	77.91469000000001	12.093200999999999	6.0	66.028124	56.764345	4.0	0.01999	0.254278	1.0	83.48581899999999	0.855723	4.0	14.041826
6100.0	1.0	8.449404	99.748042	23.121351999999998	49.522615	0.91738	0.9751719999999999	0.863901	0.383809	46.419877	1.0	87.269662	36.20935	6.0	0.011033	6.245897	6.0	28.729671999999997	1.7475009999999997	1.0	1.285665	0.977038	4.0	96.225307	45.64967	5.0	0.02043	0.151829	6.0	19.243692000000003	1.791969	4.0	40.350305999999996
6122.0	1.0	24.638181	12.358962	64.70855300000001	78.315493	0.48832200000000003	0.329014	0.987339	0.928574	11.57036	3.0	8.742992	65.243666	2.0	0.080828	1.254832	4.0	27.093682	0.13095299999999999	3.0	25.028502	71.27117199999999	3.0	58.99501	72.721092	3.0	0.018103	4.3642199999999995	2.0	1.044797	1.09637	1.0	23.729226
6244.0	1.0	73.69251899999999	68.410625	24.315375	13.848903	0.161947	0.666828	0.106858	0.338044	0.883102	2.0	95.722724	72.48089300000001	1.0	0.153756	2.948667	5.0	90.497556	0.330437	5.0	87.42308100000001	0.766083	6.0	44.525068	70.48076	3.0	0.056807	3.6927980000000002	1.0	60.039218000000005	5.704655000000001	5.0	38.293282
6297.0	1.0	10.653547999999999	25.496678	79.064756	34.128252	0.280646	0.684837	0.534395	0.8510719999999999	38.371449	1.0	5.30415	66.25985899999999	5.0	0.021087	2.921023	1.0	67.166613	3.7244919999999997	4.0	71.84675899999999	14.465395000000001	6.0	47.435825	19.988125	3.0	0.017062	3.427882	5.0	4.134454	1.567982	4.0	3.224696
6425.0	1.0	61.320125	48.852247	43.477927	40.757311	0.197047	0.892067	0.12897999999999998	0.916708	19.987189	1.0	23.035291	45.569023	4.0	0.024382	3.946129	1.0	19.63475	1.391242	2.0	29.881408	50.215605	2.0	47.815484000000005	30.088095000000003	4.0	0.21110399999999999	4.221672	6.0	4.324961	0.219454	2.0	32.170281
6461.0	1.0	35.227486	58.398506000000005	67.754581	21.007645	0.174251	0.857517	0.196708	0.49552399999999996	27.651456	1.0	51.371245	38.196007	5.0	0.0175	6.147784	1.0	81.337242	3.001677	4.0	22.660147	24.906579999999998	1.0	23.771258	77.075518	2.0	0.015353	1.515816	1.0	35.156465000000004	0.5282680000000001	1.0	64.04878000000001
6780.0	1.0	26.373084000000002	84.760958	50.603946	21.747632	0.27533	0.18085199999999998	0.165464	0.8788309999999999	52.191049	4.0	20.10216	2.444207	3.0	0.042607	5.327234	2.0	68.495357	1.375371	3.0	20.912364999999998	5.647066000000001	6.0	2.3995290000000002	38.579024	4.0	0.13355999999999998	2.501414	6.0	14.027407	0.429098	1.0	89.20951600000001
6810.0	1.0	27.362321	16.200865	53.288607999999996	98.623581	0.607691	0.407866	0.539783	0.369829	13.086294	3.0	49.362398	71.232568	5.0	0.020396	4.802884	3.0	52.53391	2.565699	2.0	1.061272	35.778154	3.0	38.173460999999996	54.487989	2.0	0.014929	2.871531	1.0	39.310983	0.34438	6.0	56.436517
6878.0	1.0	77.554076	25.464867	26.1807	30.797658000000002	0.964467	0.337823	0.579835	0.626038	65.453123	3.0	8.973892999999999	13.507624	1.0	0.010246	3.796939	1.0	14.103831	0.103247	4.0	32.448566	33.725716999999996	5.0	74.121588	50.593945	1.0	0.010062	1.7003439999999999	4.0	1.831084	0.431066	3.0	2.420745
6896.0	1.0	88.778543	40.100659	39.944285	13.890623000000001	0.44246	0.483072	0.287174	0.9261879999999999	11.714474000000001	1.0	11.91145	24.597928	4.0	0.061304	4.227337	5.0	16.764963	0.1772	1.0	30.479646000000002	31.809984999999998	2.0	1.00732	65.151972	1.0	0.05204400000000001	1.5559100000000001	4.0	76.784165	3.2322900000000003	3.0	64.003817
6914.0	1.0	42.678922	75.148782	47.607141999999996	48.518854	0.9747239999999999	0.347236	0.35728200000000004	0.828219	7.380851	4.0	10.668332000000001	0.9431309999999999	6.0	0.049261	3.091602	5.0	53.515762	6.110807	4.0	5.469398	10.753299	1.0	64.807805	40.838529	4.0	0.01056	4.542166	1.0	16.727018	2.723792	2.0	13.586941
6950.0	1.0	61.576238000000004	63.282625	50.347004999999996	89.564276	0.309014	0.891125	0.93248	0.955398	13.400064000000002	3.0	17.833841	42.002781	1.0	0.011951999999999999	4.946487	1.0	75.01194	0.349279	3.0	70.1384	12.722805000000001	3.0	44.685379	71.341492	6.0	0.026777	0.263036	1.0	54.050837	0.930481	1.0	6.27341
7019.0	1.0	66.854089	73.361325	81.931212	37.934792	0.21455900000000003	0.124536	0.12484	0.690276	66.990209	1.0	52.300807	69.241117	1.0	0.011101	3.689401	2.0	31.535849	4.913673999999999	2.0	4.5157620000000005	57.920285	3.0	3.537205	13.609	4.0	0.033354	4.673518	1.0	13.983176	1.074127	1.0	45.927222
7113.0	1.0	12.759322000000001	88.137201	53.034142	90.911963	0.803124	0.5164920000000001	0.206747	0.800932	45.449519	6.0	53.320896	60.929726	4.0	0.016361	5.385756	1.0	67.01970899999999	4.156978	5.0	6.470594999999999	31.968778000000004	3.0	7.574609	50.180797	2.0	0.067518	0.147648	6.0	67.21733499999999	2.7147200000000002	6.0	5.552842
7195.0	1.0	84.813734	93.62020799999999	68.079373	87.54454	0.742751	0.649026	0.238929	0.558674	46.222983	5.0	2.075478	59.358149	2.0	0.025743000000000002	2.222916	2.0	28.668803999999998	5.398418	6.0	74.31012	13.216707000000001	6.0	7.692185	38.070279	6.0	0.017974	1.862788	1.0	79.004186	4.655645	1.0	14.412763
7200.0	1.0	81.604475	31.77079	84.981537	96.792371	0.166161	0.26645	0.556996	0.498738	3.840956	6.0	1.7370330000000003	8.816386999999999	2.0	0.037288999999999996	1.663053	2.0	89.625682	5.776478	3.0	17.308335999999997	5.8444199999999995	5.0	22.329035	65.643204	4.0	0.06906799999999999	0.748866	5.0	38.526993	2.273103	5.0	12.611744999999999
7239.0	1.0	57.838148	90.68011800000001	51.011419000000004	90.633831	0.579013	0.990734	0.473689	0.569531	3.945306	6.0	78.6046	23.174143	1.0	0.017126	4.461169	1.0	70.125415	3.3793589999999996	1.0	4.9742239999999995	5.7590330000000005	5.0	60.576314	21.554625	4.0	0.112923	5.568219999999999	1.0	48.021972	4.010930999999999	2.0	11.036425
7288.0	1.0	86.74417199999999	24.153836	46.551767	69.488422	0.261874	0.235517	0.11815899999999999	0.683075	18.740737	1.0	65.430298	66.46786800000001	5.0	0.021465	4.2778540000000005	1.0	60.238399	4.596182	2.0	15.632163	11.283127	3.0	70.688556	65.256182	2.0	0.010609	3.128885	4.0	67.062221	0.895806	1.0	81.233995
7496.0	1.0	72.203056	93.494516	79.290497	38.937358	0.847295	0.488123	0.247927	0.42489	12.694008	2.0	19.347947	12.759260000000001	3.0	0.082521	3.133852	1.0	94.030163	1.736952	1.0	21.865856	35.851845000000004	5.0	8.852219	36.552658	1.0	0.010133	2.426803	1.0	71.043368	3.6270480000000003	3.0	78.568625
7591.0	1.0	87.26985	37.524770000000004	31.52327	56.423529	0.185476	0.539312	0.966807	0.79591	66.32335	1.0	7.757916000000001	59.330332999999996	4.0	0.010308	3.8441389999999998	3.0	32.760603	2.672029	6.0	63.96477900000001	28.272554	4.0	34.375026	70.641903	3.0	0.0105	3.390535	5.0	5.640894	0.098719	3.0	80.515702
7598.0	1.0	71.863074	66.35631500000001	44.558040999999996	69.47229499999999	0.206702	0.786536	0.305315	0.189117	6.095715	4.0	46.17773	64.176171	2.0	0.017349	3.251836	4.0	10.719486999999999	1.8578740000000002	1.0	77.913973	14.132926000000001	1.0	39.032173	43.628303	6.0	0.049339999999999995	5.511217	1.0	1.978084	0.893394	3.0	46.764423
7717.0	1.0	98.961479	24.306983	40.438046	53.793409999999994	0.732064	0.351401	0.9712200000000001	0.265571	56.426361	6.0	4.804734	26.740264	6.0	0.012215	5.796596	6.0	98.833197	0.327839	3.0	1.525425	6.21424	4.0	17.921735	74.817341	3.0	0.12305799999999999	4.089827	2.0	30.664883000000003	3.2168669999999997	6.0	15.397405
7919.0	1.0	92.11046800000001	99.561924	87.510762	75.927145	0.41567600000000005	0.9069200000000001	0.392513	0.769897	59.592248	6.0	8.955468	57.589425	2.0	0.044297	0.932182	1.0	14.686210999999998	1.544724	6.0	16.156754	4.069332	5.0	47.385132	43.984653	5.0	0.015287	1.639829	2.0	17.63804	2.4993369999999997	6.0	8.599958
7937.0	1.0	93.320148	19.532293	71.86789399999999	85.96670300000001	0.408136	0.5494600000000001	0.13821	0.9125459999999999	25.320929	1.0	30.308184999999998	56.457204000000004	2.0	0.099243	1.091158	1.0	49.380813	6.08515	1.0	48.801563	4.661759	4.0	30.015476	31.840497999999997	4.0	0.011907	1.660449	4.0	18.045904999999998	4.840207	3.0	85.27463
8018.0	1.0	32.683533000000004	77.266121	74.342228	11.090103	0.11046800000000001	0.18298399999999998	0.330832	0.18168	32.909982	3.0	47.072394	28.910898	3.0	0.060752	6.051248	3.0	44.202113	5.659596	1.0	46.984086	7.107875	3.0	93.736165	52.361058	6.0	0.5716680000000001	0.789818	2.0	4.327465	4.571447	3.0	74.292381
8033.0	1.0	81.971232	89.560732	48.396621	52.372942	0.189165	0.8494700000000001	0.648099	0.677177	13.065646000000001	6.0	18.863769	61.536438000000004	1.0	0.046845	2.245186	3.0	4.882543	2.9791369999999997	1.0	33.130990999999995	34.420286	2.0	4.333112	27.181133000000003	1.0	0.010381999999999999	1.2346709999999999	1.0	12.723078	3.210972	4.0	73.296229
8115.0	1.0	88.288382	75.147401	52.478223	35.442884	0.255981	0.28115500000000004	0.317117	0.378244	52.349112	3.0	21.868865	66.809096	5.0	0.073406	1.187842	1.0	12.752638000000001	2.0807700000000002	3.0	75.355657	30.887617	3.0	78.268235	24.152496	1.0	0.046285	2.853817	2.0	25.820227	2.717404	5.0	1.517241
8183.0	1.0	15.679778	86.73224499999999	93.61506899999999	28.922653999999998	0.186936	0.17114100000000002	0.550732	0.635638	31.277238	5.0	53.576165	25.367815	4.0	0.019776	0.5391560000000001	1.0	50.694598	1.494271	4.0	27.264287	14.590645	3.0	1.111375	57.515012	4.0	0.101797	3.1844099999999997	1.0	54.406884	2.2258430000000002	1.0	27.764538
8186.0	1.0	80.706175	56.54809399999999	41.693384	56.551157999999994	0.640677	0.953564	0.332872	0.97234	2.740901	3.0	25.799165	24.965889	5.0	0.012493	0.232461	1.0	90.683639	5.522044999999999	1.0	11.383826	58.556278000000006	1.0	40.957952	8.19485	5.0	0.331751	1.572345	2.0	26.1882	5.186637	3.0	1.9160099999999998
8202.0	1.0	87.221114	28.745635999999998	61.104954000000006	74.53608	0.474462	0.942833	0.969375	0.46583900000000006	77.474165	1.0	16.378254000000002	59.367986	6.0	0.045594	2.50961	2.0	9.20459	0.133689	2.0	89.24815600000001	6.1584330000000005	3.0	4.407816	57.618708999999996	1.0	0.018031000000000002	2.607554	2.0	4.65146	1.247486	6.0	38.409318
8301.0	1.0	77.29057399999999	13.515597	59.202346	74.03189300000001	0.540787	0.378915	0.8359700000000001	0.9381520000000001	1.966663	2.0	6.411953	63.830065000000005	1.0	0.051878999999999995	5.794561	3.0	14.587458999999999	5.593147	6.0	2.648416	2.619437	4.0	94.417676	69.322278	2.0	0.14148	1.58213	5.0	31.563771000000003	1.6863240000000002	6.0	14.152185000000001
8316.0	1.0	86.968267	59.143471	81.678197	17.272369	0.46336099999999997	0.8900870000000001	0.293594	0.468307	11.66487	6.0	44.538804	39.840215	5.0	0.024630000000000003	2.631324	1.0	76.966773	4.733843	1.0	5.436619	28.246763	2.0	92.008	68.919037	1.0	0.142957	0.23103	1.0	61.607806999999994	1.892165	2.0	32.540221
8535.0	1.0	50.124046	15.254379	93.653575	15.534502	0.1894	0.75143	0.234661	0.812962	40.563895	6.0	4.130114	32.913418	4.0	0.022875	2.368229	5.0	98.12966	2.1945419999999998	5.0	80.194345	71.36496	2.0	94.759277	50.856009	3.0	0.010202	0.644932	1.0	28.997658	4.611794000000001	5.0	19.867742
8566.0	1.0	20.844053	71.12230100000001	58.68131700000001	52.198068	0.288719	0.125824	0.14445999999999998	0.22352800000000003	69.666099	1.0	93.177877	68.637847	3.0	0.052801	3.050589	5.0	33.816297999999996	1.408955	3.0	13.281101999999999	23.986207	1.0	27.426044	76.052962	3.0	0.011059999999999999	0.11466900000000001	4.0	2.371782	0.782053	4.0	48.990021999999996
8730.0	1.0	92.15585	60.99634399999999	80.33646800000001	34.634907	0.5177430000000001	0.866693	0.183673	0.791982	13.43265	5.0	34.488624	67.710604	6.0	0.039437	2.094129	1.0	18.372645000000002	2.5173959999999997	2.0	35.249505	0.968297	5.0	46.572281	11.854453999999999	5.0	0.038712	5.4858720000000005	4.0	7.736362	0.345362	1.0	79.82163
8932.0	1.0	46.568466	57.26153299999999	71.110218	98.57334300000001	0.838593	0.182304	0.536478	0.7342069999999999	35.032158	1.0	23.594027	0.871733	2.0	0.09402100000000001	2.730946	3.0	2.6371439999999997	0.8416399999999999	5.0	47.143652	44.253640000000004	3.0	10.035831	35.761031	4.0	0.302216	1.023755	1.0	77.24752099999999	3.206919	1.0	12.132194
9000.0	1.0	36.833834	27.09788	67.816416	47.8373	0.6344420000000001	0.597007	0.310334	0.9460290000000001	51.093247	1.0	59.817166	49.997386999999996	4.0	0.08592899999999999	4.02263	4.0	1.0409620000000002	4.127601	2.0	86.414135	3.9556910000000003	2.0	4.308136	10.002015	1.0	0.037067	0.360439	2.0	21.928075	0.325449	3.0	15.665485
9094.0	1.0	16.775238	73.116881	30.538757	80.067837	0.806297	0.30206900000000003	0.815551	0.262209	18.602058	6.0	19.775270000000003	41.385822	6.0	0.011555	5.147557	3.0	92.032917	1.560033	6.0	5.413362	28.739528999999997	2.0	22.91183	25.848497000000002	4.0	0.123063	3.561902	2.0	13.738068	2.236904	5.0	1.0829540000000002
9137.0	1.0	78.447848	70.854088	91.937031	91.66375500000001	0.14349800000000001	0.557032	0.419042	0.103804	2.608458	2.0	40.302004	16.976048000000002	6.0	0.015267	3.9936190000000003	1.0	90.41295600000001	2.001837	1.0	38.879787	15.006998000000001	6.0	63.398483	10.017489999999999	6.0	0.164792	1.6871669999999999	3.0	30.428437	3.042681	1.0	57.171358
9142.0	1.0	88.071177	48.250165	63.90590400000001	91.02988	0.143126	0.777113	0.153821	0.852576	49.793537	1.0	42.097992	16.871182	2.0	0.020861	4.206353	1.0	66.641134	6.018618	1.0	8.583694	21.019854000000002	5.0	16.196433	10.429950999999999	1.0	0.025171000000000002	4.259675	6.0	9.172697	1.540183	1.0	77.847082
9216.0	1.0	1.8194990000000002	51.839618	36.195223999999996	58.545781999999996	0.271194	0.48873	0.10547100000000001	0.475332	34.764688	6.0	69.360047	30.031346000000003	2.0	0.010526	4.027317	1.0	84.690435	5.276347	5.0	1.6978	3.309243	2.0	59.457296	28.456947999999997	4.0	0.307392	0.75957	5.0	6.203498000000001	5.4181099999999995	4.0	24.777428
9292.0	1.0	79.442942	44.770703999999995	33.695634999999996	96.86792	0.46112600000000004	0.6468149999999999	0.993318	0.697583	13.963042000000002	4.0	37.930339000000004	71.287243	1.0	0.29880500000000004	0.861713	5.0	16.122246	3.052301	1.0	69.82334399999999	7.011094	1.0	35.192582	32.649592	2.0	0.021569	1.6538830000000002	3.0	17.036857	0.468736	3.0	36.702166999999996
9342.0	1.0	83.63189	24.076975	82.583281	79.7718	0.45097600000000004	0.876761	0.748558	0.379197	18.756045999999998	5.0	2.390473	53.894641	1.0	0.018088	2.191242	3.0	53.499789	5.1613050000000005	2.0	79.044011	49.579732	2.0	20.667537	77.536075	6.0	0.012875999999999999	0.525091	4.0	10.464897	3.8446260000000003	2.0	14.269728
9478.0	1.0	26.453060999999998	17.169082	87.886637	5.3086199999999995	0.45614899999999997	0.5730109999999999	0.443723	0.709433	37.178337	1.0	70.919892	32.1436	5.0	0.046667	1.6232799999999998	4.0	4.382739	5.1468169999999995	1.0	38.556115000000005	27.918565	4.0	85.196628	45.841899	4.0	0.045435	0.151116	3.0	37.940531	4.732726	6.0	26.636986
9578.0	1.0	87.365081	35.947661	75.742094	63.313277	0.346957	0.7856420000000001	0.645737	0.5094609999999999	64.683223	1.0	27.954294	60.162253	6.0	0.251185	0.088661	5.0	96.476825	0.546786	4.0	45.441196999999995	27.5132	4.0	15.097772	52.374793	4.0	0.010976	0.23581300000000002	2.0	65.512412	5.417171	3.0	87.727654
9630.0	1.0	32.322874	68.151088	35.414736	31.706382	0.750102	0.149016	0.225373	0.716406	12.365153	1.0	75.802897	3.236599	5.0	0.199251	6.081367	1.0	72.430378	5.608636	1.0	61.693666	6.031262	3.0	48.923751	35.26787	1.0	0.013732	3.3516690000000002	3.0	43.821531	5.757606	6.0	2.891396
9664.0	1.0	19.71889	26.676462	20.880402	46.544865	0.415022	0.39970100000000003	0.573368	0.6106060000000001	11.412536	1.0	51.119383	62.562639000000004	1.0	0.012426999999999999	1.036972	2.0	4.048614	5.4994	5.0	27.12207	19.902228	4.0	45.525009000000004	38.487120000000004	1.0	0.05204400000000001	0.808245	4.0	60.117364	5.221191	5.0	3.104407
9734.0	1.0	71.868543	33.588409999999996	82.146852	66.571781	0.156392	0.39936	0.158193	0.848059	45.123912	1.0	79.752685	48.343732	3.0	0.015097999999999999	2.213863	3.0	9.660992	2.9068560000000003	2.0	95.266948	17.649305	1.0	59.743912	39.770210999999996	5.0	0.947462	5.371625	6.0	20.719529	5.527636	1.0	78.47914899999999
9747.0	1.0	55.229723	67.61919499999999	91.959806	85.028992	0.129916	0.317952	0.128672	0.852927	2.500827	4.0	40.268834000000005	61.39846	3.0	0.017757	0.33757800000000004	6.0	16.629548	5.763326999999999	2.0	91.79723299999999	17.379335	4.0	98.50336999999999	29.552901000000002	3.0	0.012391	5.56577	1.0	41.81592	0.060957000000000004	2.0	23.913379
9756.0	1.0	80.124015	26.687225	75.964309	29.954946999999997	0.883884	0.9859120000000001	0.505332	0.917908	62.134204000000004	1.0	80.134651	44.992598	5.0	0.032038	0.6079720000000001	1.0	80.138421	2.576165	2.0	72.524372	3.2199310000000003	1.0	64.02726700000001	50.787240000000004	3.0	0.343841	4.606458	1.0	77.637957	5.386835	3.0	62.047942000000006
9758.0	1.0	9.302336	63.942701	59.77421999999999	54.564401000000004	0.8426899999999999	0.58492	0.20847399999999996	0.384459	18.245820000000002	1.0	94.50941800000001	35.896097	5.0	0.013212999999999999	4.948471	6.0	22.47768	5.877261	5.0	5.243583	58.084210999999996	1.0	93.606149	33.852132	1.0	0.013538999999999999	2.463714	2.0	14.817595	1.274265	2.0	88.601293
9768.0	1.0	93.73615600000001	34.005477	30.225868	29.701113	0.176387	0.659458	0.22486199999999998	0.615895	27.316178000000004	4.0	6.929351	36.606165999999995	4.0	0.027833	2.7401	1.0	78.671249	5.19585	2.0	40.49496	11.130925	2.0	31.372832	32.544225	3.0	0.036071	3.377792	6.0	10.389939	2.28693	1.0	94.607753
9772.0	1.0	67.925934	54.061726	42.10553	92.49335699999999	0.584346	0.11906800000000001	0.840076	0.793017	14.607798999999998	2.0	94.286253	22.28453	3.0	0.029219	5.991151	5.0	10.276356	5.404547	1.0	27.194201	23.639574	2.0	28.860832000000002	2.782841	5.0	0.10541199999999999	1.5245389999999999	2.0	22.675222	0.850194	1.0	6.1109480000000005
9850.0	1.0	89.124011	17.104023	71.536355	3.3297160000000003	0.822823	0.584212	0.7074630000000001	0.5516949999999999	62.402384999999995	4.0	22.157152	56.059087	3.0	0.012218000000000001	5.181003	2.0	2.824293	2.103599	3.0	15.774239000000001	5.760198	4.0	6.872192	31.751890000000003	4.0	0.015915000000000002	1.698622	1.0	6.839828999999999	5.064008	2.0	87.49344599999999
9945.0	1.0	95.772588	7.1918	96.096618	53.486034	0.36598400000000003	0.223227	0.714331	0.6884279999999999	12.879922	2.0	60.58805699999999	59.174886	1.0	0.024313	0.380458	2.0	25.492516000000002	4.496526	6.0	35.238926	10.774962	2.0	68.536936	18.39246	2.0	0.027320999999999998	4.069229	2.0	40.378795000000004	1.565656	3.0	4.828163
