306.0	1.0	60.174647	12.678803	77.259109	6.395266	0.344928	0.8276540000000001	0.377076	0.39005700000000004	41.398967	1.0	1.799496	52.136026	3.0	0.061458000000000006	3.0631720000000002	6.0	61.683738	0.99965	4.0	48.539656	31.162753000000002	4.0	86.347453	17.093784	3.0	0.019435	1.6257110000000001	5.0	80.378127	3.661725	3.0	90.715814
340.0	1.0	22.274618	4.665386	86.683758	2.715429	0.915917	0.555346	0.438692	0.9914959999999999	22.72786	5.0	75.140351	21.823873000000003	3.0	0.019004	5.632406	4.0	93.676474	1.6726740000000002	2.0	37.438041999999996	29.192614000000003	6.0	45.603845	49.007708	2.0	0.063184	4.663288	2.0	15.005821	4.155582	2.0	29.603305
440.0	1.0	10.418351	13.440064999999999	78.254793	20.23463	0.815388	0.337495	0.659667	0.984074	59.64685600000001	3.0	23.494833	59.192570999999994	1.0	0.020901	0.549904	3.0	42.795241	2.69968	4.0	47.369527000000005	48.510677	5.0	33.492754	65.91981700000001	4.0	0.014641	5.405314	6.0	49.346874	5.184119	6.0	55.682552
534.0	1.0	18.679417	11.185475	2.958968	36.37792	0.524726	0.751047	0.999232	0.9659709999999999	60.014607	2.0	10.650046000000001	46.095138	4.0	0.012534	0.68079	1.0	38.51423	3.854855	3.0	79.142152	24.846754999999998	5.0	38.570946	7.342131	2.0	0.010542000000000001	3.3168370000000005	1.0	65.364589	2.854698	4.0	57.466974
698.0	1.0	53.859229000000006	28.580046999999997	35.205998	91.496939	0.8255899999999999	0.12520799999999999	0.8672110000000001	0.8564780000000001	22.798895	1.0	63.544368000000006	24.283783	2.0	0.014953	4.501233	2.0	52.442181000000005	4.61191	3.0	87.36080600000001	62.410698	4.0	2.295204	0.909149	4.0	0.050499	0.809537	1.0	88.777152	0.164902	4.0	89.258778
742.0	1.0	4.687022	1.205003	9.062478	48.445291	0.514202	0.24045	0.961074	0.9250079999999999	42.811309	4.0	66.953705	30.137626	3.0	0.04421	0.974117	6.0	5.621096	5.241899	5.0	96.238596	74.55396	2.0	92.267597	23.866961	5.0	0.025833	4.66596	4.0	47.641519	3.131305	1.0	59.433563
916.0	1.0	82.052594	8.418448	17.39752	48.011515	0.13660899999999998	0.785092	0.839802	0.969756	64.043959	4.0	12.248825	7.9607220000000005	2.0	0.025268000000000002	0.739279	5.0	88.52604000000001	5.772655	2.0	21.864545	47.671963	3.0	89.8377	59.703563	1.0	0.025058	3.562641	4.0	97.837835	4.994473999999999	3.0	14.358334
1058.0	1.0	4.34358	80.406888	88.747857	35.779251	0.37964899999999996	0.865383	0.872748	0.8531059999999999	76.558095	5.0	76.75044399999999	26.962835	4.0	0.014755	3.991627	5.0	31.559310999999997	6.234053	3.0	35.461495	64.45722099999999	6.0	52.73889499999999	25.343877	1.0	0.011373999999999999	3.11278	1.0	57.80068299999999	5.227391000000001	5.0	36.106861
1091.0	1.0	4.602904	48.366127	3.2850599999999996	35.636369	0.976618	0.201486	0.558756	0.636007	76.21001700000001	6.0	7.888425	74.653768	2.0	0.019790000000000002	3.344188	3.0	24.145004999999998	5.7256860000000005	4.0	30.708779999999997	48.561723	4.0	68.806904	26.275572999999998	4.0	0.012866999999999998	2.810209	2.0	43.50269	1.587901	6.0	44.093181
1106.0	1.0	2.836092	97.365647	57.743889	3.4387230000000004	0.692842	0.314932	0.566603	0.658452	34.699728	6.0	14.08655	48.764323	5.0	0.013807	3.969062	3.0	67.833151	3.217191	6.0	39.010402	55.572991	4.0	50.90287	53.07018299999999	3.0	0.056041999999999995	2.794747	1.0	4.406746	4.54195	6.0	62.370523999999996
1138.0	1.0	65.41597	11.184742	71.27717700000001	4.837758	0.656529	0.8988379999999999	0.203019	0.8332959999999999	42.786035	2.0	61.756581999999995	11.517249000000001	2.0	0.010898	6.153103	1.0	73.920007	3.3724529999999997	4.0	30.955409999999997	65.30879499999999	2.0	68.598587	60.192795	1.0	0.025332	5.546514	5.0	31.238771999999997	3.1819319999999998	6.0	59.320738
1159.0	1.0	8.668439	17.544	61.914013	5.220795	0.20890799999999998	0.847368	0.345704	0.275129	38.761435	5.0	56.267591	19.494482	2.0	0.012795	4.134765	3.0	62.434383	5.550581	4.0	53.429362	74.244038	4.0	56.145607999999996	40.4502	6.0	0.104361	2.694219	1.0	74.552444	4.948592	1.0	58.648157999999995
1164.0	1.0	1.244111	78.446917	35.9443	1.751047	0.41506800000000005	0.291716	0.791067	0.537203	71.655893	3.0	70.68343399999999	8.004204	6.0	0.015465000000000001	5.199815	2.0	39.243311	5.499516000000001	6.0	30.218835	59.85949599999999	1.0	89.15164	12.918884	2.0	0.07043300000000001	3.0648009999999997	6.0	79.400991	1.316925	1.0	75.536893
1268.0	1.0	63.882129000000006	1.376915	67.651072	23.42482	0.932566	0.594703	0.33232399999999995	0.9566	45.834959999999995	6.0	97.015049	51.018212	4.0	0.022098	2.73578	2.0	80.789237	4.68916	4.0	72.866956	73.483331	4.0	68.27355899999999	27.192285	6.0	0.6665439999999999	3.1849819999999998	1.0	46.817307	4.7424	6.0	20.704826999999998
1276.0	1.0	4.278605000000001	85.478983	4.044179	69.299205	0.5142359999999999	0.45668400000000003	0.597916	0.9166030000000001	29.572129999999998	4.0	79.70299399999999	10.707851	3.0	0.031735	3.387799	6.0	44.743339	4.2683279999999995	5.0	95.727296	66.594072	3.0	33.579488	77.02381	3.0	0.011590999999999999	3.648861	1.0	98.220541	4.126614	2.0	2.6271150000000003
1392.0	1.0	67.441241	3.164187	4.550301999999999	45.734394	0.319252	0.786143	0.6917810000000001	0.618268	42.278715000000005	4.0	95.144589	11.30395	4.0	0.01153	3.288068	1.0	83.405291	0.8245309999999999	3.0	43.040759	71.51230100000001	5.0	42.401376	43.682446	5.0	0.07367	1.9679630000000001	2.0	46.631316999999996	2.841224	6.0	71.978972
1440.0	1.0	39.727609	4.733636	29.321459	3.363262	0.6553939999999999	0.596076	0.349192	0.884553	10.795188000000001	1.0	1.466207	40.457076	4.0	0.055760000000000004	5.177324	3.0	11.008068	2.679871	3.0	81.173185	40.914118	4.0	25.004503	50.520687	5.0	0.011606	5.753074	2.0	53.638241	4.205062	4.0	85.75954
1445.0	1.0	74.815337	8.94053	3.404374	94.596475	0.670454	0.573817	0.635988	0.926751	40.736209	3.0	74.156904	61.594246999999996	1.0	0.022987999999999998	5.51436	3.0	92.087724	0.7108949999999999	4.0	39.558689	65.73561600000001	2.0	17.428604	13.776775	4.0	0.05562	4.184616	5.0	39.566122	5.456795	2.0	88.694229
1496.0	1.0	7.5921710000000004	82.286937	12.040529	13.315370000000001	0.9017149999999999	0.4876	0.299168	0.719348	52.333458	2.0	91.669391	24.085967999999998	1.0	0.019651	4.36282	4.0	51.032556	0.191155	5.0	34.716549	31.612915	3.0	23.191854	75.563811	5.0	0.046345	1.20641	1.0	99.980825	3.672774	3.0	10.177571
1577.0	1.0	15.044573000000002	4.494976	53.210063	22.087563	0.10404200000000001	0.982427	0.632734	0.752692	36.191573	4.0	95.541238	16.143283	6.0	0.033638	4.7117510000000005	5.0	35.392475	4.272587000000001	4.0	25.350576999999998	56.637415000000004	6.0	27.5233	50.744566	5.0	0.016465	1.9723509999999997	3.0	33.56884	2.073512	4.0	18.947364
1600.0	1.0	29.789465000000003	14.941310000000001	1.622079	94.713712	0.7303649999999999	0.805591	0.608174	0.838192	64.524426	6.0	54.187931000000006	43.990956	4.0	0.013429	0.24246399999999999	4.0	10.444125999999999	2.78884	3.0	71.864478	2.918519	5.0	27.990061999999998	15.699264999999999	4.0	0.491584	3.168205	2.0	10.083634	5.50338	4.0	79.85900600000001
1618.0	1.0	41.681152000000004	45.39855	17.49863	16.473151	0.8647360000000001	0.9792190000000001	0.814732	0.5515939999999999	42.250654	6.0	16.109342	45.097390999999995	1.0	0.011189	4.419957	2.0	85.9893	5.185976	1.0	60.065821	50.534131	6.0	92.845425	49.374899	1.0	0.015163999999999999	4.212741	2.0	39.19243	4.609312999999999	4.0	37.922514
1688.0	1.0	12.219413000000001	29.232758	13.955973	2.990565	0.756626	0.750088	0.6492720000000001	0.779329	38.14448	2.0	9.709710000000001	11.977395	5.0	0.014037	5.627737000000001	3.0	43.350483000000004	6.190835	2.0	90.854359	71.407168	4.0	21.884908	70.479224	3.0	0.010178	0.8763489999999999	3.0	67.48797900000001	5.842954	5.0	92.508895
1731.0	1.0	20.750572000000002	11.015488000000001	3.903774	11.061777000000001	0.574643	0.726589	0.268905	0.296331	53.994051	3.0	1.560403	27.690171000000003	5.0	0.055388	0.387194	6.0	17.644691	2.960633	3.0	72.770942	18.282991	2.0	88.723465	3.3865410000000002	4.0	0.030475	4.4394919999999995	5.0	96.49839300000001	2.355285	2.0	51.010281
1740.0	1.0	12.052446	67.77681	4.426451	99.738646	0.907587	0.730093	0.997282	0.5367310000000001	61.503087	2.0	19.689933	66.019968	6.0	0.045763	3.5739730000000005	3.0	84.934647	4.0327	1.0	79.945657	65.775194	6.0	39.178090000000005	63.104901	3.0	0.159951	2.894678	3.0	71.52722	3.655385	5.0	81.318407
1742.0	1.0	1.437607	97.975325	6.418094	12.094073	0.981275	0.583186	0.281804	0.714444	64.393461	5.0	19.245020999999998	4.484916	5.0	0.028117000000000003	4.639198	4.0	56.02618199999999	4.442856	2.0	34.703157	57.171206000000005	3.0	22.793044000000002	16.953263	3.0	0.020471	4.025572	1.0	33.332786	3.973503	6.0	70.043734
1826.0	1.0	3.9015699999999995	69.859401	62.726087	5.392015	0.479401	0.915531	0.7587119999999999	0.778638	36.782665	2.0	96.82718100000001	17.855956	1.0	0.01114	4.709890000000001	5.0	90.154602	5.668762	1.0	60.878756	64.16129000000001	6.0	57.790606000000004	18.208121	1.0	0.09303	5.850455	5.0	83.225162	3.050812	5.0	21.276885
1878.0	1.0	2.9714270000000003	22.51245	74.044495	10.300545	0.912795	0.562293	0.488745	0.935701	23.936088	3.0	54.931883	53.022785999999996	2.0	0.011543000000000001	4.703809	1.0	18.840412	1.159292	2.0	65.25029599999999	45.755297	5.0	85.65248199999999	71.008798	2.0	0.011434999999999999	4.601178	3.0	85.105115	2.338362	6.0	85.84248000000001
2206.0	1.0	37.785289	10.60217	81.361316	11.352738	0.818554	0.8351	0.54159	0.864553	33.231878	4.0	65.531396	47.8606	2.0	0.010190000000000001	0.426654	5.0	38.459365999999996	4.0532010000000005	6.0	94.4944	62.595969999999994	2.0	69.060601	10.279717999999999	2.0	0.010787999999999999	4.233569999999999	5.0	66.815462	5.097735	2.0	94.806062
2369.0	1.0	12.147719	19.795204000000002	67.113861	10.609691	0.8365879999999999	0.438108	0.181535	0.954513	54.261088	1.0	73.45052700000001	29.267182000000002	1.0	0.01828	6.0193650000000005	3.0	17.674382	5.219339	4.0	26.61976	51.669463	6.0	98.42858000000001	74.825901	6.0	0.010123	3.6490620000000002	6.0	58.005342000000006	4.61482	6.0	82.443872
2383.0	1.0	67.919318	5.1885129999999995	1.524936	13.146326	0.62584	0.67629	0.699126	0.151535	47.241015999999995	6.0	24.830408	53.737173	2.0	0.019403999999999998	5.254376000000001	1.0	61.521654000000005	1.580206	2.0	12.584763	42.612217	5.0	48.20151	58.121648	3.0	0.017238	2.268984	2.0	15.392133	3.93537	5.0	22.194115
2474.0	1.0	82.538986	4.886737	68.483858	10.906209	0.769996	0.781512	0.343105	0.817512	77.743758	3.0	68.462662	71.67305999999999	2.0	0.013072	1.019879	1.0	36.450652000000005	2.3768569999999998	4.0	20.449226	63.992201	3.0	95.0702	64.858677	3.0	0.05118	5.038673999999999	2.0	81.375408	2.843814	5.0	34.86372
2543.0	1.0	35.235244	24.311307	73.307709	11.643479	0.44557399999999997	0.695113	0.46754300000000004	0.5951380000000001	61.646992000000004	6.0	36.992148	7.8269839999999995	5.0	0.016057	3.7476190000000003	6.0	63.955013	5.486426	3.0	62.054497	73.716211	5.0	68.79461500000001	42.178362	5.0	0.053446	1.1177059999999999	1.0	51.144483	4.852999	1.0	49.450363
2585.0	1.0	2.551907	71.58895799999999	8.498271	10.523755	0.412991	0.576687	0.28371599999999997	0.5615319999999999	69.643906	6.0	3.4831870000000005	44.632651	4.0	0.028895999999999998	5.772578	5.0	87.16672700000001	6.219404	5.0	70.69719599999999	36.602936	3.0	40.725299	51.945492	1.0	0.978225	4.18204	6.0	91.8783	3.9665220000000003	2.0	27.865306
2604.0	1.0	54.637570999999994	2.412052	4.140587	8.075664999999999	0.969116	0.819567	0.511996	0.178428	24.055222	4.0	38.022594	33.604428999999996	4.0	0.014903	1.403409	4.0	8.154334	0.7844810000000001	6.0	25.696057999999997	58.98034200000001	6.0	3.7597980000000004	73.500977	2.0	0.054978	5.274229	2.0	71.231859	5.532598999999999	1.0	78.603369
2665.0	1.0	58.264359	21.973132999999997	4.433725	54.818946999999994	0.833522	0.854124	0.974259	0.751452	55.276939	3.0	96.197064	10.29135	5.0	0.017487	4.047924	3.0	95.615945	2.237371	3.0	37.879892	32.399559	1.0	99.13594	14.506534	5.0	0.22472399999999998	4.518944	4.0	1.2352370000000001	4.221756	4.0	15.662138
2702.0	1.0	65.28831600000001	1.243744	24.247879	7.7592300000000005	0.9227219999999999	0.55416	0.307948	0.38763400000000003	62.707871999999995	3.0	99.074849	62.734702	2.0	0.042498	1.003853	5.0	88.153701	1.00504	1.0	34.814709	59.451884	4.0	76.624037	2.99971	1.0	0.018377	2.4875279999999997	2.0	54.831773	5.670667	1.0	44.114443
2827.0	1.0	48.890826000000004	10.020453999999999	17.657721	7.873736999999999	0.26106599999999996	0.685192	0.42132600000000003	0.741708	32.842348	6.0	88.990951	18.095233	1.0	0.391419	2.870825	3.0	89.63417700000001	5.237358	3.0	5.018345	60.339734	6.0	54.187757999999995	26.683192	5.0	0.036327	1.054383	3.0	36.551782	0.8881899999999999	5.0	30.87513
2903.0	1.0	2.0466450000000003	19.828639000000003	44.162923	10.956155	0.962742	0.9087719999999999	0.805651	0.7667010000000001	28.09157	1.0	50.231086	45.758169	4.0	0.012028	4.507576	6.0	78.249466	4.596615	1.0	97.164212	66.972219	6.0	38.453907	20.850878	5.0	0.020863	4.519921	1.0	39.045617	2.835074	4.0	48.279107
2954.0	1.0	27.841826	25.717195999999998	55.831072	13.522672	0.402895	0.983168	0.8273360000000001	0.44701899999999994	47.531247	5.0	90.523978	51.546909	3.0	0.183497	2.740647	2.0	67.72026899999999	3.1845950000000003	5.0	76.287418	73.473336	5.0	63.011193000000006	29.360325	3.0	0.057882	4.311573	5.0	36.775940999999996	5.379469	4.0	86.202431
2972.0	1.0	34.614801	17.819976	7.00984	24.724922	0.726855	0.966225	0.739978	0.31009899999999996	34.101628999999996	4.0	68.21174599999999	18.519626000000002	2.0	0.015813	3.4623660000000003	4.0	80.719273	0.091478	1.0	95.342993	41.329508000000004	4.0	54.812281999999996	15.903882000000001	3.0	0.013403	3.141732	1.0	27.536308000000002	2.269972	1.0	65.035957
3098.0	1.0	1.656349	81.120108	13.999167000000002	11.188074	0.8942610000000001	0.151002	0.6091310000000001	0.843793	53.906558999999994	4.0	14.418594	3.214228	2.0	0.011681	1.2748	2.0	3.267341	2.245201	6.0	63.11417900000001	57.796528	5.0	89.92274599999999	18.403563000000002	4.0	0.010259	0.253577	4.0	59.666312	4.0966059999999995	6.0	53.816093
3244.0	1.0	77.219893	10.151358	45.738972	6.211888	0.43867399999999995	0.694346	0.33719099999999996	0.630184	64.03146	2.0	12.45453	51.832131	3.0	0.9201469999999999	0.520554	3.0	11.981027000000001	5.264769	1.0	89.62727199999999	68.474864	3.0	87.370925	55.759367000000005	3.0	0.01571	5.571644	3.0	61.326003	0.155168	5.0	50.066895
3273.0	1.0	36.215720000000005	8.629128999999999	49.309826	14.699347	0.804909	0.801163	0.537155	0.9594	69.47210799999999	5.0	31.325107	61.157784	4.0	0.032918	0.119486	3.0	75.229469	2.401184	2.0	75.472622	60.530675	3.0	69.797776	63.778042000000006	1.0	0.053427999999999996	3.7548410000000003	6.0	61.590284	4.001008000000001	5.0	96.26271
3495.0	1.0	10.103201	24.100665	78.86721899999999	20.220810999999998	0.793585	0.363678	0.480191	0.9449270000000001	49.132828	6.0	57.608698	42.717787	2.0	0.09963999999999999	5.373744	2.0	81.962978	4.451278	4.0	46.032949	64.50129	6.0	75.68118199999999	61.75166899999999	2.0	0.049633	1.8914650000000002	6.0	19.699685000000002	1.9404560000000002	2.0	65.234015
3503.0	1.0	5.707128	22.129835999999997	28.907898	1.164198	0.708171	0.770656	0.28477399999999997	0.920531	63.064615	3.0	49.571341	63.990069999999996	5.0	0.017684000000000002	2.148902	4.0	22.479657999999997	4.060919999999999	2.0	19.99711	20.011711	1.0	58.925913	15.401316	3.0	0.011806	4.648937999999999	3.0	41.145931	2.0945419999999997	2.0	53.402168
3647.0	1.0	4.346633	26.201949	2.793198	21.95887	0.6936680000000001	0.540505	0.896601	0.484415	76.10775600000001	6.0	87.318049	9.757480000000001	3.0	0.011617	1.47494	4.0	8.582219	2.836667	1.0	27.735940999999997	8.603515	3.0	77.59816	64.990667	5.0	0.010121999999999999	4.644394999999999	4.0	3.8353260000000002	1.535877	1.0	6.301568
3651.0	1.0	37.468995	3.3437639999999997	1.500622	4.436028	0.8529680000000001	0.39255300000000004	0.43402799999999997	0.19352	20.286255999999998	1.0	99.781449	60.302121	2.0	0.014107	5.1729709999999995	5.0	4.303657	0.294885	3.0	1.780501	14.924973000000001	1.0	25.685826000000002	17.108141	4.0	0.01464	0.767407	5.0	84.648398	2.371237	6.0	28.262197999999998
3713.0	1.0	5.650014	15.784104000000001	93.644091	8.722381	0.770705	0.996667	0.928718	0.717763	35.67053	6.0	8.154664	15.019808	3.0	0.02017	2.859448	6.0	24.330758	5.185819	4.0	93.166837	50.189921000000005	3.0	56.407279	4.912155	6.0	0.010870999999999999	2.5070259999999998	1.0	98.270465	3.478817	5.0	28.302840000000003
3790.0	1.0	93.776404	3.013421	63.220098	2.841964	0.10616500000000001	0.399233	0.5122869999999999	0.8778450000000001	7.7625210000000004	1.0	40.322267	40.209074	6.0	0.10671900000000001	4.011318	3.0	44.987089000000005	1.092718	6.0	29.011283000000002	47.167617	4.0	68.382723	41.144061	1.0	0.012009	5.328977	4.0	48.163705	3.487342	1.0	26.707394
4083.0	1.0	57.034426	1.8166529999999999	45.971540000000005	34.594635	0.757486	0.8328690000000001	0.678794	0.961693	5.871124	2.0	72.807149	55.756046999999995	5.0	0.03415	3.6056449999999995	6.0	73.978064	2.807928	1.0	84.647419	73.010254	5.0	39.294385	58.148298	6.0	0.026675	1.9103900000000003	2.0	8.715639	0.8883280000000001	4.0	73.861862
4084.0	1.0	73.222204	2.5255229999999997	5.121788	90.579863	0.364	0.942733	0.900493	0.987401	10.182461	3.0	61.710255000000004	18.835116	5.0	0.016633000000000002	1.092822	2.0	7.415108	5.913849	4.0	87.054233	29.275768	5.0	76.68171	53.555039	6.0	0.048133999999999996	4.391481	2.0	67.882662	1.4726110000000001	3.0	21.81544
4113.0	1.0	3.284965	39.361056	20.369957	4.913922	0.8251139999999999	0.148552	0.34060799999999997	0.961384	51.210052000000005	2.0	61.441233	31.567141999999997	2.0	0.010384000000000001	3.5874650000000003	6.0	67.594849	3.6571010000000004	1.0	62.449031999999995	65.118376	4.0	62.410363000000004	1.199725	4.0	0.022622999999999997	0.519987	2.0	82.467332	4.908451	2.0	4.604017
4248.0	1.0	96.80781999999999	4.297198000000001	10.025171	5.095891	0.13667200000000002	0.43969300000000006	0.297288	0.353296	11.433261	2.0	3.6818800000000005	11.602845	4.0	0.011951	4.997205999999999	2.0	66.89625600000001	2.550969	1.0	48.470284	49.427191	2.0	67.144473	50.801175	3.0	0.010702	0.277536	3.0	4.836941	1.59133	2.0	62.657539
4293.0	1.0	34.370172	16.703701000000002	53.749777	43.322891	0.469842	0.8244459999999999	0.8839379999999999	0.6935279999999999	37.537281	1.0	14.514399	45.801521	4.0	0.017196	0.197603	3.0	69.13972700000001	1.98505	2.0	40.652996	72.142623	3.0	13.005386	12.835619	5.0	0.050598000000000004	4.8304290000000005	3.0	57.291887	1.273334	5.0	93.994485
4370.0	1.0	5.862675	18.376301	3.3295690000000002	12.488467	0.930592	0.672489	0.668355	0.37535300000000005	15.036135	4.0	28.297358000000003	15.538742999999998	3.0	0.012322	4.718806	6.0	83.664491	0.077964	5.0	22.652046	56.515938	4.0	47.542027000000004	38.588547999999996	2.0	0.024451	5.672961	6.0	91.22207900000001	2.409591	2.0	98.570301
4542.0	1.0	53.979693000000005	16.878681	99.46780600000001	3.9914300000000003	0.116566	0.857742	0.546086	0.806132	28.267683	2.0	10.667255	51.42426	1.0	0.04124	3.259045	4.0	21.005119	4.806246	4.0	69.125477	9.536827	2.0	99.788128	13.474154	5.0	0.015028999999999999	4.428676	5.0	71.17644399999999	5.346092	4.0	14.920036999999999
4619.0	1.0	50.930521	23.707132	76.728864	99.15807099999999	0.538184	0.658488	0.630342	0.535984	66.93146899999999	6.0	20.799372	12.507138000000001	6.0	0.022978	5.697392	4.0	7.399984	2.888746	6.0	3.134095	41.907019	2.0	9.725674	3.743764	6.0	0.076555	5.027652	3.0	75.736438	1.472046	2.0	99.86105400000001
4643.0	1.0	6.7420979999999995	95.206459	61.558416	23.883005999999998	0.739544	0.121929	0.414333	0.8927430000000001	25.508069	5.0	92.30416600000001	1.063273	4.0	0.077431	5.216603	5.0	82.166655	6.221039	2.0	43.912895	56.094527	6.0	90.324529	44.687871	2.0	0.013071000000000001	3.1274040000000003	6.0	8.06783	1.323703	3.0	10.537417999999999
4813.0	1.0	69.117176	4.185258999999999	71.89357199999999	7.854209	0.725388	0.229323	0.5853520000000001	0.562944	74.37160899999999	5.0	92.596161	69.31464100000001	6.0	0.013716999999999998	2.273164	1.0	4.092251999999999	2.423621	4.0	14.759635000000001	35.833837	5.0	43.228905	74.93566	2.0	0.035343	2.03912	6.0	62.829865000000005	4.62525	5.0	88.158346
4825.0	1.0	76.31433299999999	5.525636	87.16749	5.414112	0.857756	0.578016	0.643421	0.699327	63.622344999999996	4.0	8.435682	5.118476	1.0	0.024862000000000002	1.9617470000000001	2.0	80.369387	6.135935	5.0	70.89530400000001	19.35135	5.0	28.33837	8.7984	5.0	0.051303999999999995	3.4313860000000003	6.0	61.79828199999999	5.020363	5.0	43.032191
4830.0	1.0	75.965756	3.667161	74.758274	3.274404	0.33704	0.11127000000000001	0.629487	0.534594	48.483847999999995	6.0	69.14107800000001	61.394042000000006	5.0	0.016696000000000003	6.033721	1.0	91.769973	3.4478199999999997	1.0	42.436737	47.574053	5.0	38.557072999999995	39.916940999999994	3.0	0.029601	4.947217	1.0	42.020496	4.263107	4.0	38.562269
5012.0	1.0	63.753586	91.866384	1.565878	50.196801	0.7796390000000001	0.6276189999999999	0.528199	0.199963	75.327146	2.0	46.251884999999994	0.985033	4.0	0.015608000000000002	2.3197400000000004	5.0	43.322278000000004	2.587627	3.0	22.876725	53.820487	6.0	21.275818	52.960584	5.0	0.06513300000000001	3.562896	1.0	24.013292	3.218397	4.0	74.477693
5076.0	1.0	10.59571	3.7588190000000004	67.010451	17.033379	0.7749090000000001	0.706906	0.860899	0.993423	9.517808	3.0	44.302161	42.609217	5.0	0.01229	4.6317699999999995	4.0	79.203632	1.5403280000000001	6.0	33.958085	58.791644999999995	3.0	73.98645400000001	45.033364	3.0	0.013959000000000001	3.166556	2.0	40.208563	0.176045	5.0	30.343252000000003
5082.0	1.0	11.350146	4.920154	1.9568919999999999	13.090121	0.513938	0.392225	0.195825	0.436003	42.211425	4.0	98.532278	6.434977	6.0	0.10720299999999999	1.036406	3.0	47.146729	3.906317	3.0	80.870518	32.730226	4.0	3.168205	50.482139000000004	1.0	0.01085	4.173238	3.0	29.904449	2.139869	4.0	7.052333999999999
5220.0	1.0	44.401159	26.676873999999998	68.662439	3.421043	0.64369	0.9126860000000001	0.930118	0.9673700000000001	60.06861899999999	4.0	25.216422	62.966252000000004	6.0	0.013133	5.5568040000000005	1.0	27.342429	3.46959	4.0	7.110863	22.930605	4.0	53.802398	23.474756	5.0	0.012278	0.737081	2.0	3.3575769999999996	0.199475	4.0	61.09328000000001
5260.0	1.0	3.820816	75.946054	54.810114	3.674981	0.685134	0.14003	0.961608	0.910634	36.800813	4.0	49.493128999999996	8.78485	5.0	0.052576	3.830737	4.0	16.327701	1.3928180000000001	6.0	81.47328900000001	26.606627000000003	4.0	90.88526999999999	69.67965	3.0	0.060839	3.7440379999999998	1.0	76.29032099999999	2.821226	4.0	94.007561
5292.0	1.0	18.353908999999998	16.399169	77.23579000000001	5.712716	0.376082	0.282023	0.828873	0.7755810000000001	68.585844	6.0	21.805814	37.176237	2.0	0.01097	2.074262	1.0	82.888278	5.098798	1.0	90.31669699999999	28.631890000000002	3.0	72.466837	50.146304	1.0	0.013694999999999999	3.417135	6.0	18.907974	5.72762	3.0	86.196007
5353.0	1.0	58.614113	6.818678	22.957659	34.075114	0.43576800000000004	0.43954	0.785589	0.817673	59.664878	5.0	35.707603000000006	12.913986	4.0	0.995492	5.577316000000001	4.0	7.060656	3.760499	6.0	26.532738000000002	37.851411999999996	6.0	57.753651	6.2862540000000005	4.0	0.0141	3.081362	3.0	44.949065999999995	5.1133440000000006	2.0	80.392105
5359.0	1.0	5.977837999999999	16.231606	17.702278	13.363923000000002	0.750351	0.923717	0.759653	0.943198	75.617714	1.0	44.66194	34.060173	1.0	0.022779	3.8477059999999996	5.0	95.25013299999999	0.9089719999999999	2.0	90.952168	55.838077	3.0	21.26026	72.419464	5.0	0.027275	3.661193	5.0	53.141763	5.278477	4.0	23.014158
5372.0	1.0	19.423919	19.77189	17.186598	5.784786	0.396011	0.815919	0.51084	0.29739	50.337007	1.0	54.6069	11.527922	1.0	0.087289	3.3058970000000003	4.0	2.071319	4.833831	1.0	54.499399	60.083078	2.0	36.466875	30.988288	1.0	0.012681	1.059865	1.0	63.897816000000006	1.263563	3.0	5.611598000000001
5406.0	1.0	71.77757	5.40793	22.967121	3.2339439999999997	0.6718689999999999	0.665342	0.7315229999999999	0.44790699999999994	14.263110000000001	1.0	5.725855	28.310798	5.0	0.013597	1.353877	3.0	45.710753000000004	0.498329	2.0	88.768997	33.102814	2.0	24.494384	60.262754	3.0	0.010495	2.8493150000000003	5.0	3.191121	0.458337	5.0	31.261523999999998
5650.0	1.0	63.308301	23.908553	10.405971000000001	2.8020560000000003	0.885601	0.966882	0.650301	0.9907969999999999	63.542434	5.0	71.45130400000001	15.537867000000002	1.0	0.012485	4.408709	6.0	82.3388	0.551452	4.0	80.19203399999999	34.785259	1.0	41.580886	14.159151000000001	6.0	0.010143000000000001	5.315975	5.0	63.606688	4.972908	5.0	81.89205799999999
5796.0	1.0	40.058541	5.396026999999999	7.017860000000001	44.869908	0.37706999999999996	0.684657	0.851901	0.8891540000000001	57.037884	3.0	69.921973	14.635825	6.0	0.0276	1.2456209999999999	2.0	70.718231	3.307356	3.0	17.907788	9.057719	4.0	30.753718	36.283707	6.0	0.013385	5.1790389999999995	2.0	53.615353000000006	3.8767300000000002	3.0	77.92753
5853.0	1.0	2.904211	7.023924000000001	54.577464	26.484524	0.548784	0.45056499999999994	0.967866	0.963245	2.483852	6.0	67.121358	23.850544	5.0	0.018179	4.466255	3.0	54.388498	0.307232	2.0	96.55334	67.952079	2.0	88.830873	69.79177800000001	6.0	0.029854000000000002	4.7842400000000005	3.0	38.96792	5.702642	2.0	87.188401
5883.0	1.0	7.451650999999999	6.643306	1.40019	31.860721999999996	0.9056290000000001	0.7625810000000001	0.981641	0.48837200000000003	66.818348	1.0	78.54475	46.186904	5.0	0.016078	3.061999	5.0	22.291936	0.7085819999999999	1.0	78.29899300000001	5.522871	4.0	52.427445	70.469921	3.0	0.012719	1.385453	1.0	39.461803	4.165728	5.0	87.255023
5939.0	1.0	19.667641	39.373992	9.226874	46.436218	0.438173	0.17994300000000002	0.9595799999999999	0.743138	67.640599	6.0	37.427276	2.31317	3.0	0.024089	5.929629	6.0	85.079672	3.6475720000000003	5.0	53.297641000000006	49.826519	3.0	37.658927	3.3612040000000003	3.0	0.134151	1.630318	2.0	33.159861	5.641653	5.0	11.709635
6137.0	1.0	21.562610999999997	66.421529	20.05428	42.516135999999996	0.793304	0.9972200000000001	0.459142	0.890134	74.864195	5.0	17.22385	10.486157	6.0	0.016533000000000003	4.233926	4.0	9.740688	5.879335	6.0	13.773157999999999	63.402955000000006	6.0	88.977212	9.886697999999999	4.0	0.038724	5.357628	3.0	25.92926	4.123972	6.0	11.645899
6161.0	1.0	4.605679	40.614233	45.336087	4.7977419999999995	0.795635	0.551701	0.7170300000000001	0.534291	25.458984	5.0	99.373553	50.826194	3.0	0.195891	4.193437	6.0	54.478989	5.197668	2.0	67.75959	69.135317	6.0	97.96425699999999	55.61299	5.0	0.039063	3.495456	5.0	15.316626000000001	1.888875	1.0	41.77624
6204.0	1.0	1.090159	32.640291	64.903755	11.90823	0.45555200000000007	0.24948800000000002	0.67137	0.791492	49.388498999999996	3.0	88.86348100000001	30.990488	4.0	0.011245999999999999	4.677388	5.0	69.885114	4.337578	6.0	83.98483	74.61677399999999	2.0	72.21360200000001	31.556967999999998	3.0	0.020714	3.123586	6.0	12.742461	4.549158	4.0	74.38615899999999
6258.0	1.0	65.76021800000001	3.201237	10.037563	4.08779	0.916499	0.602142	0.9589120000000001	0.8758610000000001	62.791363	2.0	70.168133	26.378078000000002	4.0	0.011373000000000001	3.466121	2.0	48.984939000000004	1.719839	3.0	60.579722	35.13445	1.0	33.352092999999996	42.781822999999996	2.0	0.018754	0.350853	4.0	88.872284	1.140569	5.0	78.33636800000001
6358.0	1.0	54.544596999999996	1.494813	5.7359599999999995	4.8684330000000005	0.319562	0.594336	0.404404	0.45146499999999995	31.148241	3.0	44.789308	52.408772	3.0	0.010459999999999999	2.458575	5.0	11.308762	3.6534199999999997	3.0	16.462056	49.229302000000004	5.0	41.758455	58.53748100000001	5.0	0.010317	2.089352	5.0	33.048843	3.979708	1.0	73.888921
6369.0	1.0	11.864823	12.739486999999999	3.932789	14.043407	0.958852	0.582521	0.847331	0.8409639999999999	36.994433	5.0	63.093298	14.622314000000001	6.0	0.046488999999999996	2.901657	4.0	11.851992999999998	0.255031	1.0	84.968537	30.825644	3.0	26.085917000000002	20.366963000000002	4.0	0.012514	4.199421	6.0	12.904710000000001	5.644188	3.0	81.622858
6423.0	1.0	1.492896	38.339982	5.823359	28.096175	0.597696	0.20209000000000002	0.762444	0.560347	55.991921	5.0	43.136841	58.29145	3.0	0.027041000000000003	1.874952	6.0	5.420292	0.7801060000000001	5.0	37.820091	10.751244999999999	6.0	23.310674	8.57785	5.0	0.011715999999999999	2.850221	6.0	37.342595	5.0258959999999995	2.0	29.430782
6457.0	1.0	16.95291	10.600693	76.281896	2.3215529999999998	0.857043	0.8414	0.5544680000000001	0.196633	46.195505	5.0	12.18374	17.954746	6.0	0.010148	0.914009	2.0	38.079058	4.1964	5.0	81.53349	70.37520699999999	2.0	36.991118	33.209078999999996	5.0	0.09199700000000001	5.104702	1.0	36.989302	4.645268	6.0	24.86648
6528.0	1.0	1.722741	33.05721	3.9508699999999997	33.808718	0.811179	0.40434200000000003	0.840923	0.9844950000000001	52.083246	6.0	73.124371	18.594271	6.0	0.011032	1.910606	1.0	90.10690699999999	3.195052	3.0	46.249499	58.86678199999999	3.0	32.196999	58.416433999999995	5.0	0.012342	5.507773	6.0	84.526002	0.989224	6.0	2.465866
6530.0	1.0	46.673015	11.352383	66.741501	5.614115	0.926441	0.579814	0.9836940000000001	0.6837840000000001	50.149423999999996	3.0	9.659317	74.117106	1.0	0.010342	5.461673	5.0	78.40799100000001	4.212581	1.0	66.501769	25.655689000000002	5.0	38.470178999999995	19.203352	4.0	0.014182	1.555679	5.0	39.535086	5.315498000000001	3.0	10.96702
6623.0	1.0	38.046496999999995	10.329519	28.789726	11.013943	0.462208	0.914256	0.967669	0.22941999999999999	71.527697	3.0	36.479471999999994	2.65936	4.0	0.021391	5.051387999999999	3.0	97.54643399999999	5.935344000000001	5.0	25.008770000000002	61.623543000000005	4.0	29.90605	24.493087	3.0	0.012317	1.269558	3.0	17.621344	3.528145	2.0	19.586839
6631.0	1.0	2.27176	26.630371000000004	22.857244	1.143217	0.804937	0.177178	0.518938	0.221955	3.2970660000000005	2.0	49.805993	42.460876	6.0	0.014531	1.8375970000000001	2.0	71.488834	2.187272	6.0	60.080625	69.94252	4.0	54.820227	65.711327	3.0	0.027452999999999998	5.842243	4.0	10.712311	5.316542	6.0	65.495515
6639.0	1.0	67.18712099999999	13.205179999999999	79.164342	29.638697999999998	0.63869	0.727448	0.797682	0.8300879999999999	59.594545	5.0	69.634694	65.63616800000001	5.0	0.034575	2.466951	6.0	35.140026	1.561687	1.0	98.240202	54.542131999999995	5.0	28.673313	1.488057	1.0	0.028239999999999998	4.667930999999999	2.0	91.31504	3.7102019999999998	1.0	81.84412900000001
6744.0	1.0	7.3643149999999995	23.301986	1.1021370000000001	1.448288	0.31749499999999997	0.364218	0.546994	0.9483290000000001	51.606977	6.0	84.611874	42.589754	4.0	0.059696000000000006	5.1913540000000005	2.0	80.694562	4.793464	2.0	31.708242	57.939785	2.0	72.690478	49.814595000000004	6.0	0.038361	3.1243540000000003	4.0	32.803381	3.271132	5.0	47.194097
6806.0	1.0	1.684086	93.18790200000001	90.335942	9.02175	0.48432	0.547525	0.775291	0.713094	67.756585	4.0	96.192107	30.269810999999997	5.0	0.022683000000000002	3.619154	2.0	53.755933	0.242128	3.0	75.088163	63.889129000000004	4.0	78.23197900000001	8.609288000000001	3.0	0.025285	4.98182	2.0	46.542094	0.231336	6.0	13.124011999999999
6927.0	1.0	24.637757999999998	43.355694	47.72811	13.782710999999999	0.30392399999999997	0.9589979999999999	0.893333	0.747548	55.98064599999999	5.0	42.54717	40.277889	3.0	0.18164	4.411302	2.0	86.234247	5.882283999999999	2.0	15.115178	64.155039	4.0	64.564707	11.702826	2.0	0.010295	1.07571	3.0	73.074914	1.060135	3.0	84.792156
6974.0	1.0	5.145999	19.980848	20.029357	1.096279	0.43572700000000003	0.8895860000000001	0.543654	0.185918	43.83873	3.0	45.951943	16.779416	2.0	0.010923	3.992022	2.0	10.863717	4.064072	4.0	29.692655	71.724564	5.0	75.543785	62.694276	2.0	0.013191	2.77978	3.0	88.071639	2.782909	6.0	93.630624
6976.0	1.0	9.011114	12.513557	4.616909	94.37826700000001	0.617156	0.459426	0.837009	0.9904569999999999	65.69197700000001	2.0	27.279884000000003	61.294258	6.0	0.019312	2.433716	2.0	30.623809	5.761116	3.0	96.384182	67.384953	6.0	54.115965	17.514597	2.0	0.014919	2.449441	6.0	54.499826	5.076504	3.0	86.743473
6977.0	1.0	3.1197	72.782787	41.137109	9.048394	0.980441	0.733002	0.7303029999999999	0.811246	30.453731	3.0	51.336687	71.277603	3.0	0.012236	4.548012	2.0	40.648522	5.635619	5.0	47.080593	67.018621	3.0	63.992286	66.628065	5.0	0.012084000000000001	4.698155	4.0	54.567386	3.356001	3.0	56.610791000000006
7001.0	1.0	24.248846	1.7464560000000002	47.674118	2.517716	0.7878069999999999	0.111325	0.565074	0.862187	73.822682	6.0	31.439265999999996	34.031881	3.0	0.01157	1.972916	6.0	93.853468	4.180729	5.0	46.317675	15.19006	3.0	94.213351	23.855216	6.0	0.015058000000000002	3.7266550000000005	6.0	90.744949	0.42928900000000003	5.0	92.502413
7031.0	1.0	9.372378999999999	5.735345	88.580174	4.5584050000000005	0.701174	0.806645	0.39621799999999996	0.811032	8.181780999999999	4.0	27.895767	67.286792	2.0	0.016725999999999998	2.117075	2.0	61.858466	2.343768	2.0	49.355598	59.882424	6.0	83.59701700000001	35.458529	6.0	0.021065	1.948007	3.0	50.150475	5.119832	6.0	92.404273
7137.0	1.0	10.190318	26.852978999999998	52.739578	7.598002	0.433647	0.7201609999999999	0.41543	0.8647030000000001	52.032903999999995	2.0	16.403702	13.228817999999999	1.0	0.010411	4.607275	3.0	79.59625799999999	4.447998	3.0	34.515347	51.656465999999995	6.0	64.064379	66.114322	5.0	0.013751	2.4198419999999996	4.0	80.104848	0.187565	2.0	67.95244
7152.0	1.0	13.482906	2.597172	10.136773	28.017241	0.539853	0.283518	0.9880709999999999	0.883084	76.55345200000001	5.0	31.049646999999997	30.886476000000002	6.0	0.020774	0.377367	1.0	89.530571	1.055936	1.0	7.871714999999999	67.67231	2.0	16.663406	77.259664	1.0	0.013404	1.1444590000000001	3.0	62.045799	2.608772	1.0	48.075086
7175.0	1.0	3.49537	40.687129999999996	68.638245	2.129306	0.252249	0.999742	0.31705900000000004	0.906682	37.332968	5.0	93.21736800000001	16.145441	2.0	0.093567	5.118391	3.0	36.841419	0.481584	6.0	46.77939	74.60561899999999	6.0	56.045199	11.386266	4.0	0.140203	4.536698	2.0	71.379526	1.900423	3.0	17.586191
7176.0	1.0	30.974776000000002	3.23303	5.234536	14.555043	0.961782	0.382154	0.6744060000000001	0.430904	75.812021	5.0	59.511891000000006	55.332114000000004	5.0	0.061121	0.744566	4.0	41.482735999999996	1.4631379999999998	6.0	99.619659	54.526509	4.0	74.805575	47.017176	5.0	0.011779000000000001	3.1096619999999997	6.0	48.535016	0.153969	1.0	64.220214
7180.0	1.0	83.442427	2.0217169999999998	27.907535	7.092964	0.41180200000000006	0.421095	0.830498	0.975856	70.84731500000001	2.0	79.416612	11.348771000000001	3.0	0.012941	5.628297	1.0	61.168092	3.8794760000000004	3.0	22.535013	43.0514	2.0	90.317105	63.5314	2.0	0.118852	2.988842	3.0	41.488292	3.619935	6.0	55.195368
7193.0	1.0	55.152015000000006	2.1696150000000003	10.177964	3.280536	0.8612639999999999	0.562772	0.45446400000000003	0.936801	68.265128	2.0	50.414389	1.51386	4.0	0.010298	5.311823	1.0	42.987017	5.31588	4.0	39.51001	73.527919	6.0	67.684264	46.644673	6.0	0.17235999999999999	3.054482	4.0	40.728023	4.381615	6.0	2.879284
7201.0	1.0	57.951539000000004	13.160321	54.044536	39.082852	0.689457	0.578818	0.764722	0.923415	75.635183	5.0	78.689537	4.225726	1.0	0.010135	5.900389	2.0	30.792713	4.6092900000000006	6.0	60.002368000000004	50.002031	6.0	65.54673000000001	58.875457	5.0	0.025181	5.837553	4.0	79.962705	5.196832	2.0	7.515353999999999
7221.0	1.0	69.158446	9.111557000000001	3.873987	20.917264000000003	0.25466500000000003	0.839485	0.372288	0.6259100000000001	40.826409999999996	6.0	70.116625	45.683797999999996	1.0	0.48568999999999996	5.316841999999999	6.0	93.939472	2.278254	5.0	40.89278	57.674266	4.0	76.052278	52.335149	3.0	0.016952000000000002	4.6939779999999995	3.0	12.087862	1.204004	6.0	49.732353
7245.0	1.0	5.9459290000000005	87.75536	7.535613000000001	75.94239	0.835461	0.21342600000000003	0.9651709999999999	0.8847950000000001	62.52494300000001	3.0	42.560192	45.842556	2.0	0.016078	3.587819	1.0	78.32686	5.86409	6.0	21.8146	70.782483	5.0	27.247445000000003	75.187023	5.0	0.028072000000000003	1.835377	6.0	67.902827	4.47914	5.0	34.616632
7408.0	1.0	6.687581	61.036611	47.551062	5.685032	0.642887	0.638025	0.383077	0.638629	15.745356	5.0	60.700001	7.489152000000001	3.0	0.02536	5.503909999999999	1.0	51.503976	6.196354	5.0	57.721546999999994	40.337355	3.0	68.88269100000001	28.035940000000004	3.0	0.014072999999999999	2.8471	3.0	46.874231	4.138429	4.0	91.373455
7434.0	1.0	59.696402	7.389334	28.044420000000002	12.013378	0.5777760000000001	0.280907	0.789309	0.455549	67.895067	3.0	40.181208000000005	19.21107	3.0	0.014862	4.846819	6.0	85.794413	6.251079	5.0	10.719391	34.911711	6.0	64.699291	7.843475	3.0	0.016272	4.732653	1.0	12.458516	1.76006	5.0	38.028736
7499.0	1.0	62.531408	5.636302	24.313885	21.965254	0.9469629999999999	0.800675	0.540568	0.672452	39.442648999999996	1.0	11.759644999999999	18.000645000000002	3.0	0.023785	0.27581700000000003	2.0	76.594785	2.272308	4.0	59.761486	53.684976	6.0	28.145590999999996	38.591132	4.0	0.012956	5.1223730000000005	1.0	57.62988000000001	1.284885	6.0	56.691686
7557.0	1.0	3.8127269999999998	55.202054000000004	3.110614	74.184524	0.192661	0.404312	0.8836149999999999	0.256457	39.826832	4.0	54.04995	3.5132800000000004	4.0	0.010487999999999999	1.875125	2.0	52.231214	1.213866	5.0	68.168627	44.271983	4.0	97.01096899999999	77.622217	3.0	0.011348	3.222655	6.0	50.179190000000006	4.611619999999999	5.0	9.911294
7573.0	1.0	86.794409	5.433924	37.999759000000005	11.518699	0.351684	0.564012	0.43402299999999994	0.671711	67.05425699999999	4.0	52.65879399999999	55.91529	6.0	0.013304	3.947493	5.0	76.426296	5.823073	1.0	68.174607	35.087173	4.0	51.475235999999995	10.388956	1.0	0.0639	4.3748830000000005	3.0	65.876447	2.745589	1.0	79.617499
7581.0	1.0	19.335527	12.689373	2.683516	33.208888	0.287545	0.620232	0.807088	0.1306	24.438488	5.0	36.187545	8.733189999999999	2.0	0.010072	4.377855	1.0	56.931616000000005	5.3586339999999995	4.0	64.72880699999999	15.750601000000001	3.0	96.992349	56.815931000000006	5.0	0.011927	4.548712999999999	5.0	55.766754000000006	0.559822	6.0	66.07494799999999
7619.0	1.0	9.099148	34.73426	10.811411999999999	76.015562	0.10362	0.162163	0.851051	0.7271920000000001	69.317077	2.0	7.670501	2.8911689999999997	5.0	0.017759999999999998	1.798973	1.0	63.235558999999995	4.517901999999999	6.0	67.995271	49.12792	3.0	28.121518	2.659398	5.0	0.229325	5.663257	1.0	50.652806	5.788278	2.0	13.587339000000002
7623.0	1.0	22.943501	32.557501	12.216409	5.253971	0.781836	0.68197	0.396771	0.517301	69.597909	6.0	99.72859100000001	47.027609999999996	3.0	0.014266999999999998	2.37036	2.0	58.04684	2.698718	1.0	20.491266	30.506706	4.0	53.142379000000005	34.427451	6.0	0.013375999999999999	2.185838	3.0	56.259776	1.236038	3.0	76.344477
7700.0	1.0	9.720111	50.954676	1.063803	70.161218	0.886951	0.613024	0.18368099999999998	0.251723	65.99091800000001	4.0	16.931504999999998	3.907806	3.0	0.038107999999999996	4.180973000000001	5.0	33.602513	3.006642	4.0	24.937078	7.386741000000001	6.0	15.806551999999998	53.466009	4.0	0.017772	5.810487999999999	1.0	64.524286	3.250962	6.0	21.487447
7706.0	1.0	37.577461	3.544894	6.938356	26.045633	0.8540280000000001	0.9955450000000001	0.179642	0.7859649999999999	69.394018	3.0	64.177304	62.827723999999996	6.0	0.011141	5.552313	3.0	93.930927	2.583185	6.0	49.988785	64.04938	6.0	49.42502	61.909803000000004	1.0	0.021143000000000002	3.3293190000000004	2.0	34.281347	1.515039	5.0	12.467438000000001
7834.0	1.0	13.145222	5.023756	4.395747	25.928386	0.647552	0.792715	0.39687100000000003	0.625727	8.73033	4.0	89.936894	66.584553	2.0	0.012239	2.731928	3.0	72.845815	1.944708	3.0	69.81486	63.747372999999996	4.0	12.298223	12.51946	4.0	0.032339	1.900096	3.0	19.176172	3.654007	5.0	47.883957
7909.0	1.0	9.804861	52.183584	2.037545	36.745709000000005	0.752499	0.79402	0.190195	0.844017	34.819095000000004	1.0	46.18703	24.407992999999998	5.0	0.011686	5.9692739999999995	2.0	50.269785999999996	0.981217	3.0	69.485804	74.20494000000001	1.0	33.686986	21.916281	6.0	0.026733999999999997	4.051158999999999	1.0	39.4823	4.671286	1.0	17.854942
7910.0	1.0	4.081117	4.279033999999999	52.89374300000001	5.964289	0.166044	0.23596599999999998	0.805191	0.681088	39.18979	4.0	74.055363	58.609067	4.0	0.084301	3.497585	1.0	38.422925	5.479623	5.0	9.686318	64.07563	4.0	76.989378	7.674703999999999	3.0	0.010395	4.377217	6.0	58.607923	3.1330270000000002	5.0	2.818114
7917.0	1.0	18.138197	37.26262	9.578294	17.863677	0.396973	0.9927969999999999	0.533311	0.9339059999999999	59.206520999999995	5.0	79.203299	5.339787	2.0	0.056826999999999996	2.4233740000000004	5.0	69.732428	2.289412	6.0	28.295153000000003	45.337284999999994	3.0	38.912603000000004	44.478481	1.0	0.080318	2.855941	3.0	93.232501	0.13651	4.0	25.948973000000002
7924.0	1.0	86.61654399999999	1.894436	80.040258	3.332841	0.935161	0.344619	0.7683	0.37504	4.862279	3.0	22.789057	0.996358	3.0	0.036012999999999996	1.9791450000000002	1.0	8.625853999999999	2.969689	2.0	84.63544499999999	56.422258	3.0	69.581863	70.129614	6.0	0.011445	4.045587	3.0	80.952031	4.269747	6.0	51.234093
7927.0	1.0	7.510350999999999	50.335108	58.031175	2.564507	0.772329	0.912178	0.7374350000000001	0.913962	49.820075	5.0	69.953186	2.263664	6.0	0.11568099999999999	2.318191	6.0	56.889388000000004	1.726759	1.0	14.171428	27.871199	2.0	43.220236	18.189287	3.0	0.019028	4.298058	4.0	90.658822	0.927233	6.0	69.823398
7948.0	1.0	23.716482	18.745575	2.347766	12.211889	0.17235799999999998	0.9108120000000001	0.698172	0.939149	35.28947	5.0	48.944185	61.31740500000001	3.0	0.011703	5.820463	4.0	35.229296999999995	5.970959	1.0	36.619597	70.19821400000001	6.0	90.086745	11.789530000000001	4.0	0.056562	0.115753	5.0	49.180178000000005	1.671399	4.0	92.187065
7961.0	1.0	2.581825	19.633966	14.890887	4.20939	0.951738	0.38516	0.375556	0.49736499999999995	18.606066000000002	3.0	61.099314	31.039151	1.0	0.013675	1.167133	5.0	75.386364	3.134687	5.0	59.501121999999995	54.630173	3.0	25.993398000000003	10.284821	6.0	0.018541	0.9608540000000001	5.0	1.812095	2.937665	2.0	33.186875
8053.0	1.0	29.067517	32.576895	3.942036	55.00003100000001	0.911258	0.852875	0.381	0.9758319999999999	74.49691800000001	2.0	38.053042	49.732341999999996	4.0	0.055302	5.859966	6.0	99.753963	1.8151259999999998	6.0	2.400014	17.378026000000002	1.0	64.817138	22.836792000000003	2.0	0.348602	3.341568	3.0	87.892563	1.108286	1.0	83.166437
8118.0	1.0	3.809903	21.126947	8.890261	71.362941	0.924048	0.32258000000000003	0.928182	0.678125	77.45944300000001	1.0	6.5000480000000005	58.530812	3.0	0.019042	2.454056	5.0	31.799919	1.88883	5.0	70.010876	30.009581	4.0	52.762163	53.281921	4.0	0.142027	5.7442470000000005	4.0	21.791786	1.8478919999999999	3.0	33.147209000000004
8346.0	1.0	2.272681	87.225981	2.8844060000000002	57.542758	0.408405	0.849217	0.937141	0.731679	28.174012	4.0	31.208006	9.303758	4.0	0.022647999999999998	4.655962000000001	1.0	47.636843	2.247016	2.0	40.77429	23.444534	3.0	50.058569	69.19805	5.0	0.011415	2.451373	1.0	91.31704599999999	4.9169339999999995	6.0	28.52807
8430.0	1.0	8.982973	93.823842	1.200542	78.00522099999999	0.168988	0.723162	0.837675	0.989283	63.265809	4.0	71.82279100000001	5.573402	5.0	0.015790000000000002	4.265141000000001	4.0	34.887867	2.323492	5.0	75.767557	27.635877	5.0	36.651151	74.143854	5.0	0.01798	3.9060699999999997	5.0	34.212167	3.314618	2.0	3.257388
8447.0	1.0	63.803313	31.331630999999998	48.274982	2.909394	0.969059	0.67796	0.818441	0.69867	73.59321800000001	6.0	12.168313000000001	54.704652	6.0	0.129727	3.5017089999999995	1.0	29.904018	4.034098999999999	4.0	28.355052	45.761069	3.0	73.63691899999999	47.555733000000004	5.0	0.012341	0.948775	5.0	89.71589300000001	3.3866980000000004	3.0	19.731069
8621.0	1.0	4.560822	29.250279	33.368776000000004	6.041229	0.769728	0.170825	0.213464	0.9149940000000001	75.928696	6.0	28.632396999999997	50.80984	3.0	0.5088199999999999	2.4749209999999997	1.0	52.004383000000004	3.275559	4.0	51.037535	45.800211	5.0	92.582027	7.677957000000001	3.0	0.035599	3.3783199999999995	4.0	18.057102	2.7900139999999998	5.0	31.86164
8663.0	1.0	18.779414000000003	16.255916	4.337393	8.776848	0.531764	0.592396	0.8322930000000001	0.951417	60.932182999999995	3.0	57.105943999999994	11.439328	3.0	0.04805	2.818058	2.0	51.147183	3.8773410000000004	5.0	62.967307	38.898148	6.0	32.604758000000004	9.515976	2.0	0.035881	0.746654	4.0	2.580314	3.230118	3.0	50.090121
8795.0	1.0	2.4688779999999997	70.769348	3.3832160000000004	91.714393	0.72444	0.722827	0.650103	0.489029	54.16386800000001	2.0	93.582358	69.338153	6.0	0.039857	5.178627	5.0	39.327943	3.939712	3.0	98.3986	54.834619999999994	2.0	30.402977000000003	69.129829	4.0	0.010976	5.089944	6.0	33.528731	5.620778	6.0	10.580953
8816.0	1.0	16.616478	13.81625	51.747246000000004	3.9337190000000004	0.9992139999999999	0.577749	0.9583079999999999	0.114408	46.14703	4.0	38.200292	23.151416	5.0	0.011209	3.721753	4.0	51.619535	5.679604	1.0	23.043045000000003	48.846817	4.0	96.59361899999999	45.227496	1.0	0.020141	0.161427	4.0	21.096211	5.844071	5.0	94.09446899999999
9093.0	1.0	1.596495	80.298867	90.460669	5.942609	0.9372510000000001	0.530705	0.499461	0.854864	24.884579000000002	4.0	97.446454	31.919165999999997	4.0	0.011399	2.242132	5.0	24.995960999999998	0.8160810000000001	1.0	25.784124	51.872221	6.0	48.301887	50.690785999999996	6.0	0.058069	4.985746	6.0	66.899939	5.247288	6.0	25.445716
9163.0	1.0	39.302665999999995	24.171917	4.045619	91.84172099999999	0.854773	0.33216	0.772179	0.850966	48.467560999999996	3.0	27.639713	1.029236	3.0	0.036981	4.9182559999999995	4.0	69.28720600000001	5.376607	5.0	72.595897	22.488139999999998	5.0	90.12989499999999	30.646371000000002	3.0	0.010034	2.952117	3.0	21.842265	0.33583	3.0	31.951990999999996
9393.0	1.0	2.814135	81.198349	81.68621999999999	4.6771769999999995	0.9903620000000001	0.8279290000000001	0.8859670000000001	0.990115	41.574751	2.0	5.195469999999999	59.540093999999996	5.0	0.035003	2.4753830000000003	4.0	9.989772	5.982988	2.0	13.744596	24.595685	5.0	35.451299	8.386596	2.0	0.20704899999999998	2.4218330000000003	2.0	69.132908	2.156521	1.0	32.345083
9407.0	1.0	2.100775	45.494882000000004	33.312748	3.573904	0.829867	0.908465	0.619398	0.146151	65.012755	5.0	69.699462	29.712359999999997	2.0	0.039488	1.851534	2.0	74.36319499999999	0.724486	4.0	42.870052	64.382712	6.0	92.33055	61.293868	1.0	0.025842	2.8872560000000003	1.0	30.859144	5.722703	3.0	62.712188
9492.0	1.0	23.296298	60.481761999999996	1.210367	99.663526	0.443003	0.33664299999999997	0.512269	0.221952	36.753623	5.0	86.652665	9.71521	2.0	0.011589	2.626395	5.0	52.445542	4.064176	5.0	40.078936	56.313873	2.0	7.362572999999999	74.361311	4.0	0.030043	2.04148	6.0	6.760314	5.572093	2.0	3.882631
9647.0	1.0	17.877109	11.223603	5.472497	8.165927	0.13818	0.584472	0.15762400000000001	0.36141	63.837821	3.0	22.926238	31.223823	4.0	0.011534	2.653665	1.0	86.53035200000001	5.605901	4.0	55.062762	33.557687	6.0	28.26434	50.135172	5.0	0.059016	2.2960439999999998	4.0	7.53445	4.381975	4.0	15.878542999999999
9700.0	1.0	33.62962	97.71415999999999	78.33280500000001	60.223713000000004	0.562053	0.10268699999999999	0.703955	0.257824	68.133003	1.0	10.643732	2.635727	6.0	0.013188	3.94616	6.0	29.769920000000003	1.746414	2.0	47.375758000000005	44.278127000000005	5.0	93.007499	8.426406	6.0	0.01654	5.368289	5.0	52.92	2.604899	5.0	41.993853
9710.0	1.0	3.726846	7.117953	66.648288	20.745824	0.151703	0.8370219999999999	0.6915399999999999	0.724739	67.218554	1.0	82.671628	1.570107	2.0	0.012477	3.18565	6.0	29.357218	1.7787650000000002	6.0	89.81728000000001	47.310333	5.0	27.935895000000002	59.62531800000001	1.0	0.019542	4.74064	1.0	56.105706000000005	5.312925	4.0	71.188185
9830.0	1.0	1.064711	49.320869	9.889053	19.927836	0.703657	0.138345	0.46906400000000004	0.40114	2.0270799999999998	5.0	28.316481	8.644696000000001	1.0	0.060786	1.669556	5.0	98.431195	2.946725	1.0	70.190634	60.499849	6.0	44.626811	29.727368	4.0	0.055894000000000006	1.248338	2.0	65.219595	5.114914	2.0	48.724705
9888.0	1.0	12.230861	57.673264	35.374738	21.964647	0.8242309999999999	0.515774	0.383954	0.9029459999999999	55.731967000000004	3.0	81.83279	53.397572	4.0	0.044754	5.4814680000000005	2.0	52.493329	5.086461	3.0	71.534288	62.812463	4.0	84.467413	59.996356000000006	3.0	0.010545	0.206326	1.0	4.140733999999999	4.333891	3.0	76.31917800000001
9900.0	1.0	82.866389	43.718693	7.645141000000001	94.566538	0.757123	0.933009	0.948902	0.790802	75.029448	5.0	71.85932199999999	68.81813000000001	1.0	0.024044	1.9688990000000002	5.0	60.157709999999994	4.211133	2.0	50.657128	51.638641	1.0	68.269328	14.170987	1.0	0.012950999999999999	4.561256	2.0	8.497662	4.586603	6.0	95.014395
9969.0	1.0	6.365124	12.970564	15.1509	18.732114000000003	0.9183600000000001	0.825617	0.448639	0.715425	54.989487	2.0	54.242879	30.18395	3.0	0.02547	4.264889	5.0	32.39604	1.2155049999999998	6.0	10.032287	74.27658000000001	3.0	51.45817	44.397374	6.0	0.016222	1.68545	3.0	43.803646	2.097697	4.0	5.260634
9979.0	1.0	78.482857	25.533749	20.853134	11.116563000000001	0.701697	0.760783	0.933673	0.650482	67.67403900000001	6.0	58.311192000000005	68.27425500000001	3.0	0.016411000000000002	2.4995830000000003	6.0	41.402155	0.598583	5.0	51.283035999999996	20.284164	6.0	43.919639000000004	20.605488	5.0	0.019413	4.799462	4.0	29.634959000000002	0.303727	5.0	74.649777
306.0	1.0	60.174647	12.678803	77.259109	6.395266	0.344928	0.8276540000000001	0.377076	0.39005700000000004	41.398967	1.0	1.799496	52.136026	3.0	0.061458000000000006	3.0631720000000002	6.0	61.683738	0.99965	4.0	48.539656	31.162753000000002	4.0	86.347453	17.093784	3.0	0.019435	1.6257110000000001	5.0	80.378127	3.661725	3.0	90.715814
340.0	1.0	22.274618	4.665386	86.683758	2.715429	0.915917	0.555346	0.438692	0.9914959999999999	22.72786	5.0	75.140351	21.823873000000003	3.0	0.019004	5.632406	4.0	93.676474	1.6726740000000002	2.0	37.438041999999996	29.192614000000003	6.0	45.603845	49.007708	2.0	0.063184	4.663288	2.0	15.005821	4.155582	2.0	29.603305
440.0	1.0	10.418351	13.440064999999999	78.254793	20.23463	0.815388	0.337495	0.659667	0.984074	59.64685600000001	3.0	23.494833	59.192570999999994	1.0	0.020901	0.549904	3.0	42.795241	2.69968	4.0	47.369527000000005	48.510677	5.0	33.492754	65.91981700000001	4.0	0.014641	5.405314	6.0	49.346874	5.184119	6.0	55.682552
534.0	1.0	18.679417	11.185475	2.958968	36.37792	0.524726	0.751047	0.999232	0.9659709999999999	60.014607	2.0	10.650046000000001	46.095138	4.0	0.012534	0.68079	1.0	38.51423	3.854855	3.0	79.142152	24.846754999999998	5.0	38.570946	7.342131	2.0	0.010542000000000001	3.3168370000000005	1.0	65.364589	2.854698	4.0	57.466974
698.0	1.0	53.859229000000006	28.580046999999997	35.205998	91.496939	0.8255899999999999	0.12520799999999999	0.8672110000000001	0.8564780000000001	22.798895	1.0	63.544368000000006	24.283783	2.0	0.014953	4.501233	2.0	52.442181000000005	4.61191	3.0	87.36080600000001	62.410698	4.0	2.295204	0.909149	4.0	0.050499	0.809537	1.0	88.777152	0.164902	4.0	89.258778
742.0	1.0	4.687022	1.205003	9.062478	48.445291	0.514202	0.24045	0.961074	0.9250079999999999	42.811309	4.0	66.953705	30.137626	3.0	0.04421	0.974117	6.0	5.621096	5.241899	5.0	96.238596	74.55396	2.0	92.267597	23.866961	5.0	0.025833	4.66596	4.0	47.641519	3.131305	1.0	59.433563
916.0	1.0	82.052594	8.418448	17.39752	48.011515	0.13660899999999998	0.785092	0.839802	0.969756	64.043959	4.0	12.248825	7.9607220000000005	2.0	0.025268000000000002	0.739279	5.0	88.52604000000001	5.772655	2.0	21.864545	47.671963	3.0	89.8377	59.703563	1.0	0.025058	3.562641	4.0	97.837835	4.994473999999999	3.0	14.358334
1058.0	1.0	4.34358	80.406888	88.747857	35.779251	0.37964899999999996	0.865383	0.872748	0.8531059999999999	76.558095	5.0	76.75044399999999	26.962835	4.0	0.014755	3.991627	5.0	31.559310999999997	6.234053	3.0	35.461495	64.45722099999999	6.0	52.73889499999999	25.343877	1.0	0.011373999999999999	3.11278	1.0	57.80068299999999	5.227391000000001	5.0	36.106861
1091.0	1.0	4.602904	48.366127	3.2850599999999996	35.636369	0.976618	0.201486	0.558756	0.636007	76.21001700000001	6.0	7.888425	74.653768	2.0	0.019790000000000002	3.344188	3.0	24.145004999999998	5.7256860000000005	4.0	30.708779999999997	48.561723	4.0	68.806904	26.275572999999998	4.0	0.012866999999999998	2.810209	2.0	43.50269	1.587901	6.0	44.093181
1106.0	1.0	2.836092	97.365647	57.743889	3.4387230000000004	0.692842	0.314932	0.566603	0.658452	34.699728	6.0	14.08655	48.764323	5.0	0.013807	3.969062	3.0	67.833151	3.217191	6.0	39.010402	55.572991	4.0	50.90287	53.07018299999999	3.0	0.056041999999999995	2.794747	1.0	4.406746	4.54195	6.0	62.370523999999996
1138.0	1.0	65.41597	11.184742	71.27717700000001	4.837758	0.656529	0.8988379999999999	0.203019	0.8332959999999999	42.786035	2.0	61.756581999999995	11.517249000000001	2.0	0.010898	6.153103	1.0	73.920007	3.3724529999999997	4.0	30.955409999999997	65.30879499999999	2.0	68.598587	60.192795	1.0	0.025332	5.546514	5.0	31.238771999999997	3.1819319999999998	6.0	59.320738
1159.0	1.0	8.668439	17.544	61.914013	5.220795	0.20890799999999998	0.847368	0.345704	0.275129	38.761435	5.0	56.267591	19.494482	2.0	0.012795	4.134765	3.0	62.434383	5.550581	4.0	53.429362	74.244038	4.0	56.145607999999996	40.4502	6.0	0.104361	2.694219	1.0	74.552444	4.948592	1.0	58.648157999999995
1164.0	1.0	1.244111	78.446917	35.9443	1.751047	0.41506800000000005	0.291716	0.791067	0.537203	71.655893	3.0	70.68343399999999	8.004204	6.0	0.015465000000000001	5.199815	2.0	39.243311	5.499516000000001	6.0	30.218835	59.85949599999999	1.0	89.15164	12.918884	2.0	0.07043300000000001	3.0648009999999997	6.0	79.400991	1.316925	1.0	75.536893
1268.0	1.0	63.882129000000006	1.376915	67.651072	23.42482	0.932566	0.594703	0.33232399999999995	0.9566	45.834959999999995	6.0	97.015049	51.018212	4.0	0.022098	2.73578	2.0	80.789237	4.68916	4.0	72.866956	73.483331	4.0	68.27355899999999	27.192285	6.0	0.6665439999999999	3.1849819999999998	1.0	46.817307	4.7424	6.0	20.704826999999998
1276.0	1.0	4.278605000000001	85.478983	4.044179	69.299205	0.5142359999999999	0.45668400000000003	0.597916	0.9166030000000001	29.572129999999998	4.0	79.70299399999999	10.707851	3.0	0.031735	3.387799	6.0	44.743339	4.2683279999999995	5.0	95.727296	66.594072	3.0	33.579488	77.02381	3.0	0.011590999999999999	3.648861	1.0	98.220541	4.126614	2.0	2.6271150000000003
1392.0	1.0	67.441241	3.164187	4.550301999999999	45.734394	0.319252	0.786143	0.6917810000000001	0.618268	42.278715000000005	4.0	95.144589	11.30395	4.0	0.01153	3.288068	1.0	83.405291	0.8245309999999999	3.0	43.040759	71.51230100000001	5.0	42.401376	43.682446	5.0	0.07367	1.9679630000000001	2.0	46.631316999999996	2.841224	6.0	71.978972
1440.0	1.0	39.727609	4.733636	29.321459	3.363262	0.6553939999999999	0.596076	0.349192	0.884553	10.795188000000001	1.0	1.466207	40.457076	4.0	0.055760000000000004	5.177324	3.0	11.008068	2.679871	3.0	81.173185	40.914118	4.0	25.004503	50.520687	5.0	0.011606	5.753074	2.0	53.638241	4.205062	4.0	85.75954
1445.0	1.0	74.815337	8.94053	3.404374	94.596475	0.670454	0.573817	0.635988	0.926751	40.736209	3.0	74.156904	61.594246999999996	1.0	0.022987999999999998	5.51436	3.0	92.087724	0.7108949999999999	4.0	39.558689	65.73561600000001	2.0	17.428604	13.776775	4.0	0.05562	4.184616	5.0	39.566122	5.456795	2.0	88.694229
1496.0	1.0	7.5921710000000004	82.286937	12.040529	13.315370000000001	0.9017149999999999	0.4876	0.299168	0.719348	52.333458	2.0	91.669391	24.085967999999998	1.0	0.019651	4.36282	4.0	51.032556	0.191155	5.0	34.716549	31.612915	3.0	23.191854	75.563811	5.0	0.046345	1.20641	1.0	99.980825	3.672774	3.0	10.177571
1577.0	1.0	15.044573000000002	4.494976	53.210063	22.087563	0.10404200000000001	0.982427	0.632734	0.752692	36.191573	4.0	95.541238	16.143283	6.0	0.033638	4.7117510000000005	5.0	35.392475	4.272587000000001	4.0	25.350576999999998	56.637415000000004	6.0	27.5233	50.744566	5.0	0.016465	1.9723509999999997	3.0	33.56884	2.073512	4.0	18.947364
1600.0	1.0	29.789465000000003	14.941310000000001	1.622079	94.713712	0.7303649999999999	0.805591	0.608174	0.838192	64.524426	6.0	54.187931000000006	43.990956	4.0	0.013429	0.24246399999999999	4.0	10.444125999999999	2.78884	3.0	71.864478	2.918519	5.0	27.990061999999998	15.699264999999999	4.0	0.491584	3.168205	2.0	10.083634	5.50338	4.0	79.85900600000001
1618.0	1.0	41.681152000000004	45.39855	17.49863	16.473151	0.8647360000000001	0.9792190000000001	0.814732	0.5515939999999999	42.250654	6.0	16.109342	45.097390999999995	1.0	0.011189	4.419957	2.0	85.9893	5.185976	1.0	60.065821	50.534131	6.0	92.845425	49.374899	1.0	0.015163999999999999	4.212741	2.0	39.19243	4.609312999999999	4.0	37.922514
1688.0	1.0	12.219413000000001	29.232758	13.955973	2.990565	0.756626	0.750088	0.6492720000000001	0.779329	38.14448	2.0	9.709710000000001	11.977395	5.0	0.014037	5.627737000000001	3.0	43.350483000000004	6.190835	2.0	90.854359	71.407168	4.0	21.884908	70.479224	3.0	0.010178	0.8763489999999999	3.0	67.48797900000001	5.842954	5.0	92.508895
1731.0	1.0	20.750572000000002	11.015488000000001	3.903774	11.061777000000001	0.574643	0.726589	0.268905	0.296331	53.994051	3.0	1.560403	27.690171000000003	5.0	0.055388	0.387194	6.0	17.644691	2.960633	3.0	72.770942	18.282991	2.0	88.723465	3.3865410000000002	4.0	0.030475	4.4394919999999995	5.0	96.49839300000001	2.355285	2.0	51.010281
1740.0	1.0	12.052446	67.77681	4.426451	99.738646	0.907587	0.730093	0.997282	0.5367310000000001	61.503087	2.0	19.689933	66.019968	6.0	0.045763	3.5739730000000005	3.0	84.934647	4.0327	1.0	79.945657	65.775194	6.0	39.178090000000005	63.104901	3.0	0.159951	2.894678	3.0	71.52722	3.655385	5.0	81.318407
1742.0	1.0	1.437607	97.975325	6.418094	12.094073	0.981275	0.583186	0.281804	0.714444	64.393461	5.0	19.245020999999998	4.484916	5.0	0.028117000000000003	4.639198	4.0	56.02618199999999	4.442856	2.0	34.703157	57.171206000000005	3.0	22.793044000000002	16.953263	3.0	0.020471	4.025572	1.0	33.332786	3.973503	6.0	70.043734
1826.0	1.0	3.9015699999999995	69.859401	62.726087	5.392015	0.479401	0.915531	0.7587119999999999	0.778638	36.782665	2.0	96.82718100000001	17.855956	1.0	0.01114	4.709890000000001	5.0	90.154602	5.668762	1.0	60.878756	64.16129000000001	6.0	57.790606000000004	18.208121	1.0	0.09303	5.850455	5.0	83.225162	3.050812	5.0	21.276885
1878.0	1.0	2.9714270000000003	22.51245	74.044495	10.300545	0.912795	0.562293	0.488745	0.935701	23.936088	3.0	54.931883	53.022785999999996	2.0	0.011543000000000001	4.703809	1.0	18.840412	1.159292	2.0	65.25029599999999	45.755297	5.0	85.65248199999999	71.008798	2.0	0.011434999999999999	4.601178	3.0	85.105115	2.338362	6.0	85.84248000000001
2206.0	1.0	37.785289	10.60217	81.361316	11.352738	0.818554	0.8351	0.54159	0.864553	33.231878	4.0	65.531396	47.8606	2.0	0.010190000000000001	0.426654	5.0	38.459365999999996	4.0532010000000005	6.0	94.4944	62.595969999999994	2.0	69.060601	10.279717999999999	2.0	0.010787999999999999	4.233569999999999	5.0	66.815462	5.097735	2.0	94.806062
2369.0	1.0	12.147719	19.795204000000002	67.113861	10.609691	0.8365879999999999	0.438108	0.181535	0.954513	54.261088	1.0	73.45052700000001	29.267182000000002	1.0	0.01828	6.0193650000000005	3.0	17.674382	5.219339	4.0	26.61976	51.669463	6.0	98.42858000000001	74.825901	6.0	0.010123	3.6490620000000002	6.0	58.005342000000006	4.61482	6.0	82.443872
2383.0	1.0	67.919318	5.1885129999999995	1.524936	13.146326	0.62584	0.67629	0.699126	0.151535	47.241015999999995	6.0	24.830408	53.737173	2.0	0.019403999999999998	5.254376000000001	1.0	61.521654000000005	1.580206	2.0	12.584763	42.612217	5.0	48.20151	58.121648	3.0	0.017238	2.268984	2.0	15.392133	3.93537	5.0	22.194115
2474.0	1.0	82.538986	4.886737	68.483858	10.906209	0.769996	0.781512	0.343105	0.817512	77.743758	3.0	68.462662	71.67305999999999	2.0	0.013072	1.019879	1.0	36.450652000000005	2.3768569999999998	4.0	20.449226	63.992201	3.0	95.0702	64.858677	3.0	0.05118	5.038673999999999	2.0	81.375408	2.843814	5.0	34.86372
2543.0	1.0	35.235244	24.311307	73.307709	11.643479	0.44557399999999997	0.695113	0.46754300000000004	0.5951380000000001	61.646992000000004	6.0	36.992148	7.8269839999999995	5.0	0.016057	3.7476190000000003	6.0	63.955013	5.486426	3.0	62.054497	73.716211	5.0	68.79461500000001	42.178362	5.0	0.053446	1.1177059999999999	1.0	51.144483	4.852999	1.0	49.450363
2585.0	1.0	2.551907	71.58895799999999	8.498271	10.523755	0.412991	0.576687	0.28371599999999997	0.5615319999999999	69.643906	6.0	3.4831870000000005	44.632651	4.0	0.028895999999999998	5.772578	5.0	87.16672700000001	6.219404	5.0	70.69719599999999	36.602936	3.0	40.725299	51.945492	1.0	0.978225	4.18204	6.0	91.8783	3.9665220000000003	2.0	27.865306
2604.0	1.0	54.637570999999994	2.412052	4.140587	8.075664999999999	0.969116	0.819567	0.511996	0.178428	24.055222	4.0	38.022594	33.604428999999996	4.0	0.014903	1.403409	4.0	8.154334	0.7844810000000001	6.0	25.696057999999997	58.98034200000001	6.0	3.7597980000000004	73.500977	2.0	0.054978	5.274229	2.0	71.231859	5.532598999999999	1.0	78.603369
2665.0	1.0	58.264359	21.973132999999997	4.433725	54.818946999999994	0.833522	0.854124	0.974259	0.751452	55.276939	3.0	96.197064	10.29135	5.0	0.017487	4.047924	3.0	95.615945	2.237371	3.0	37.879892	32.399559	1.0	99.13594	14.506534	5.0	0.22472399999999998	4.518944	4.0	1.2352370000000001	4.221756	4.0	15.662138
2702.0	1.0	65.28831600000001	1.243744	24.247879	7.7592300000000005	0.9227219999999999	0.55416	0.307948	0.38763400000000003	62.707871999999995	3.0	99.074849	62.734702	2.0	0.042498	1.003853	5.0	88.153701	1.00504	1.0	34.814709	59.451884	4.0	76.624037	2.99971	1.0	0.018377	2.4875279999999997	2.0	54.831773	5.670667	1.0	44.114443
2827.0	1.0	48.890826000000004	10.020453999999999	17.657721	7.873736999999999	0.26106599999999996	0.685192	0.42132600000000003	0.741708	32.842348	6.0	88.990951	18.095233	1.0	0.391419	2.870825	3.0	89.63417700000001	5.237358	3.0	5.018345	60.339734	6.0	54.187757999999995	26.683192	5.0	0.036327	1.054383	3.0	36.551782	0.8881899999999999	5.0	30.87513
2903.0	1.0	2.0466450000000003	19.828639000000003	44.162923	10.956155	0.962742	0.9087719999999999	0.805651	0.7667010000000001	28.09157	1.0	50.231086	45.758169	4.0	0.012028	4.507576	6.0	78.249466	4.596615	1.0	97.164212	66.972219	6.0	38.453907	20.850878	5.0	0.020863	4.519921	1.0	39.045617	2.835074	4.0	48.279107
2954.0	1.0	27.841826	25.717195999999998	55.831072	13.522672	0.402895	0.983168	0.8273360000000001	0.44701899999999994	47.531247	5.0	90.523978	51.546909	3.0	0.183497	2.740647	2.0	67.72026899999999	3.1845950000000003	5.0	76.287418	73.473336	5.0	63.011193000000006	29.360325	3.0	0.057882	4.311573	5.0	36.775940999999996	5.379469	4.0	86.202431
2972.0	1.0	34.614801	17.819976	7.00984	24.724922	0.726855	0.966225	0.739978	0.31009899999999996	34.101628999999996	4.0	68.21174599999999	18.519626000000002	2.0	0.015813	3.4623660000000003	4.0	80.719273	0.091478	1.0	95.342993	41.329508000000004	4.0	54.812281999999996	15.903882000000001	3.0	0.013403	3.141732	1.0	27.536308000000002	2.269972	1.0	65.035957
3098.0	1.0	1.656349	81.120108	13.999167000000002	11.188074	0.8942610000000001	0.151002	0.6091310000000001	0.843793	53.906558999999994	4.0	14.418594	3.214228	2.0	0.011681	1.2748	2.0	3.267341	2.245201	6.0	63.11417900000001	57.796528	5.0	89.92274599999999	18.403563000000002	4.0	0.010259	0.253577	4.0	59.666312	4.0966059999999995	6.0	53.816093
3244.0	1.0	77.219893	10.151358	45.738972	6.211888	0.43867399999999995	0.694346	0.33719099999999996	0.630184	64.03146	2.0	12.45453	51.832131	3.0	0.9201469999999999	0.520554	3.0	11.981027000000001	5.264769	1.0	89.62727199999999	68.474864	3.0	87.370925	55.759367000000005	3.0	0.01571	5.571644	3.0	61.326003	0.155168	5.0	50.066895
3273.0	1.0	36.215720000000005	8.629128999999999	49.309826	14.699347	0.804909	0.801163	0.537155	0.9594	69.47210799999999	5.0	31.325107	61.157784	4.0	0.032918	0.119486	3.0	75.229469	2.401184	2.0	75.472622	60.530675	3.0	69.797776	63.778042000000006	1.0	0.053427999999999996	3.7548410000000003	6.0	61.590284	4.001008000000001	5.0	96.26271
3495.0	1.0	10.103201	24.100665	78.86721899999999	20.220810999999998	0.793585	0.363678	0.480191	0.9449270000000001	49.132828	6.0	57.608698	42.717787	2.0	0.09963999999999999	5.373744	2.0	81.962978	4.451278	4.0	46.032949	64.50129	6.0	75.68118199999999	61.75166899999999	2.0	0.049633	1.8914650000000002	6.0	19.699685000000002	1.9404560000000002	2.0	65.234015
3503.0	1.0	5.707128	22.129835999999997	28.907898	1.164198	0.708171	0.770656	0.28477399999999997	0.920531	63.064615	3.0	49.571341	63.990069999999996	5.0	0.017684000000000002	2.148902	4.0	22.479657999999997	4.060919999999999	2.0	19.99711	20.011711	1.0	58.925913	15.401316	3.0	0.011806	4.648937999999999	3.0	41.145931	2.0945419999999997	2.0	53.402168
3647.0	1.0	4.346633	26.201949	2.793198	21.95887	0.6936680000000001	0.540505	0.896601	0.484415	76.10775600000001	6.0	87.318049	9.757480000000001	3.0	0.011617	1.47494	4.0	8.582219	2.836667	1.0	27.735940999999997	8.603515	3.0	77.59816	64.990667	5.0	0.010121999999999999	4.644394999999999	4.0	3.8353260000000002	1.535877	1.0	6.301568
3651.0	1.0	37.468995	3.3437639999999997	1.500622	4.436028	0.8529680000000001	0.39255300000000004	0.43402799999999997	0.19352	20.286255999999998	1.0	99.781449	60.302121	2.0	0.014107	5.1729709999999995	5.0	4.303657	0.294885	3.0	1.780501	14.924973000000001	1.0	25.685826000000002	17.108141	4.0	0.01464	0.767407	5.0	84.648398	2.371237	6.0	28.262197999999998
3713.0	1.0	5.650014	15.784104000000001	93.644091	8.722381	0.770705	0.996667	0.928718	0.717763	35.67053	6.0	8.154664	15.019808	3.0	0.02017	2.859448	6.0	24.330758	5.185819	4.0	93.166837	50.189921000000005	3.0	56.407279	4.912155	6.0	0.010870999999999999	2.5070259999999998	1.0	98.270465	3.478817	5.0	28.302840000000003
3790.0	1.0	93.776404	3.013421	63.220098	2.841964	0.10616500000000001	0.399233	0.5122869999999999	0.8778450000000001	7.7625210000000004	1.0	40.322267	40.209074	6.0	0.10671900000000001	4.011318	3.0	44.987089000000005	1.092718	6.0	29.011283000000002	47.167617	4.0	68.382723	41.144061	1.0	0.012009	5.328977	4.0	48.163705	3.487342	1.0	26.707394
4083.0	1.0	57.034426	1.8166529999999999	45.971540000000005	34.594635	0.757486	0.8328690000000001	0.678794	0.961693	5.871124	2.0	72.807149	55.756046999999995	5.0	0.03415	3.6056449999999995	6.0	73.978064	2.807928	1.0	84.647419	73.010254	5.0	39.294385	58.148298	6.0	0.026675	1.9103900000000003	2.0	8.715639	0.8883280000000001	4.0	73.861862
4084.0	1.0	73.222204	2.5255229999999997	5.121788	90.579863	0.364	0.942733	0.900493	0.987401	10.182461	3.0	61.710255000000004	18.835116	5.0	0.016633000000000002	1.092822	2.0	7.415108	5.913849	4.0	87.054233	29.275768	5.0	76.68171	53.555039	6.0	0.048133999999999996	4.391481	2.0	67.882662	1.4726110000000001	3.0	21.81544
4113.0	1.0	3.284965	39.361056	20.369957	4.913922	0.8251139999999999	0.148552	0.34060799999999997	0.961384	51.210052000000005	2.0	61.441233	31.567141999999997	2.0	0.010384000000000001	3.5874650000000003	6.0	67.594849	3.6571010000000004	1.0	62.449031999999995	65.118376	4.0	62.410363000000004	1.199725	4.0	0.022622999999999997	0.519987	2.0	82.467332	4.908451	2.0	4.604017
4248.0	1.0	96.80781999999999	4.297198000000001	10.025171	5.095891	0.13667200000000002	0.43969300000000006	0.297288	0.353296	11.433261	2.0	3.6818800000000005	11.602845	4.0	0.011951	4.997205999999999	2.0	66.89625600000001	2.550969	1.0	48.470284	49.427191	2.0	67.144473	50.801175	3.0	0.010702	0.277536	3.0	4.836941	1.59133	2.0	62.657539
4293.0	1.0	34.370172	16.703701000000002	53.749777	43.322891	0.469842	0.8244459999999999	0.8839379999999999	0.6935279999999999	37.537281	1.0	14.514399	45.801521	4.0	0.017196	0.197603	3.0	69.13972700000001	1.98505	2.0	40.652996	72.142623	3.0	13.005386	12.835619	5.0	0.050598000000000004	4.8304290000000005	3.0	57.291887	1.273334	5.0	93.994485
4370.0	1.0	5.862675	18.376301	3.3295690000000002	12.488467	0.930592	0.672489	0.668355	0.37535300000000005	15.036135	4.0	28.297358000000003	15.538742999999998	3.0	0.012322	4.718806	6.0	83.664491	0.077964	5.0	22.652046	56.515938	4.0	47.542027000000004	38.588547999999996	2.0	0.024451	5.672961	6.0	91.22207900000001	2.409591	2.0	98.570301
4542.0	1.0	53.979693000000005	16.878681	99.46780600000001	3.9914300000000003	0.116566	0.857742	0.546086	0.806132	28.267683	2.0	10.667255	51.42426	1.0	0.04124	3.259045	4.0	21.005119	4.806246	4.0	69.125477	9.536827	2.0	99.788128	13.474154	5.0	0.015028999999999999	4.428676	5.0	71.17644399999999	5.346092	4.0	14.920036999999999
4619.0	1.0	50.930521	23.707132	76.728864	99.15807099999999	0.538184	0.658488	0.630342	0.535984	66.93146899999999	6.0	20.799372	12.507138000000001	6.0	0.022978	5.697392	4.0	7.399984	2.888746	6.0	3.134095	41.907019	2.0	9.725674	3.743764	6.0	0.076555	5.027652	3.0	75.736438	1.472046	2.0	99.86105400000001
4643.0	1.0	6.7420979999999995	95.206459	61.558416	23.883005999999998	0.739544	0.121929	0.414333	0.8927430000000001	25.508069	5.0	92.30416600000001	1.063273	4.0	0.077431	5.216603	5.0	82.166655	6.221039	2.0	43.912895	56.094527	6.0	90.324529	44.687871	2.0	0.013071000000000001	3.1274040000000003	6.0	8.06783	1.323703	3.0	10.537417999999999
4813.0	1.0	69.117176	4.185258999999999	71.89357199999999	7.854209	0.725388	0.229323	0.5853520000000001	0.562944	74.37160899999999	5.0	92.596161	69.31464100000001	6.0	0.013716999999999998	2.273164	1.0	4.092251999999999	2.423621	4.0	14.759635000000001	35.833837	5.0	43.228905	74.93566	2.0	0.035343	2.03912	6.0	62.829865000000005	4.62525	5.0	88.158346
4825.0	1.0	76.31433299999999	5.525636	87.16749	5.414112	0.857756	0.578016	0.643421	0.699327	63.622344999999996	4.0	8.435682	5.118476	1.0	0.024862000000000002	1.9617470000000001	2.0	80.369387	6.135935	5.0	70.89530400000001	19.35135	5.0	28.33837	8.7984	5.0	0.051303999999999995	3.4313860000000003	6.0	61.79828199999999	5.020363	5.0	43.032191
4830.0	1.0	75.965756	3.667161	74.758274	3.274404	0.33704	0.11127000000000001	0.629487	0.534594	48.483847999999995	6.0	69.14107800000001	61.394042000000006	5.0	0.016696000000000003	6.033721	1.0	91.769973	3.4478199999999997	1.0	42.436737	47.574053	5.0	38.557072999999995	39.916940999999994	3.0	0.029601	4.947217	1.0	42.020496	4.263107	4.0	38.562269
5012.0	1.0	63.753586	91.866384	1.565878	50.196801	0.7796390000000001	0.6276189999999999	0.528199	0.199963	75.327146	2.0	46.251884999999994	0.985033	4.0	0.015608000000000002	2.3197400000000004	5.0	43.322278000000004	2.587627	3.0	22.876725	53.820487	6.0	21.275818	52.960584	5.0	0.06513300000000001	3.562896	1.0	24.013292	3.218397	4.0	74.477693
5076.0	1.0	10.59571	3.7588190000000004	67.010451	17.033379	0.7749090000000001	0.706906	0.860899	0.993423	9.517808	3.0	44.302161	42.609217	5.0	0.01229	4.6317699999999995	4.0	79.203632	1.5403280000000001	6.0	33.958085	58.791644999999995	3.0	73.98645400000001	45.033364	3.0	0.013959000000000001	3.166556	2.0	40.208563	0.176045	5.0	30.343252000000003
5082.0	1.0	11.350146	4.920154	1.9568919999999999	13.090121	0.513938	0.392225	0.195825	0.436003	42.211425	4.0	98.532278	6.434977	6.0	0.10720299999999999	1.036406	3.0	47.146729	3.906317	3.0	80.870518	32.730226	4.0	3.168205	50.482139000000004	1.0	0.01085	4.173238	3.0	29.904449	2.139869	4.0	7.052333999999999
5220.0	1.0	44.401159	26.676873999999998	68.662439	3.421043	0.64369	0.9126860000000001	0.930118	0.9673700000000001	60.06861899999999	4.0	25.216422	62.966252000000004	6.0	0.013133	5.5568040000000005	1.0	27.342429	3.46959	4.0	7.110863	22.930605	4.0	53.802398	23.474756	5.0	0.012278	0.737081	2.0	3.3575769999999996	0.199475	4.0	61.09328000000001
5260.0	1.0	3.820816	75.946054	54.810114	3.674981	0.685134	0.14003	0.961608	0.910634	36.800813	4.0	49.493128999999996	8.78485	5.0	0.052576	3.830737	4.0	16.327701	1.3928180000000001	6.0	81.47328900000001	26.606627000000003	4.0	90.88526999999999	69.67965	3.0	0.060839	3.7440379999999998	1.0	76.29032099999999	2.821226	4.0	94.007561
5292.0	1.0	18.353908999999998	16.399169	77.23579000000001	5.712716	0.376082	0.282023	0.828873	0.7755810000000001	68.585844	6.0	21.805814	37.176237	2.0	0.01097	2.074262	1.0	82.888278	5.098798	1.0	90.31669699999999	28.631890000000002	3.0	72.466837	50.146304	1.0	0.013694999999999999	3.417135	6.0	18.907974	5.72762	3.0	86.196007
5353.0	1.0	58.614113	6.818678	22.957659	34.075114	0.43576800000000004	0.43954	0.785589	0.817673	59.664878	5.0	35.707603000000006	12.913986	4.0	0.995492	5.577316000000001	4.0	7.060656	3.760499	6.0	26.532738000000002	37.851411999999996	6.0	57.753651	6.2862540000000005	4.0	0.0141	3.081362	3.0	44.949065999999995	5.1133440000000006	2.0	80.392105
5359.0	1.0	5.977837999999999	16.231606	17.702278	13.363923000000002	0.750351	0.923717	0.759653	0.943198	75.617714	1.0	44.66194	34.060173	1.0	0.022779	3.8477059999999996	5.0	95.25013299999999	0.9089719999999999	2.0	90.952168	55.838077	3.0	21.26026	72.419464	5.0	0.027275	3.661193	5.0	53.141763	5.278477	4.0	23.014158
5372.0	1.0	19.423919	19.77189	17.186598	5.784786	0.396011	0.815919	0.51084	0.29739	50.337007	1.0	54.6069	11.527922	1.0	0.087289	3.3058970000000003	4.0	2.071319	4.833831	1.0	54.499399	60.083078	2.0	36.466875	30.988288	1.0	0.012681	1.059865	1.0	63.897816000000006	1.263563	3.0	5.611598000000001
5406.0	1.0	71.77757	5.40793	22.967121	3.2339439999999997	0.6718689999999999	0.665342	0.7315229999999999	0.44790699999999994	14.263110000000001	1.0	5.725855	28.310798	5.0	0.013597	1.353877	3.0	45.710753000000004	0.498329	2.0	88.768997	33.102814	2.0	24.494384	60.262754	3.0	0.010495	2.8493150000000003	5.0	3.191121	0.458337	5.0	31.261523999999998
5650.0	1.0	63.308301	23.908553	10.405971000000001	2.8020560000000003	0.885601	0.966882	0.650301	0.9907969999999999	63.542434	5.0	71.45130400000001	15.537867000000002	1.0	0.012485	4.408709	6.0	82.3388	0.551452	4.0	80.19203399999999	34.785259	1.0	41.580886	14.159151000000001	6.0	0.010143000000000001	5.315975	5.0	63.606688	4.972908	5.0	81.89205799999999
5796.0	1.0	40.058541	5.396026999999999	7.017860000000001	44.869908	0.37706999999999996	0.684657	0.851901	0.8891540000000001	57.037884	3.0	69.921973	14.635825	6.0	0.0276	1.2456209999999999	2.0	70.718231	3.307356	3.0	17.907788	9.057719	4.0	30.753718	36.283707	6.0	0.013385	5.1790389999999995	2.0	53.615353000000006	3.8767300000000002	3.0	77.92753
5853.0	1.0	2.904211	7.023924000000001	54.577464	26.484524	0.548784	0.45056499999999994	0.967866	0.963245	2.483852	6.0	67.121358	23.850544	5.0	0.018179	4.466255	3.0	54.388498	0.307232	2.0	96.55334	67.952079	2.0	88.830873	69.79177800000001	6.0	0.029854000000000002	4.7842400000000005	3.0	38.96792	5.702642	2.0	87.188401
5883.0	1.0	7.451650999999999	6.643306	1.40019	31.860721999999996	0.9056290000000001	0.7625810000000001	0.981641	0.48837200000000003	66.818348	1.0	78.54475	46.186904	5.0	0.016078	3.061999	5.0	22.291936	0.7085819999999999	1.0	78.29899300000001	5.522871	4.0	52.427445	70.469921	3.0	0.012719	1.385453	1.0	39.461803	4.165728	5.0	87.255023
5939.0	1.0	19.667641	39.373992	9.226874	46.436218	0.438173	0.17994300000000002	0.9595799999999999	0.743138	67.640599	6.0	37.427276	2.31317	3.0	0.024089	5.929629	6.0	85.079672	3.6475720000000003	5.0	53.297641000000006	49.826519	3.0	37.658927	3.3612040000000003	3.0	0.134151	1.630318	2.0	33.159861	5.641653	5.0	11.709635
6137.0	1.0	21.562610999999997	66.421529	20.05428	42.516135999999996	0.793304	0.9972200000000001	0.459142	0.890134	74.864195	5.0	17.22385	10.486157	6.0	0.016533000000000003	4.233926	4.0	9.740688	5.879335	6.0	13.773157999999999	63.402955000000006	6.0	88.977212	9.886697999999999	4.0	0.038724	5.357628	3.0	25.92926	4.123972	6.0	11.645899
6161.0	1.0	4.605679	40.614233	45.336087	4.7977419999999995	0.795635	0.551701	0.7170300000000001	0.534291	25.458984	5.0	99.373553	50.826194	3.0	0.195891	4.193437	6.0	54.478989	5.197668	2.0	67.75959	69.135317	6.0	97.96425699999999	55.61299	5.0	0.039063	3.495456	5.0	15.316626000000001	1.888875	1.0	41.77624
6204.0	1.0	1.090159	32.640291	64.903755	11.90823	0.45555200000000007	0.24948800000000002	0.67137	0.791492	49.388498999999996	3.0	88.86348100000001	30.990488	4.0	0.011245999999999999	4.677388	5.0	69.885114	4.337578	6.0	83.98483	74.61677399999999	2.0	72.21360200000001	31.556967999999998	3.0	0.020714	3.123586	6.0	12.742461	4.549158	4.0	74.38615899999999
6258.0	1.0	65.76021800000001	3.201237	10.037563	4.08779	0.916499	0.602142	0.9589120000000001	0.8758610000000001	62.791363	2.0	70.168133	26.378078000000002	4.0	0.011373000000000001	3.466121	2.0	48.984939000000004	1.719839	3.0	60.579722	35.13445	1.0	33.352092999999996	42.781822999999996	2.0	0.018754	0.350853	4.0	88.872284	1.140569	5.0	78.33636800000001
6358.0	1.0	54.544596999999996	1.494813	5.7359599999999995	4.8684330000000005	0.319562	0.594336	0.404404	0.45146499999999995	31.148241	3.0	44.789308	52.408772	3.0	0.010459999999999999	2.458575	5.0	11.308762	3.6534199999999997	3.0	16.462056	49.229302000000004	5.0	41.758455	58.53748100000001	5.0	0.010317	2.089352	5.0	33.048843	3.979708	1.0	73.888921
6369.0	1.0	11.864823	12.739486999999999	3.932789	14.043407	0.958852	0.582521	0.847331	0.8409639999999999	36.994433	5.0	63.093298	14.622314000000001	6.0	0.046488999999999996	2.901657	4.0	11.851992999999998	0.255031	1.0	84.968537	30.825644	3.0	26.085917000000002	20.366963000000002	4.0	0.012514	4.199421	6.0	12.904710000000001	5.644188	3.0	81.622858
6423.0	1.0	1.492896	38.339982	5.823359	28.096175	0.597696	0.20209000000000002	0.762444	0.560347	55.991921	5.0	43.136841	58.29145	3.0	0.027041000000000003	1.874952	6.0	5.420292	0.7801060000000001	5.0	37.820091	10.751244999999999	6.0	23.310674	8.57785	5.0	0.011715999999999999	2.850221	6.0	37.342595	5.0258959999999995	2.0	29.430782
6457.0	1.0	16.95291	10.600693	76.281896	2.3215529999999998	0.857043	0.8414	0.5544680000000001	0.196633	46.195505	5.0	12.18374	17.954746	6.0	0.010148	0.914009	2.0	38.079058	4.1964	5.0	81.53349	70.37520699999999	2.0	36.991118	33.209078999999996	5.0	0.09199700000000001	5.104702	1.0	36.989302	4.645268	6.0	24.86648
6528.0	1.0	1.722741	33.05721	3.9508699999999997	33.808718	0.811179	0.40434200000000003	0.840923	0.9844950000000001	52.083246	6.0	73.124371	18.594271	6.0	0.011032	1.910606	1.0	90.10690699999999	3.195052	3.0	46.249499	58.86678199999999	3.0	32.196999	58.416433999999995	5.0	0.012342	5.507773	6.0	84.526002	0.989224	6.0	2.465866
6530.0	1.0	46.673015	11.352383	66.741501	5.614115	0.926441	0.579814	0.9836940000000001	0.6837840000000001	50.149423999999996	3.0	9.659317	74.117106	1.0	0.010342	5.461673	5.0	78.40799100000001	4.212581	1.0	66.501769	25.655689000000002	5.0	38.470178999999995	19.203352	4.0	0.014182	1.555679	5.0	39.535086	5.315498000000001	3.0	10.96702
6623.0	1.0	38.046496999999995	10.329519	28.789726	11.013943	0.462208	0.914256	0.967669	0.22941999999999999	71.527697	3.0	36.479471999999994	2.65936	4.0	0.021391	5.051387999999999	3.0	97.54643399999999	5.935344000000001	5.0	25.008770000000002	61.623543000000005	4.0	29.90605	24.493087	3.0	0.012317	1.269558	3.0	17.621344	3.528145	2.0	19.586839
6631.0	1.0	2.27176	26.630371000000004	22.857244	1.143217	0.804937	0.177178	0.518938	0.221955	3.2970660000000005	2.0	49.805993	42.460876	6.0	0.014531	1.8375970000000001	2.0	71.488834	2.187272	6.0	60.080625	69.94252	4.0	54.820227	65.711327	3.0	0.027452999999999998	5.842243	4.0	10.712311	5.316542	6.0	65.495515
6639.0	1.0	67.18712099999999	13.205179999999999	79.164342	29.638697999999998	0.63869	0.727448	0.797682	0.8300879999999999	59.594545	5.0	69.634694	65.63616800000001	5.0	0.034575	2.466951	6.0	35.140026	1.561687	1.0	98.240202	54.542131999999995	5.0	28.673313	1.488057	1.0	0.028239999999999998	4.667930999999999	2.0	91.31504	3.7102019999999998	1.0	81.84412900000001
6744.0	1.0	7.3643149999999995	23.301986	1.1021370000000001	1.448288	0.31749499999999997	0.364218	0.546994	0.9483290000000001	51.606977	6.0	84.611874	42.589754	4.0	0.059696000000000006	5.1913540000000005	2.0	80.694562	4.793464	2.0	31.708242	57.939785	2.0	72.690478	49.814595000000004	6.0	0.038361	3.1243540000000003	4.0	32.803381	3.271132	5.0	47.194097
6806.0	1.0	1.684086	93.18790200000001	90.335942	9.02175	0.48432	0.547525	0.775291	0.713094	67.756585	4.0	96.192107	30.269810999999997	5.0	0.022683000000000002	3.619154	2.0	53.755933	0.242128	3.0	75.088163	63.889129000000004	4.0	78.23197900000001	8.609288000000001	3.0	0.025285	4.98182	2.0	46.542094	0.231336	6.0	13.124011999999999
6927.0	1.0	24.637757999999998	43.355694	47.72811	13.782710999999999	0.30392399999999997	0.9589979999999999	0.893333	0.747548	55.98064599999999	5.0	42.54717	40.277889	3.0	0.18164	4.411302	2.0	86.234247	5.882283999999999	2.0	15.115178	64.155039	4.0	64.564707	11.702826	2.0	0.010295	1.07571	3.0	73.074914	1.060135	3.0	84.792156
6974.0	1.0	5.145999	19.980848	20.029357	1.096279	0.43572700000000003	0.8895860000000001	0.543654	0.185918	43.83873	3.0	45.951943	16.779416	2.0	0.010923	3.992022	2.0	10.863717	4.064072	4.0	29.692655	71.724564	5.0	75.543785	62.694276	2.0	0.013191	2.77978	3.0	88.071639	2.782909	6.0	93.630624
6976.0	1.0	9.011114	12.513557	4.616909	94.37826700000001	0.617156	0.459426	0.837009	0.9904569999999999	65.69197700000001	2.0	27.279884000000003	61.294258	6.0	0.019312	2.433716	2.0	30.623809	5.761116	3.0	96.384182	67.384953	6.0	54.115965	17.514597	2.0	0.014919	2.449441	6.0	54.499826	5.076504	3.0	86.743473
6977.0	1.0	3.1197	72.782787	41.137109	9.048394	0.980441	0.733002	0.7303029999999999	0.811246	30.453731	3.0	51.336687	71.277603	3.0	0.012236	4.548012	2.0	40.648522	5.635619	5.0	47.080593	67.018621	3.0	63.992286	66.628065	5.0	0.012084000000000001	4.698155	4.0	54.567386	3.356001	3.0	56.610791000000006
7001.0	1.0	24.248846	1.7464560000000002	47.674118	2.517716	0.7878069999999999	0.111325	0.565074	0.862187	73.822682	6.0	31.439265999999996	34.031881	3.0	0.01157	1.972916	6.0	93.853468	4.180729	5.0	46.317675	15.19006	3.0	94.213351	23.855216	6.0	0.015058000000000002	3.7266550000000005	6.0	90.744949	0.42928900000000003	5.0	92.502413
7031.0	1.0	9.372378999999999	5.735345	88.580174	4.5584050000000005	0.701174	0.806645	0.39621799999999996	0.811032	8.181780999999999	4.0	27.895767	67.286792	2.0	0.016725999999999998	2.117075	2.0	61.858466	2.343768	2.0	49.355598	59.882424	6.0	83.59701700000001	35.458529	6.0	0.021065	1.948007	3.0	50.150475	5.119832	6.0	92.404273
7137.0	1.0	10.190318	26.852978999999998	52.739578	7.598002	0.433647	0.7201609999999999	0.41543	0.8647030000000001	52.032903999999995	2.0	16.403702	13.228817999999999	1.0	0.010411	4.607275	3.0	79.59625799999999	4.447998	3.0	34.515347	51.656465999999995	6.0	64.064379	66.114322	5.0	0.013751	2.4198419999999996	4.0	80.104848	0.187565	2.0	67.95244
7152.0	1.0	13.482906	2.597172	10.136773	28.017241	0.539853	0.283518	0.9880709999999999	0.883084	76.55345200000001	5.0	31.049646999999997	30.886476000000002	6.0	0.020774	0.377367	1.0	89.530571	1.055936	1.0	7.871714999999999	67.67231	2.0	16.663406	77.259664	1.0	0.013404	1.1444590000000001	3.0	62.045799	2.608772	1.0	48.075086
7175.0	1.0	3.49537	40.687129999999996	68.638245	2.129306	0.252249	0.999742	0.31705900000000004	0.906682	37.332968	5.0	93.21736800000001	16.145441	2.0	0.093567	5.118391	3.0	36.841419	0.481584	6.0	46.77939	74.60561899999999	6.0	56.045199	11.386266	4.0	0.140203	4.536698	2.0	71.379526	1.900423	3.0	17.586191
7176.0	1.0	30.974776000000002	3.23303	5.234536	14.555043	0.961782	0.382154	0.6744060000000001	0.430904	75.812021	5.0	59.511891000000006	55.332114000000004	5.0	0.061121	0.744566	4.0	41.482735999999996	1.4631379999999998	6.0	99.619659	54.526509	4.0	74.805575	47.017176	5.0	0.011779000000000001	3.1096619999999997	6.0	48.535016	0.153969	1.0	64.220214
7180.0	1.0	83.442427	2.0217169999999998	27.907535	7.092964	0.41180200000000006	0.421095	0.830498	0.975856	70.84731500000001	2.0	79.416612	11.348771000000001	3.0	0.012941	5.628297	1.0	61.168092	3.8794760000000004	3.0	22.535013	43.0514	2.0	90.317105	63.5314	2.0	0.118852	2.988842	3.0	41.488292	3.619935	6.0	55.195368
7193.0	1.0	55.152015000000006	2.1696150000000003	10.177964	3.280536	0.8612639999999999	0.562772	0.45446400000000003	0.936801	68.265128	2.0	50.414389	1.51386	4.0	0.010298	5.311823	1.0	42.987017	5.31588	4.0	39.51001	73.527919	6.0	67.684264	46.644673	6.0	0.17235999999999999	3.054482	4.0	40.728023	4.381615	6.0	2.879284
7201.0	1.0	57.951539000000004	13.160321	54.044536	39.082852	0.689457	0.578818	0.764722	0.923415	75.635183	5.0	78.689537	4.225726	1.0	0.010135	5.900389	2.0	30.792713	4.6092900000000006	6.0	60.002368000000004	50.002031	6.0	65.54673000000001	58.875457	5.0	0.025181	5.837553	4.0	79.962705	5.196832	2.0	7.515353999999999
7221.0	1.0	69.158446	9.111557000000001	3.873987	20.917264000000003	0.25466500000000003	0.839485	0.372288	0.6259100000000001	40.826409999999996	6.0	70.116625	45.683797999999996	1.0	0.48568999999999996	5.316841999999999	6.0	93.939472	2.278254	5.0	40.89278	57.674266	4.0	76.052278	52.335149	3.0	0.016952000000000002	4.6939779999999995	3.0	12.087862	1.204004	6.0	49.732353
7245.0	1.0	5.9459290000000005	87.75536	7.535613000000001	75.94239	0.835461	0.21342600000000003	0.9651709999999999	0.8847950000000001	62.52494300000001	3.0	42.560192	45.842556	2.0	0.016078	3.587819	1.0	78.32686	5.86409	6.0	21.8146	70.782483	5.0	27.247445000000003	75.187023	5.0	0.028072000000000003	1.835377	6.0	67.902827	4.47914	5.0	34.616632
7408.0	1.0	6.687581	61.036611	47.551062	5.685032	0.642887	0.638025	0.383077	0.638629	15.745356	5.0	60.700001	7.489152000000001	3.0	0.02536	5.503909999999999	1.0	51.503976	6.196354	5.0	57.721546999999994	40.337355	3.0	68.88269100000001	28.035940000000004	3.0	0.014072999999999999	2.8471	3.0	46.874231	4.138429	4.0	91.373455
7434.0	1.0	59.696402	7.389334	28.044420000000002	12.013378	0.5777760000000001	0.280907	0.789309	0.455549	67.895067	3.0	40.181208000000005	19.21107	3.0	0.014862	4.846819	6.0	85.794413	6.251079	5.0	10.719391	34.911711	6.0	64.699291	7.843475	3.0	0.016272	4.732653	1.0	12.458516	1.76006	5.0	38.028736
7499.0	1.0	62.531408	5.636302	24.313885	21.965254	0.9469629999999999	0.800675	0.540568	0.672452	39.442648999999996	1.0	11.759644999999999	18.000645000000002	3.0	0.023785	0.27581700000000003	2.0	76.594785	2.272308	4.0	59.761486	53.684976	6.0	28.145590999999996	38.591132	4.0	0.012956	5.1223730000000005	1.0	57.62988000000001	1.284885	6.0	56.691686
7557.0	1.0	3.8127269999999998	55.202054000000004	3.110614	74.184524	0.192661	0.404312	0.8836149999999999	0.256457	39.826832	4.0	54.04995	3.5132800000000004	4.0	0.010487999999999999	1.875125	2.0	52.231214	1.213866	5.0	68.168627	44.271983	4.0	97.01096899999999	77.622217	3.0	0.011348	3.222655	6.0	50.179190000000006	4.611619999999999	5.0	9.911294
7573.0	1.0	86.794409	5.433924	37.999759000000005	11.518699	0.351684	0.564012	0.43402299999999994	0.671711	67.05425699999999	4.0	52.65879399999999	55.91529	6.0	0.013304	3.947493	5.0	76.426296	5.823073	1.0	68.174607	35.087173	4.0	51.475235999999995	10.388956	1.0	0.0639	4.3748830000000005	3.0	65.876447	2.745589	1.0	79.617499
7581.0	1.0	19.335527	12.689373	2.683516	33.208888	0.287545	0.620232	0.807088	0.1306	24.438488	5.0	36.187545	8.733189999999999	2.0	0.010072	4.377855	1.0	56.931616000000005	5.3586339999999995	4.0	64.72880699999999	15.750601000000001	3.0	96.992349	56.815931000000006	5.0	0.011927	4.548712999999999	5.0	55.766754000000006	0.559822	6.0	66.07494799999999
7619.0	1.0	9.099148	34.73426	10.811411999999999	76.015562	0.10362	0.162163	0.851051	0.7271920000000001	69.317077	2.0	7.670501	2.8911689999999997	5.0	0.017759999999999998	1.798973	1.0	63.235558999999995	4.517901999999999	6.0	67.995271	49.12792	3.0	28.121518	2.659398	5.0	0.229325	5.663257	1.0	50.652806	5.788278	2.0	13.587339000000002
7623.0	1.0	22.943501	32.557501	12.216409	5.253971	0.781836	0.68197	0.396771	0.517301	69.597909	6.0	99.72859100000001	47.027609999999996	3.0	0.014266999999999998	2.37036	2.0	58.04684	2.698718	1.0	20.491266	30.506706	4.0	53.142379000000005	34.427451	6.0	0.013375999999999999	2.185838	3.0	56.259776	1.236038	3.0	76.344477
7700.0	1.0	9.720111	50.954676	1.063803	70.161218	0.886951	0.613024	0.18368099999999998	0.251723	65.99091800000001	4.0	16.931504999999998	3.907806	3.0	0.038107999999999996	4.180973000000001	5.0	33.602513	3.006642	4.0	24.937078	7.386741000000001	6.0	15.806551999999998	53.466009	4.0	0.017772	5.810487999999999	1.0	64.524286	3.250962	6.0	21.487447
7706.0	1.0	37.577461	3.544894	6.938356	26.045633	0.8540280000000001	0.9955450000000001	0.179642	0.7859649999999999	69.394018	3.0	64.177304	62.827723999999996	6.0	0.011141	5.552313	3.0	93.930927	2.583185	6.0	49.988785	64.04938	6.0	49.42502	61.909803000000004	1.0	0.021143000000000002	3.3293190000000004	2.0	34.281347	1.515039	5.0	12.467438000000001
7834.0	1.0	13.145222	5.023756	4.395747	25.928386	0.647552	0.792715	0.39687100000000003	0.625727	8.73033	4.0	89.936894	66.584553	2.0	0.012239	2.731928	3.0	72.845815	1.944708	3.0	69.81486	63.747372999999996	4.0	12.298223	12.51946	4.0	0.032339	1.900096	3.0	19.176172	3.654007	5.0	47.883957
7909.0	1.0	9.804861	52.183584	2.037545	36.745709000000005	0.752499	0.79402	0.190195	0.844017	34.819095000000004	1.0	46.18703	24.407992999999998	5.0	0.011686	5.9692739999999995	2.0	50.269785999999996	0.981217	3.0	69.485804	74.20494000000001	1.0	33.686986	21.916281	6.0	0.026733999999999997	4.051158999999999	1.0	39.4823	4.671286	1.0	17.854942
7910.0	1.0	4.081117	4.279033999999999	52.89374300000001	5.964289	0.166044	0.23596599999999998	0.805191	0.681088	39.18979	4.0	74.055363	58.609067	4.0	0.084301	3.497585	1.0	38.422925	5.479623	5.0	9.686318	64.07563	4.0	76.989378	7.674703999999999	3.0	0.010395	4.377217	6.0	58.607923	3.1330270000000002	5.0	2.818114
7917.0	1.0	18.138197	37.26262	9.578294	17.863677	0.396973	0.9927969999999999	0.533311	0.9339059999999999	59.206520999999995	5.0	79.203299	5.339787	2.0	0.056826999999999996	2.4233740000000004	5.0	69.732428	2.289412	6.0	28.295153000000003	45.337284999999994	3.0	38.912603000000004	44.478481	1.0	0.080318	2.855941	3.0	93.232501	0.13651	4.0	25.948973000000002
7924.0	1.0	86.61654399999999	1.894436	80.040258	3.332841	0.935161	0.344619	0.7683	0.37504	4.862279	3.0	22.789057	0.996358	3.0	0.036012999999999996	1.9791450000000002	1.0	8.625853999999999	2.969689	2.0	84.63544499999999	56.422258	3.0	69.581863	70.129614	6.0	0.011445	4.045587	3.0	80.952031	4.269747	6.0	51.234093
7927.0	1.0	7.510350999999999	50.335108	58.031175	2.564507	0.772329	0.912178	0.7374350000000001	0.913962	49.820075	5.0	69.953186	2.263664	6.0	0.11568099999999999	2.318191	6.0	56.889388000000004	1.726759	1.0	14.171428	27.871199	2.0	43.220236	18.189287	3.0	0.019028	4.298058	4.0	90.658822	0.927233	6.0	69.823398
7948.0	1.0	23.716482	18.745575	2.347766	12.211889	0.17235799999999998	0.9108120000000001	0.698172	0.939149	35.28947	5.0	48.944185	61.31740500000001	3.0	0.011703	5.820463	4.0	35.229296999999995	5.970959	1.0	36.619597	70.19821400000001	6.0	90.086745	11.789530000000001	4.0	0.056562	0.115753	5.0	49.180178000000005	1.671399	4.0	92.187065
7961.0	1.0	2.581825	19.633966	14.890887	4.20939	0.951738	0.38516	0.375556	0.49736499999999995	18.606066000000002	3.0	61.099314	31.039151	1.0	0.013675	1.167133	5.0	75.386364	3.134687	5.0	59.501121999999995	54.630173	3.0	25.993398000000003	10.284821	6.0	0.018541	0.9608540000000001	5.0	1.812095	2.937665	2.0	33.186875
8053.0	1.0	29.067517	32.576895	3.942036	55.00003100000001	0.911258	0.852875	0.381	0.9758319999999999	74.49691800000001	2.0	38.053042	49.732341999999996	4.0	0.055302	5.859966	6.0	99.753963	1.8151259999999998	6.0	2.400014	17.378026000000002	1.0	64.817138	22.836792000000003	2.0	0.348602	3.341568	3.0	87.892563	1.108286	1.0	83.166437
8118.0	1.0	3.809903	21.126947	8.890261	71.362941	0.924048	0.32258000000000003	0.928182	0.678125	77.45944300000001	1.0	6.5000480000000005	58.530812	3.0	0.019042	2.454056	5.0	31.799919	1.88883	5.0	70.010876	30.009581	4.0	52.762163	53.281921	4.0	0.142027	5.7442470000000005	4.0	21.791786	1.8478919999999999	3.0	33.147209000000004
8346.0	1.0	2.272681	87.225981	2.8844060000000002	57.542758	0.408405	0.849217	0.937141	0.731679	28.174012	4.0	31.208006	9.303758	4.0	0.022647999999999998	4.655962000000001	1.0	47.636843	2.247016	2.0	40.77429	23.444534	3.0	50.058569	69.19805	5.0	0.011415	2.451373	1.0	91.31704599999999	4.9169339999999995	6.0	28.52807
8430.0	1.0	8.982973	93.823842	1.200542	78.00522099999999	0.168988	0.723162	0.837675	0.989283	63.265809	4.0	71.82279100000001	5.573402	5.0	0.015790000000000002	4.265141000000001	4.0	34.887867	2.323492	5.0	75.767557	27.635877	5.0	36.651151	74.143854	5.0	0.01798	3.9060699999999997	5.0	34.212167	3.314618	2.0	3.257388
8447.0	1.0	63.803313	31.331630999999998	48.274982	2.909394	0.969059	0.67796	0.818441	0.69867	73.59321800000001	6.0	12.168313000000001	54.704652	6.0	0.129727	3.5017089999999995	1.0	29.904018	4.034098999999999	4.0	28.355052	45.761069	3.0	73.63691899999999	47.555733000000004	5.0	0.012341	0.948775	5.0	89.71589300000001	3.3866980000000004	3.0	19.731069
8621.0	1.0	4.560822	29.250279	33.368776000000004	6.041229	0.769728	0.170825	0.213464	0.9149940000000001	75.928696	6.0	28.632396999999997	50.80984	3.0	0.5088199999999999	2.4749209999999997	1.0	52.004383000000004	3.275559	4.0	51.037535	45.800211	5.0	92.582027	7.677957000000001	3.0	0.035599	3.3783199999999995	4.0	18.057102	2.7900139999999998	5.0	31.86164
8663.0	1.0	18.779414000000003	16.255916	4.337393	8.776848	0.531764	0.592396	0.8322930000000001	0.951417	60.932182999999995	3.0	57.105943999999994	11.439328	3.0	0.04805	2.818058	2.0	51.147183	3.8773410000000004	5.0	62.967307	38.898148	6.0	32.604758000000004	9.515976	2.0	0.035881	0.746654	4.0	2.580314	3.230118	3.0	50.090121
8795.0	1.0	2.4688779999999997	70.769348	3.3832160000000004	91.714393	0.72444	0.722827	0.650103	0.489029	54.16386800000001	2.0	93.582358	69.338153	6.0	0.039857	5.178627	5.0	39.327943	3.939712	3.0	98.3986	54.834619999999994	2.0	30.402977000000003	69.129829	4.0	0.010976	5.089944	6.0	33.528731	5.620778	6.0	10.580953
8816.0	1.0	16.616478	13.81625	51.747246000000004	3.9337190000000004	0.9992139999999999	0.577749	0.9583079999999999	0.114408	46.14703	4.0	38.200292	23.151416	5.0	0.011209	3.721753	4.0	51.619535	5.679604	1.0	23.043045000000003	48.846817	4.0	96.59361899999999	45.227496	1.0	0.020141	0.161427	4.0	21.096211	5.844071	5.0	94.09446899999999
9093.0	1.0	1.596495	80.298867	90.460669	5.942609	0.9372510000000001	0.530705	0.499461	0.854864	24.884579000000002	4.0	97.446454	31.919165999999997	4.0	0.011399	2.242132	5.0	24.995960999999998	0.8160810000000001	1.0	25.784124	51.872221	6.0	48.301887	50.690785999999996	6.0	0.058069	4.985746	6.0	66.899939	5.247288	6.0	25.445716
9163.0	1.0	39.302665999999995	24.171917	4.045619	91.84172099999999	0.854773	0.33216	0.772179	0.850966	48.467560999999996	3.0	27.639713	1.029236	3.0	0.036981	4.9182559999999995	4.0	69.28720600000001	5.376607	5.0	72.595897	22.488139999999998	5.0	90.12989499999999	30.646371000000002	3.0	0.010034	2.952117	3.0	21.842265	0.33583	3.0	31.951990999999996
9393.0	1.0	2.814135	81.198349	81.68621999999999	4.6771769999999995	0.9903620000000001	0.8279290000000001	0.8859670000000001	0.990115	41.574751	2.0	5.195469999999999	59.540093999999996	5.0	0.035003	2.4753830000000003	4.0	9.989772	5.982988	2.0	13.744596	24.595685	5.0	35.451299	8.386596	2.0	0.20704899999999998	2.4218330000000003	2.0	69.132908	2.156521	1.0	32.345083
9407.0	1.0	2.100775	45.494882000000004	33.312748	3.573904	0.829867	0.908465	0.619398	0.146151	65.012755	5.0	69.699462	29.712359999999997	2.0	0.039488	1.851534	2.0	74.36319499999999	0.724486	4.0	42.870052	64.382712	6.0	92.33055	61.293868	1.0	0.025842	2.8872560000000003	1.0	30.859144	5.722703	3.0	62.712188
9492.0	1.0	23.296298	60.481761999999996	1.210367	99.663526	0.443003	0.33664299999999997	0.512269	0.221952	36.753623	5.0	86.652665	9.71521	2.0	0.011589	2.626395	5.0	52.445542	4.064176	5.0	40.078936	56.313873	2.0	7.362572999999999	74.361311	4.0	0.030043	2.04148	6.0	6.760314	5.572093	2.0	3.882631
9647.0	1.0	17.877109	11.223603	5.472497	8.165927	0.13818	0.584472	0.15762400000000001	0.36141	63.837821	3.0	22.926238	31.223823	4.0	0.011534	2.653665	1.0	86.53035200000001	5.605901	4.0	55.062762	33.557687	6.0	28.26434	50.135172	5.0	0.059016	2.2960439999999998	4.0	7.53445	4.381975	4.0	15.878542999999999
9700.0	1.0	33.62962	97.71415999999999	78.33280500000001	60.223713000000004	0.562053	0.10268699999999999	0.703955	0.257824	68.133003	1.0	10.643732	2.635727	6.0	0.013188	3.94616	6.0	29.769920000000003	1.746414	2.0	47.375758000000005	44.278127000000005	5.0	93.007499	8.426406	6.0	0.01654	5.368289	5.0	52.92	2.604899	5.0	41.993853
9710.0	1.0	3.726846	7.117953	66.648288	20.745824	0.151703	0.8370219999999999	0.6915399999999999	0.724739	67.218554	1.0	82.671628	1.570107	2.0	0.012477	3.18565	6.0	29.357218	1.7787650000000002	6.0	89.81728000000001	47.310333	5.0	27.935895000000002	59.62531800000001	1.0	0.019542	4.74064	1.0	56.105706000000005	5.312925	4.0	71.188185
9830.0	1.0	1.064711	49.320869	9.889053	19.927836	0.703657	0.138345	0.46906400000000004	0.40114	2.0270799999999998	5.0	28.316481	8.644696000000001	1.0	0.060786	1.669556	5.0	98.431195	2.946725	1.0	70.190634	60.499849	6.0	44.626811	29.727368	4.0	0.055894000000000006	1.248338	2.0	65.219595	5.114914	2.0	48.724705
9888.0	1.0	12.230861	57.673264	35.374738	21.964647	0.8242309999999999	0.515774	0.383954	0.9029459999999999	55.731967000000004	3.0	81.83279	53.397572	4.0	0.044754	5.4814680000000005	2.0	52.493329	5.086461	3.0	71.534288	62.812463	4.0	84.467413	59.996356000000006	3.0	0.010545	0.206326	1.0	4.140733999999999	4.333891	3.0	76.31917800000001
9900.0	1.0	82.866389	43.718693	7.645141000000001	94.566538	0.757123	0.933009	0.948902	0.790802	75.029448	5.0	71.85932199999999	68.81813000000001	1.0	0.024044	1.9688990000000002	5.0	60.157709999999994	4.211133	2.0	50.657128	51.638641	1.0	68.269328	14.170987	1.0	0.012950999999999999	4.561256	2.0	8.497662	4.586603	6.0	95.014395
9969.0	1.0	6.365124	12.970564	15.1509	18.732114000000003	0.9183600000000001	0.825617	0.448639	0.715425	54.989487	2.0	54.242879	30.18395	3.0	0.02547	4.264889	5.0	32.39604	1.2155049999999998	6.0	10.032287	74.27658000000001	3.0	51.45817	44.397374	6.0	0.016222	1.68545	3.0	43.803646	2.097697	4.0	5.260634
9979.0	1.0	78.482857	25.533749	20.853134	11.116563000000001	0.701697	0.760783	0.933673	0.650482	67.67403900000001	6.0	58.311192000000005	68.27425500000001	3.0	0.016411000000000002	2.4995830000000003	6.0	41.402155	0.598583	5.0	51.283035999999996	20.284164	6.0	43.919639000000004	20.605488	5.0	0.019413	4.799462	4.0	29.634959000000002	0.303727	5.0	74.649777
