3566.0	4.0	91.53526	16.683998000000003	89.634024	41.825412	0.262824	0.35643400000000003	0.435113	0.869999	10.312892999999999	1.0	85.17694200000001	4.876377	1.0	0.011904000000000001	4.332925	3.0	15.810383999999999	4.257994	2.0	97.424044	20.079691	2.0	76.400221	11.08076	3.0	60.860519999999994	18.151595999999998	1.0	0.049863	9.963085000000001	4.0	56.696342	2.979854	2.0	96.79601600000001
4445.0	4.0	45.148868	92.273652	90.080634	70.448438	0.4292	0.47302	0.616078	0.791257	0.627711	6.0	94.245914	15.173192000000002	6.0	0.064424	2.7280990000000003	6.0	57.837543000000004	4.294128	6.0	30.659551	17.39803	4.0	58.258669999999995	19.413672000000002	4.0	38.132538000000004	21.401243	1.0	0.045341	7.846201	2.0	75.796261	14.367257	4.0	5.029892
5322.0	4.0	70.893292	58.948733	45.688645	84.291235	0.852886	0.47406499999999996	0.696857	0.543655	20.445945000000002	3.0	74.022172	22.311331	4.0	0.033770999999999995	0.400449	6.0	78.538211	2.704453	5.0	84.088316	5.878658000000001	5.0	82.978143	1.595732	3.0	32.121321	18.599702	4.0	0.197857	10.659839999999999	3.0	87.264964	14.138634	3.0	82.484227
6307.0	4.0	89.689911	34.379651	59.212283	33.560743	0.34792399999999996	0.659567	0.689595	0.624416	10.56188	6.0	13.972910999999998	22.393196	1.0	0.02766	4.462306	4.0	87.069639	2.8475	5.0	76.277117	21.791075	2.0	40.369642	22.288611	5.0	67.302665	18.604434	4.0	0.10017000000000001	3.9886220000000003	3.0	14.68545	6.395976	2.0	4.0386050000000004
6565.0	4.0	87.497963	38.084365000000005	34.888853999999995	59.020235	0.263179	0.634311	0.620943	0.7280449999999999	7.255927000000001	6.0	30.847025	9.487287	5.0	0.063277	3.533691	6.0	56.139906999999994	6.021008999999999	6.0	70.204667	11.920382	4.0	83.92219399999999	5.40088	5.0	22.605804	20.666238	1.0	0.011733	10.394573	2.0	52.688988	7.279031	1.0	70.47258599999999
7331.0	4.0	14.067148999999999	14.781092000000001	76.766669	82.249385	0.161476	0.360614	0.548198	0.84062	12.717347	4.0	46.372538	18.107165	1.0	0.015899	0.922307	4.0	31.397178000000004	4.936194	3.0	45.815804	22.556452	1.0	39.656693	11.158137	2.0	40.5544	20.047836	4.0	0.085478	15.274192999999999	5.0	15.647314999999999	14.043493	2.0	10.116686
8347.0	4.0	79.44909399999999	18.023176	41.263867	98.345294	0.17621099999999998	0.827636	0.663971	0.9152399999999999	3.785185	4.0	37.212601	16.632842	5.0	0.020512	2.134789	6.0	48.441981	2.746369	5.0	24.928816	12.22932	5.0	7.230094	7.061821000000001	2.0	24.646794	16.344573	2.0	0.032715	19.10249	4.0	16.323135999999998	23.733675	5.0	29.826953000000003
8702.0	4.0	89.68429300000001	4.762793	62.690158	74.299454	0.289682	0.922776	0.487957	0.276998	1.219336	3.0	75.031242	14.286622	6.0	0.7634350000000001	1.096343	4.0	44.402931	1.521742	2.0	9.852521000000001	3.0901919999999996	6.0	51.619378999999995	12.429642999999999	3.0	44.747292	10.592347	1.0	0.018142	10.215568	2.0	53.352054	9.413302999999999	4.0	61.234044
3566.0	4.0	91.53526	16.683998000000003	89.634024	41.825412	0.262824	0.35643400000000003	0.435113	0.869999	10.312892999999999	1.0	85.17694200000001	4.876377	1.0	0.011904000000000001	4.332925	3.0	15.810383999999999	4.257994	2.0	97.424044	20.079691	2.0	76.400221	11.08076	3.0	60.860519999999994	18.151595999999998	1.0	0.049863	9.963085000000001	4.0	56.696342	2.979854	2.0	96.79601600000001
4445.0	4.0	45.148868	92.273652	90.080634	70.448438	0.4292	0.47302	0.616078	0.791257	0.627711	6.0	94.245914	15.173192000000002	6.0	0.064424	2.7280990000000003	6.0	57.837543000000004	4.294128	6.0	30.659551	17.39803	4.0	58.258669999999995	19.413672000000002	4.0	38.132538000000004	21.401243	1.0	0.045341	7.846201	2.0	75.796261	14.367257	4.0	5.029892
5322.0	4.0	70.893292	58.948733	45.688645	84.291235	0.852886	0.47406499999999996	0.696857	0.543655	20.445945000000002	3.0	74.022172	22.311331	4.0	0.033770999999999995	0.400449	6.0	78.538211	2.704453	5.0	84.088316	5.878658000000001	5.0	82.978143	1.595732	3.0	32.121321	18.599702	4.0	0.197857	10.659839999999999	3.0	87.264964	14.138634	3.0	82.484227
6307.0	4.0	89.689911	34.379651	59.212283	33.560743	0.34792399999999996	0.659567	0.689595	0.624416	10.56188	6.0	13.972910999999998	22.393196	1.0	0.02766	4.462306	4.0	87.069639	2.8475	5.0	76.277117	21.791075	2.0	40.369642	22.288611	5.0	67.302665	18.604434	4.0	0.10017000000000001	3.9886220000000003	3.0	14.68545	6.395976	2.0	4.0386050000000004
6565.0	4.0	87.497963	38.084365000000005	34.888853999999995	59.020235	0.263179	0.634311	0.620943	0.7280449999999999	7.255927000000001	6.0	30.847025	9.487287	5.0	0.063277	3.533691	6.0	56.139906999999994	6.021008999999999	6.0	70.204667	11.920382	4.0	83.92219399999999	5.40088	5.0	22.605804	20.666238	1.0	0.011733	10.394573	2.0	52.688988	7.279031	1.0	70.47258599999999
7331.0	4.0	14.067148999999999	14.781092000000001	76.766669	82.249385	0.161476	0.360614	0.548198	0.84062	12.717347	4.0	46.372538	18.107165	1.0	0.015899	0.922307	4.0	31.397178000000004	4.936194	3.0	45.815804	22.556452	1.0	39.656693	11.158137	2.0	40.5544	20.047836	4.0	0.085478	15.274192999999999	5.0	15.647314999999999	14.043493	2.0	10.116686
8347.0	4.0	79.44909399999999	18.023176	41.263867	98.345294	0.17621099999999998	0.827636	0.663971	0.9152399999999999	3.785185	4.0	37.212601	16.632842	5.0	0.020512	2.134789	6.0	48.441981	2.746369	5.0	24.928816	12.22932	5.0	7.230094	7.061821000000001	2.0	24.646794	16.344573	2.0	0.032715	19.10249	4.0	16.323135999999998	23.733675	5.0	29.826953000000003
8702.0	4.0	89.68429300000001	4.762793	62.690158	74.299454	0.289682	0.922776	0.487957	0.276998	1.219336	3.0	75.031242	14.286622	6.0	0.7634350000000001	1.096343	4.0	44.402931	1.521742	2.0	9.852521000000001	3.0901919999999996	6.0	51.619378999999995	12.429642999999999	3.0	44.747292	10.592347	1.0	0.018142	10.215568	2.0	53.352054	9.413302999999999	4.0	61.234044
