15.0	3.0	48.343156	1.1408559999999999	66.202896	29.118885	0.6039220000000001	0.277681	0.574202	0.536308	5.704505	1.0	10.641817999999999	4.1498610000000005	6.0	0.018338	0.897486	4.0	64.02168499999999	5.305378	1.0	55.678499	18.559909	2.0	79.87539	9.953641000000001	1.0	28.085838	20.651247	5.0	0.041444999999999996	12.956935000000001	2.0	16.987059	25.357242000000003	5.0	34.585772
16.0	3.0	50.63625	13.481774	31.457109000000003	59.745206	0.34210799999999997	0.953781	0.290033	0.452863	22.404482	5.0	38.9111	8.211628999999999	5.0	0.03692	1.341431	6.0	61.859079	1.086851	5.0	63.664224	14.53994	3.0	71.237418	22.335891	1.0	55.853739000000004	23.749029	2.0	0.016988	12.445276	2.0	59.401208	21.431498	5.0	24.015171
585.0	3.0	66.445897	10.14308	66.955804	29.053571	0.809517	0.622764	0.313225	0.728351	10.075003	5.0	74.282299	10.577636	5.0	0.036656	0.471822	4.0	41.964595	1.489103	4.0	14.216474	9.487949	4.0	70.862803	1.021691	3.0	91.03175300000001	10.437294	5.0	0.026716000000000004	0.8721530000000001	3.0	27.323437	3.643589	4.0	51.130933
859.0	3.0	54.295163	28.480819	86.477618	67.350378	0.298313	0.7041189999999999	0.635583	0.510121	5.484493	1.0	33.402475	17.648493	1.0	0.070922	4.1598809999999995	4.0	23.879753	5.973305	5.0	34.522288	21.196182	5.0	75.159126	0.37539	4.0	28.151548	4.424736	2.0	0.05285599999999999	2.67504	5.0	41.772868	22.435736	4.0	95.925636
2120.0	3.0	21.113839000000002	31.779858	45.352857	25.317118	0.727593	0.860685	0.138678	0.44805	0.48952700000000005	1.0	84.425849	23.077178	4.0	0.015594	4.372451	3.0	71.029382	5.973511	1.0	74.718405	22.593915	4.0	82.235017	0.8226450000000001	3.0	74.673698	4.481257	6.0	0.012125	2.924459	5.0	89.22546	15.087556	4.0	51.025019
3574.0	3.0	94.790233	3.165422	71.2788	29.839734000000004	0.416261	0.397525	0.311217	0.27220900000000003	23.649664	5.0	17.411281	19.172743	1.0	0.011418000000000001	3.462957	3.0	43.353643	2.757539	2.0	35.38926	8.817461999999999	1.0	15.750126000000002	0.645051	4.0	68.491913	8.119384	5.0	0.013503999999999999	7.621529	4.0	90.96749799999999	17.372881	6.0	27.697385999999998
3927.0	3.0	35.651109000000005	10.694593	56.22968100000001	29.890549	0.117501	0.925323	0.24243	0.5472640000000001	7.924402000000001	2.0	25.719271	20.110224	3.0	0.02521	3.828182	5.0	32.002280999999996	3.064108	3.0	9.388461	13.474176000000002	4.0	98.290912	0.937448	5.0	65.476069	19.886654999999998	3.0	0.014913999999999998	3.06779	2.0	1.6005120000000002	12.321786	5.0	68.388597
4019.0	3.0	46.083424	16.432054	69.106321	43.89862	0.174361	0.643755	0.23878200000000002	0.402223	13.031333	1.0	65.731368	25.38674	4.0	0.024867	5.357872	2.0	78.664736	1.8543779999999999	5.0	3.814754	19.329294	3.0	47.764157	16.475171	1.0	16.921879999999998	21.037492999999998	3.0	0.194986	4.585929	2.0	47.837354	21.059582000000002	6.0	45.252095000000004
4034.0	3.0	94.695305	1.247508	66.53303100000001	5.883383	0.28752	0.825464	0.43159	0.187836	14.871903	3.0	22.906794	7.4470089999999995	6.0	0.011771	6.212454	3.0	42.976313	2.033417	4.0	10.067994	19.878041	5.0	8.273037	5.300103	4.0	13.097636	6.722969	6.0	0.024102000000000002	15.824988000000001	4.0	21.513034	9.260697	6.0	65.52736800000001
5100.0	3.0	81.340053	10.417596000000001	12.00651	81.158523	0.758941	0.772786	0.132733	0.47237799999999996	4.978768	2.0	95.515072	6.960603	4.0	0.250583	6.246075	4.0	56.648403	5.794599	3.0	33.273534999999995	10.400924	1.0	77.93453000000001	20.960253	6.0	6.81538	15.954099	6.0	0.067725	13.637454	1.0	97.63039300000001	22.03441	4.0	96.540448
5727.0	3.0	27.693346999999996	5.050618	93.528819	38.138488	0.167399	0.5353060000000001	0.163103	0.678235	2.860131	1.0	61.820306	14.725759	5.0	0.072724	3.383599	6.0	22.680979999999998	1.51515	1.0	51.168314	11.198039	5.0	47.864979	11.845891	4.0	13.603194	5.06957	4.0	0.01466	5.6077650000000006	2.0	55.669138000000004	14.216028	3.0	29.717683
5758.0	3.0	62.382146999999996	7.7368630000000005	87.53434	35.485861	0.8034	0.8612719999999999	0.38374400000000003	0.8574	12.088833000000001	5.0	6.441173	5.983804	6.0	0.011792	3.808676	6.0	33.943107	0.628938	5.0	76.45026999999999	16.936841	2.0	32.8112	2.970165	2.0	3.4223260000000004	7.038291	4.0	0.154703	0.402766	6.0	64.85209300000001	23.070466	5.0	88.103859
5777.0	3.0	96.874091	14.757381	55.454336	25.725707	0.7947390000000001	0.945282	0.871859	0.722164	1.435801	4.0	14.687695000000001	13.125369000000001	2.0	0.123402	2.655846	4.0	11.923987	4.3329699999999995	3.0	56.361523	10.639457	6.0	84.479501	20.394918	3.0	3.196065	3.8570309999999997	2.0	0.01383	2.1750599999999998	2.0	72.795902	4.536173000000001	6.0	44.302465999999995
6436.0	3.0	61.694876	4.1828129999999994	59.411457999999996	65.164413	0.133666	0.9644739999999999	0.31217399999999995	0.9466559999999999	22.202765	5.0	24.336098	12.4544	5.0	0.061936	5.350073	4.0	61.118326	4.851393	2.0	69.65864599999999	11.516147	1.0	97.645227	17.488255	1.0	37.437936	6.340758999999999	2.0	0.020308	1.000086	2.0	13.102067	18.622943	5.0	94.65647
7728.0	3.0	65.25973499999999	2.342238	34.93913	85.87915	0.46805	0.662737	0.35317600000000005	0.571792	21.787022	1.0	16.44876	11.728953	2.0	0.010112999999999999	3.5381169999999997	3.0	21.429842	1.602241	2.0	64.481326	3.792879	1.0	47.723746000000006	5.84807	1.0	1.909457	9.060536	2.0	0.01342	17.239452	6.0	71.264386	11.523598	4.0	84.43415300000001
7819.0	3.0	26.154551	12.311565	25.693853	47.534436	0.265328	0.8732190000000001	0.18653499999999998	0.8473229999999999	18.042945	4.0	79.116315	24.988935	5.0	0.012615000000000001	0.30939	2.0	74.91381700000001	4.108993	4.0	42.260197999999995	7.787965	2.0	20.271573	1.961728	4.0	11.356883999999999	19.052421	4.0	0.024406	16.387203	1.0	79.292771	19.602237	5.0	84.080288
9561.0	3.0	74.24745300000001	23.381157	56.511235	30.862957	0.7787069999999999	0.770696	0.315154	0.44958400000000004	8.805292	2.0	46.3408	16.349554	3.0	0.027918000000000002	1.0220280000000002	4.0	93.205675	0.903121	4.0	89.342828	19.646059	5.0	86.783367	3.226226	4.0	92.096688	9.324377	5.0	0.051285000000000004	6.408837999999999	1.0	1.3424690000000001	25.267383	5.0	39.997615
9727.0	3.0	99.315274	1.845236	84.873975	29.368965000000003	0.228735	0.987942	0.17858	0.316229	18.154926	5.0	61.945311	21.912226999999998	4.0	0.010825	2.365781	5.0	51.241482	4.629976999999999	3.0	68.01243199999999	12.648543	1.0	59.332815000000004	17.420658	2.0	42.623084999999996	18.700893	5.0	0.013574000000000001	15.780829999999998	3.0	60.227830000000004	17.056501	5.0	61.61996
9991.0	3.0	95.100771	1.103569	72.46855699999999	49.996631	0.457344	0.9050590000000001	0.321695	0.56648	13.480120999999999	5.0	65.460532	20.790243	2.0	0.021121	1.300792	6.0	69.551351	4.591099	5.0	77.321237	2.110414	6.0	16.497939000000002	16.185719	3.0	2.474109	21.503941	4.0	0.018141	3.9473730000000002	3.0	71.832607	23.37905	2.0	75.71764399999999
15.0	3.0	48.343156	1.1408559999999999	66.202896	29.118885	0.6039220000000001	0.277681	0.574202	0.536308	5.704505	1.0	10.641817999999999	4.1498610000000005	6.0	0.018338	0.897486	4.0	64.02168499999999	5.305378	1.0	55.678499	18.559909	2.0	79.87539	9.953641000000001	1.0	28.085838	20.651247	5.0	0.041444999999999996	12.956935000000001	2.0	16.987059	25.357242000000003	5.0	34.585772
16.0	3.0	50.63625	13.481774	31.457109000000003	59.745206	0.34210799999999997	0.953781	0.290033	0.452863	22.404482	5.0	38.9111	8.211628999999999	5.0	0.03692	1.341431	6.0	61.859079	1.086851	5.0	63.664224	14.53994	3.0	71.237418	22.335891	1.0	55.853739000000004	23.749029	2.0	0.016988	12.445276	2.0	59.401208	21.431498	5.0	24.015171
585.0	3.0	66.445897	10.14308	66.955804	29.053571	0.809517	0.622764	0.313225	0.728351	10.075003	5.0	74.282299	10.577636	5.0	0.036656	0.471822	4.0	41.964595	1.489103	4.0	14.216474	9.487949	4.0	70.862803	1.021691	3.0	91.03175300000001	10.437294	5.0	0.026716000000000004	0.8721530000000001	3.0	27.323437	3.643589	4.0	51.130933
859.0	3.0	54.295163	28.480819	86.477618	67.350378	0.298313	0.7041189999999999	0.635583	0.510121	5.484493	1.0	33.402475	17.648493	1.0	0.070922	4.1598809999999995	4.0	23.879753	5.973305	5.0	34.522288	21.196182	5.0	75.159126	0.37539	4.0	28.151548	4.424736	2.0	0.05285599999999999	2.67504	5.0	41.772868	22.435736	4.0	95.925636
2120.0	3.0	21.113839000000002	31.779858	45.352857	25.317118	0.727593	0.860685	0.138678	0.44805	0.48952700000000005	1.0	84.425849	23.077178	4.0	0.015594	4.372451	3.0	71.029382	5.973511	1.0	74.718405	22.593915	4.0	82.235017	0.8226450000000001	3.0	74.673698	4.481257	6.0	0.012125	2.924459	5.0	89.22546	15.087556	4.0	51.025019
3574.0	3.0	94.790233	3.165422	71.2788	29.839734000000004	0.416261	0.397525	0.311217	0.27220900000000003	23.649664	5.0	17.411281	19.172743	1.0	0.011418000000000001	3.462957	3.0	43.353643	2.757539	2.0	35.38926	8.817461999999999	1.0	15.750126000000002	0.645051	4.0	68.491913	8.119384	5.0	0.013503999999999999	7.621529	4.0	90.96749799999999	17.372881	6.0	27.697385999999998
3927.0	3.0	35.651109000000005	10.694593	56.22968100000001	29.890549	0.117501	0.925323	0.24243	0.5472640000000001	7.924402000000001	2.0	25.719271	20.110224	3.0	0.02521	3.828182	5.0	32.002280999999996	3.064108	3.0	9.388461	13.474176000000002	4.0	98.290912	0.937448	5.0	65.476069	19.886654999999998	3.0	0.014913999999999998	3.06779	2.0	1.6005120000000002	12.321786	5.0	68.388597
4019.0	3.0	46.083424	16.432054	69.106321	43.89862	0.174361	0.643755	0.23878200000000002	0.402223	13.031333	1.0	65.731368	25.38674	4.0	0.024867	5.357872	2.0	78.664736	1.8543779999999999	5.0	3.814754	19.329294	3.0	47.764157	16.475171	1.0	16.921879999999998	21.037492999999998	3.0	0.194986	4.585929	2.0	47.837354	21.059582000000002	6.0	45.252095000000004
4034.0	3.0	94.695305	1.247508	66.53303100000001	5.883383	0.28752	0.825464	0.43159	0.187836	14.871903	3.0	22.906794	7.4470089999999995	6.0	0.011771	6.212454	3.0	42.976313	2.033417	4.0	10.067994	19.878041	5.0	8.273037	5.300103	4.0	13.097636	6.722969	6.0	0.024102000000000002	15.824988000000001	4.0	21.513034	9.260697	6.0	65.52736800000001
5100.0	3.0	81.340053	10.417596000000001	12.00651	81.158523	0.758941	0.772786	0.132733	0.47237799999999996	4.978768	2.0	95.515072	6.960603	4.0	0.250583	6.246075	4.0	56.648403	5.794599	3.0	33.273534999999995	10.400924	1.0	77.93453000000001	20.960253	6.0	6.81538	15.954099	6.0	0.067725	13.637454	1.0	97.63039300000001	22.03441	4.0	96.540448
5727.0	3.0	27.693346999999996	5.050618	93.528819	38.138488	0.167399	0.5353060000000001	0.163103	0.678235	2.860131	1.0	61.820306	14.725759	5.0	0.072724	3.383599	6.0	22.680979999999998	1.51515	1.0	51.168314	11.198039	5.0	47.864979	11.845891	4.0	13.603194	5.06957	4.0	0.01466	5.6077650000000006	2.0	55.669138000000004	14.216028	3.0	29.717683
5758.0	3.0	62.382146999999996	7.7368630000000005	87.53434	35.485861	0.8034	0.8612719999999999	0.38374400000000003	0.8574	12.088833000000001	5.0	6.441173	5.983804	6.0	0.011792	3.808676	6.0	33.943107	0.628938	5.0	76.45026999999999	16.936841	2.0	32.8112	2.970165	2.0	3.4223260000000004	7.038291	4.0	0.154703	0.402766	6.0	64.85209300000001	23.070466	5.0	88.103859
5777.0	3.0	96.874091	14.757381	55.454336	25.725707	0.7947390000000001	0.945282	0.871859	0.722164	1.435801	4.0	14.687695000000001	13.125369000000001	2.0	0.123402	2.655846	4.0	11.923987	4.3329699999999995	3.0	56.361523	10.639457	6.0	84.479501	20.394918	3.0	3.196065	3.8570309999999997	2.0	0.01383	2.1750599999999998	2.0	72.795902	4.536173000000001	6.0	44.302465999999995
6436.0	3.0	61.694876	4.1828129999999994	59.411457999999996	65.164413	0.133666	0.9644739999999999	0.31217399999999995	0.9466559999999999	22.202765	5.0	24.336098	12.4544	5.0	0.061936	5.350073	4.0	61.118326	4.851393	2.0	69.65864599999999	11.516147	1.0	97.645227	17.488255	1.0	37.437936	6.340758999999999	2.0	0.020308	1.000086	2.0	13.102067	18.622943	5.0	94.65647
7728.0	3.0	65.25973499999999	2.342238	34.93913	85.87915	0.46805	0.662737	0.35317600000000005	0.571792	21.787022	1.0	16.44876	11.728953	2.0	0.010112999999999999	3.5381169999999997	3.0	21.429842	1.602241	2.0	64.481326	3.792879	1.0	47.723746000000006	5.84807	1.0	1.909457	9.060536	2.0	0.01342	17.239452	6.0	71.264386	11.523598	4.0	84.43415300000001
7819.0	3.0	26.154551	12.311565	25.693853	47.534436	0.265328	0.8732190000000001	0.18653499999999998	0.8473229999999999	18.042945	4.0	79.116315	24.988935	5.0	0.012615000000000001	0.30939	2.0	74.91381700000001	4.108993	4.0	42.260197999999995	7.787965	2.0	20.271573	1.961728	4.0	11.356883999999999	19.052421	4.0	0.024406	16.387203	1.0	79.292771	19.602237	5.0	84.080288
9561.0	3.0	74.24745300000001	23.381157	56.511235	30.862957	0.7787069999999999	0.770696	0.315154	0.44958400000000004	8.805292	2.0	46.3408	16.349554	3.0	0.027918000000000002	1.0220280000000002	4.0	93.205675	0.903121	4.0	89.342828	19.646059	5.0	86.783367	3.226226	4.0	92.096688	9.324377	5.0	0.051285000000000004	6.408837999999999	1.0	1.3424690000000001	25.267383	5.0	39.997615
9727.0	3.0	99.315274	1.845236	84.873975	29.368965000000003	0.228735	0.987942	0.17858	0.316229	18.154926	5.0	61.945311	21.912226999999998	4.0	0.010825	2.365781	5.0	51.241482	4.629976999999999	3.0	68.01243199999999	12.648543	1.0	59.332815000000004	17.420658	2.0	42.623084999999996	18.700893	5.0	0.013574000000000001	15.780829999999998	3.0	60.227830000000004	17.056501	5.0	61.61996
9991.0	3.0	95.100771	1.103569	72.46855699999999	49.996631	0.457344	0.9050590000000001	0.321695	0.56648	13.480120999999999	5.0	65.460532	20.790243	2.0	0.021121	1.300792	6.0	69.551351	4.591099	5.0	77.321237	2.110414	6.0	16.497939000000002	16.185719	3.0	2.474109	21.503941	4.0	0.018141	3.9473730000000002	3.0	71.832607	23.37905	2.0	75.71764399999999
