286.0	4.0	60.781001	52.931039	17.18755	44.751915000000004	0.438856	0.324787	0.925567	0.43951899999999994	15.016456	5.0	77.178649	8.245502	6.0	0.11996	5.592066	4.0	15.539992999999999	4.909741	4.0	13.956251000000002	4.925969	2.0	41.533976	9.572089	6.0	16.931155	8.198151	4.0	0.014137	4.662368	2.0	62.427128	0.971591	4.0	12.582564
984.0	4.0	6.596203	33.187611	50.001036	32.674374	0.226543	0.5423720000000001	0.9775229999999999	0.44429799999999997	14.332320999999999	2.0	5.95109	7.076086	2.0	0.02538	3.8142410000000004	5.0	55.657847	0.311879	3.0	69.844383	9.388477	6.0	15.742138	13.03069	6.0	14.652966000000001	10.722959	6.0	0.011855	4.766401	2.0	27.361263	0.545455	3.0	79.4588
1044.0	4.0	11.850408	86.1	60.970169999999996	36.447151	0.618069	0.258475	0.746768	0.38959699999999997	14.025789000000001	5.0	86.18825	2.1482740000000002	1.0	0.26929200000000003	3.266422	3.0	4.734851	2.371137	1.0	86.80885699999999	6.371358	1.0	22.341946	23.900504	3.0	51.624981	12.8572	3.0	0.080705	2.402591	2.0	22.895622	15.746003	3.0	65.121996
1174.0	4.0	71.49164499999999	62.216113	91.71366	48.691582000000004	0.128081	0.513642	0.281452	0.685434	21.960247	3.0	5.349773	5.190098	4.0	0.015809	4.697126	6.0	60.125026	4.961979	3.0	64.488351	16.244487	6.0	29.392751	10.763781	4.0	69.400222	21.803093	4.0	0.011783	3.3355300000000003	2.0	12.595016000000001	19.41455	3.0	26.955694
1214.0	4.0	95.327975	78.498148	99.946485	33.822305	0.999268	0.42656099999999997	0.22448400000000002	0.194105	4.213737999999999	1.0	22.069111	13.744022	5.0	0.049283	1.7028169999999998	1.0	76.24649699999999	4.03606	1.0	46.764072999999996	11.745549	6.0	84.46507700000001	0.5542560000000001	5.0	27.043418	1.642009	2.0	0.021302	5.647225	4.0	75.22059399999999	16.104366	6.0	72.562274
1768.0	4.0	70.438591	56.486975	38.346513	53.426102	0.597973	0.837678	0.391563	0.438853	16.480742000000003	4.0	54.203136	14.689497	3.0	0.031218	1.2459040000000001	3.0	29.70557	2.012696	5.0	46.679452000000005	19.289609	1.0	13.832604000000002	21.628295	5.0	27.616683000000002	16.130685999999997	3.0	0.015806999999999998	2.193418	2.0	59.708605000000006	0.348475	4.0	76.700242
1798.0	4.0	51.580146	59.805468000000005	48.306548	43.459925	0.16530899999999998	0.378187	0.580703	0.574959	17.561041	5.0	93.252042	24.145514000000002	1.0	0.028702999999999996	5.403914	6.0	57.254957999999995	1.542	6.0	70.008815	3.214305	5.0	46.633039000000004	16.847134	3.0	16.015231	5.579859	1.0	0.052739	0.644922	1.0	10.456453	8.682431	6.0	14.358429999999998
2694.0	4.0	21.772022	45.68546	73.817931	69.483593	0.65237	0.379612	0.812175	0.25185100000000005	9.237123	3.0	15.387745	14.434035999999999	1.0	0.010057	2.191338	3.0	17.723546	0.137598	2.0	51.500214	21.246406	1.0	54.116473	15.593279	3.0	29.215238	14.877588000000001	5.0	0.037901	13.426986999999999	1.0	41.424687	7.800805	6.0	66.581926
2741.0	4.0	74.18705200000001	99.226658	28.059997999999997	37.631265	0.6121979999999999	0.46161800000000003	0.864226	0.625007	4.478181	6.0	78.196761	0.7679819999999999	4.0	0.014415	0.568521	3.0	65.680121	2.14012	5.0	10.087014	13.345679999999998	6.0	62.141065000000005	2.303154	4.0	84.736814	9.063765	3.0	0.042225	0.763764	3.0	80.200177	4.073112999999999	2.0	23.529269
2946.0	4.0	89.404302	92.36885500000001	45.364447999999996	82.661525	0.722394	0.599878	0.657874	0.383002	21.636777	5.0	51.547719	2.1414720000000003	5.0	0.082745	3.952232	5.0	14.226931	4.890171	4.0	7.724525999999999	7.757250999999999	3.0	43.767901	21.193801	6.0	12.343422	8.402655000000001	4.0	0.015580000000000002	3.584946	4.0	14.006843	7.180681	4.0	39.011007
3481.0	4.0	69.679266	67.05411	67.178527	86.994794	0.6774979999999999	0.289407	0.232979	0.117459	7.4184410000000005	5.0	24.089185999999998	4.70185	2.0	0.249977	4.956861	5.0	54.575578	4.837489	1.0	70.361561	14.266131	5.0	59.240014	11.651428999999998	5.0	30.03691	7.374557000000001	6.0	0.0195	9.905346	6.0	57.667469999999994	16.070869000000002	3.0	47.986901
3550.0	4.0	87.600537	57.698696	71.709749	73.816546	0.909726	0.33171799999999996	0.168508	0.400537	18.549162	1.0	41.467591999999996	16.354975	1.0	0.039057	5.4556510000000005	4.0	66.152362	4.852258999999999	1.0	2.364466	10.136583	6.0	74.89256800000001	1.502777	3.0	90.469109	15.545441	3.0	0.011628	11.243103999999999	2.0	3.521632	14.741464	4.0	23.505228
3671.0	4.0	41.54658	54.811756	68.113919	8.271361	0.619663	0.31809899999999997	0.832076	0.168986	23.664362	6.0	36.02219	19.172028	5.0	0.025377	6.044630000000001	5.0	36.550778	0.087474	6.0	27.68802	7.866675999999999	2.0	68.591577	5.036341	2.0	34.089533	5.842517	6.0	0.046386000000000004	2.613743	5.0	40.090682	24.587889999999998	1.0	52.753609
3692.0	4.0	66.972536	25.842509	95.93121	54.396283999999994	0.330933	0.948808	0.983052	0.6281	19.781932	3.0	92.322649	8.635274	4.0	0.019399	3.68545	6.0	34.298305	0.176899	2.0	86.258902	4.8668059999999995	2.0	40.966927	19.898603	6.0	45.195333000000005	2.207759	5.0	0.015747999999999998	9.443419	5.0	6.075016000000001	2.516681	5.0	90.709333
4448.0	4.0	64.311762	73.65771099999999	47.330273	35.541338	0.188095	0.851708	0.41011499999999995	0.11886500000000001	13.678196	1.0	98.070114	23.697865	5.0	0.22127399999999997	3.166424	6.0	51.239989	2.933468	5.0	69.231809	20.283291000000002	1.0	27.180611	17.413566	6.0	38.10934	2.1358509999999997	3.0	0.020505000000000002	15.438894	1.0	80.710854	1.1016219999999999	4.0	69.016163
4924.0	4.0	32.464172	6.629739	8.864531	64.447763	0.212195	0.314848	0.6036590000000001	0.890191	9.689588	2.0	44.779497	9.316738	5.0	0.019219999999999998	1.256968	5.0	74.769319	3.2817519999999996	6.0	1.24329	5.70447	6.0	41.442201000000004	0.655012	5.0	5.998528	14.067919	6.0	0.183748	11.663758999999999	3.0	3.3422300000000003	9.423452000000001	3.0	13.828
4978.0	4.0	94.87519300000001	94.565442	21.750019	95.88821899999999	0.797175	0.925947	0.47803500000000004	0.140826	1.1905	5.0	96.407368	12.425647	5.0	0.011968000000000001	0.818172	5.0	8.750532000000002	0.066976	6.0	31.050791999999998	17.58691	4.0	33.614132	12.270845	6.0	22.776695	17.376521	6.0	0.013065	1.874373	6.0	12.262666000000001	24.036561	6.0	75.339894
4992.0	4.0	38.852995	17.826878	63.79558299999999	42.085832	0.9493809999999999	0.154195	0.9062479999999999	0.40076100000000003	10.130719000000001	2.0	40.457053	14.859925	5.0	0.07157000000000001	0.565445	2.0	93.522739	0.15457200000000001	1.0	39.184915999999994	13.058910000000001	3.0	6.543613	16.038422	5.0	98.708646	5.083286	4.0	0.038522	0.7336739999999999	5.0	16.205958	1.325508	6.0	89.637198
5394.0	4.0	80.602509	37.651069	70.26140600000001	28.526245	0.12925599999999998	0.757351	0.552014	0.287058	23.320263	5.0	25.117728	8.912808	2.0	0.029789	0.910243	6.0	89.30775	2.468207	2.0	14.880176	21.521637	6.0	8.910027000000001	11.0566	5.0	17.001469	1.194618	2.0	0.018903	10.370664	1.0	71.81687600000001	5.490325	5.0	65.07060200000001
5423.0	4.0	40.821915999999995	23.008454	67.5027	75.909273	0.10153	0.789902	0.581174	0.356415	8.60411	4.0	64.364987	13.341378	5.0	0.097005	5.250243	5.0	94.960647	0.427803	1.0	45.46385	17.686486	6.0	4.597594	19.502021	4.0	67.565422	3.237701	4.0	0.033351	13.889214	1.0	41.932746	12.769638	1.0	12.509684
5501.0	4.0	95.54342700000001	95.33492199999999	12.159272999999999	73.224499	0.622537	0.31409699999999996	0.8072010000000001	0.115596	11.928436999999999	3.0	83.984178	16.293406	2.0	0.060396000000000005	2.225698	5.0	45.504391999999996	3.516744	5.0	13.054692	3.4639300000000004	6.0	68.97581	9.09602	5.0	34.667947999999996	10.920353	2.0	0.020777	5.416978	1.0	94.638193	14.310832999999999	6.0	17.909693
5730.0	4.0	23.103497	42.032415	5.264195	43.000323	0.45191000000000003	0.529383	0.131192	0.101309	23.023395999999998	1.0	76.688171	3.3106489999999997	3.0	0.25092600000000004	3.973904	4.0	72.38449399999999	0.345454	2.0	62.43724	11.220517999999998	3.0	6.995889	3.7276010000000004	3.0	2.922025	10.743994	4.0	0.019516	9.722595	1.0	78.98445500000001	16.226077	5.0	70.24732900000001
5978.0	4.0	18.774658	82.5146	17.035534	45.502212	0.745999	0.21279499999999998	0.9242540000000001	0.570267	12.721089	1.0	85.215228	23.945401	1.0	0.025279	3.9306389999999998	5.0	80.52090799999999	4.419851	3.0	7.699412	21.610431	4.0	78.181306	15.292541	1.0	93.384989	16.389854999999997	5.0	0.0121	2.1872689999999997	4.0	38.369652	0.987267	5.0	81.312606
6099.0	4.0	36.001994	59.712343999999995	53.231967000000004	62.162624	0.8243940000000001	0.35465599999999997	0.890072	0.473929	10.081156	5.0	69.179925	23.698879	5.0	0.317766	4.638364	6.0	41.368829	0.42963199999999996	2.0	45.690234999999994	22.097857	2.0	83.610955	5.602484	2.0	57.124552	5.507369000000001	2.0	0.012109	1.205265	4.0	42.503634000000005	1.761318	2.0	29.003059999999998
6471.0	4.0	46.647327000000004	80.76839	54.960529	28.481440000000003	0.389183	0.48966099999999996	0.412546	0.366456	17.130084	5.0	40.345292	9.741524	3.0	0.018857	1.133485	4.0	89.147403	2.634493	3.0	18.62161	1.303392	5.0	89.9081	23.672545	6.0	87.150448	14.31625	6.0	0.012442	0.872876	2.0	50.432421000000005	6.314064	6.0	35.757659999999994
7471.0	4.0	19.219486	14.847458	92.768238	14.254563000000001	0.7808	0.747526	0.834023	0.982352	5.346176	5.0	18.061452	4.298536	5.0	0.139514	2.8514009999999996	5.0	58.602066	5.303719	3.0	1.1702	7.981078	2.0	64.174699	5.569287	1.0	1.070821	2.8004580000000003	5.0	0.015096	2.2093700000000003	4.0	13.356873	1.272702	2.0	83.394363
7829.0	4.0	99.206082	91.666646	48.377834	69.506613	0.444208	0.314785	0.6274890000000001	0.37406799999999996	18.970473000000002	1.0	28.337588	12.519761	5.0	0.017287	0.427234	1.0	59.853852	0.230409	1.0	29.289174	11.296388	4.0	51.857611	8.702014	4.0	96.127094	16.06281	5.0	0.054009	8.764687	2.0	77.96688499999999	1.08928	6.0	48.953927
8026.0	4.0	91.692954	37.378197	87.70711899999999	94.144177	0.43943699999999997	0.63456	0.301388	0.8658319999999999	15.857942000000001	1.0	88.476197	12.980048	3.0	0.022208000000000002	1.7593159999999999	5.0	5.945444999999999	1.7720080000000002	1.0	66.350835	2.3921069999999998	1.0	34.078876	13.706610999999999	6.0	5.412866	1.192126	4.0	0.029908999999999998	7.790694	1.0	77.887404	10.25555	3.0	63.167786
8144.0	4.0	34.026059000000004	50.174054	69.093228	49.414629999999995	0.6768350000000001	0.518191	0.386567	0.49077	6.26581	6.0	3.9954629999999995	24.587515	4.0	0.21860300000000002	4.745083	4.0	9.266278	6.182117	6.0	4.345435	7.301649	5.0	82.572162	10.357526	2.0	38.285973	2.59416	2.0	0.011526	0.837564	6.0	8.330254	14.485776999999999	1.0	35.769878000000006
8236.0	4.0	75.154046	67.76603	68.06971	26.912772999999998	0.1585	0.530356	0.586501	0.231334	10.901094	2.0	33.04955	3.007428	2.0	0.027776	6.241731	3.0	39.416934000000005	3.8373519999999997	4.0	2.60528	22.871916	6.0	33.180452	23.881037	1.0	39.392703000000004	14.125294	2.0	0.010264	2.5480650000000002	2.0	46.780343	6.8890839999999995	6.0	35.711188
8365.0	4.0	16.412681	73.805651	46.943381	97.994969	0.10439000000000001	0.184409	0.5943609999999999	0.887301	13.710582999999998	3.0	42.945194	8.423900999999999	2.0	0.010101	1.551708	1.0	11.406147	0.14003800000000002	2.0	42.318752	7.67709	6.0	39.819492	17.616095	5.0	81.055796	9.513784	1.0	0.019472999999999997	0.6458119999999999	2.0	48.584118	0.761075	4.0	26.997840999999998
8399.0	4.0	83.06710600000001	76.098548	12.485954	97.056498	0.682717	0.44568199999999997	0.216687	0.40152600000000005	15.666228	5.0	43.038295	11.217111000000001	2.0	0.027175	0.7724340000000001	4.0	28.222315999999996	1.5312299999999999	1.0	69.091138	11.211913000000001	1.0	46.231009	10.425763	6.0	19.843270999999998	15.717058999999999	6.0	0.014780000000000001	0.455258	6.0	70.074287	1.0543120000000001	4.0	82.086152
8939.0	4.0	43.002526	91.550525	35.023472999999996	30.622588	0.500629	0.189891	0.892034	0.322767	3.189295	4.0	29.497338	22.036493	2.0	0.040396	3.079009	2.0	81.046796	1.054137	5.0	48.49763	19.945164000000002	1.0	5.10657	0.509464	5.0	83.043962	14.277496	5.0	0.015304	0.27397699999999997	2.0	53.613691	19.635686	3.0	61.121437
9113.0	4.0	10.768661	25.743603	39.542027000000004	80.97340200000001	0.12868800000000002	0.654174	0.6926329999999999	0.724653	10.065635	3.0	70.018068	22.449514	2.0	0.018621000000000002	3.995967	3.0	4.714544	3.9153309999999997	5.0	86.17889699999999	3.637748	3.0	83.27393000000001	2.526423	5.0	95.186273	7.344644000000001	3.0	0.157565	5.0951260000000005	1.0	39.573816	16.468829	6.0	11.559712
9233.0	4.0	6.509397	56.366259	21.121102	77.557244	0.173925	0.808545	0.43503800000000004	0.33993	5.339572	1.0	53.114931000000006	16.586235000000002	5.0	0.017616999999999997	4.683631	4.0	42.971946	0.9155639999999999	3.0	2.5416060000000003	11.721043	5.0	62.86410600000001	9.518322999999999	4.0	62.552055	6.842258999999999	5.0	0.025793	1.422891	6.0	13.045127	4.798421	4.0	18.200349
9851.0	4.0	59.801334	93.47275	84.724967	37.704339000000004	0.9418850000000001	0.148341	0.49199499999999996	0.864237	12.882171000000001	3.0	99.101086	24.563514	3.0	0.015875	3.4299699999999995	5.0	59.515824	2.43815	1.0	14.469726999999999	6.898139	3.0	48.913197	6.442686	1.0	31.141871999999996	19.442422	4.0	0.01015	1.217242	1.0	89.594557	6.514076	5.0	78.288635
286.0	4.0	60.781001	52.931039	17.18755	44.751915000000004	0.438856	0.324787	0.925567	0.43951899999999994	15.016456	5.0	77.178649	8.245502	6.0	0.11996	5.592066	4.0	15.539992999999999	4.909741	4.0	13.956251000000002	4.925969	2.0	41.533976	9.572089	6.0	16.931155	8.198151	4.0	0.014137	4.662368	2.0	62.427128	0.971591	4.0	12.582564
984.0	4.0	6.596203	33.187611	50.001036	32.674374	0.226543	0.5423720000000001	0.9775229999999999	0.44429799999999997	14.332320999999999	2.0	5.95109	7.076086	2.0	0.02538	3.8142410000000004	5.0	55.657847	0.311879	3.0	69.844383	9.388477	6.0	15.742138	13.03069	6.0	14.652966000000001	10.722959	6.0	0.011855	4.766401	2.0	27.361263	0.545455	3.0	79.4588
1044.0	4.0	11.850408	86.1	60.970169999999996	36.447151	0.618069	0.258475	0.746768	0.38959699999999997	14.025789000000001	5.0	86.18825	2.1482740000000002	1.0	0.26929200000000003	3.266422	3.0	4.734851	2.371137	1.0	86.80885699999999	6.371358	1.0	22.341946	23.900504	3.0	51.624981	12.8572	3.0	0.080705	2.402591	2.0	22.895622	15.746003	3.0	65.121996
1174.0	4.0	71.49164499999999	62.216113	91.71366	48.691582000000004	0.128081	0.513642	0.281452	0.685434	21.960247	3.0	5.349773	5.190098	4.0	0.015809	4.697126	6.0	60.125026	4.961979	3.0	64.488351	16.244487	6.0	29.392751	10.763781	4.0	69.400222	21.803093	4.0	0.011783	3.3355300000000003	2.0	12.595016000000001	19.41455	3.0	26.955694
1214.0	4.0	95.327975	78.498148	99.946485	33.822305	0.999268	0.42656099999999997	0.22448400000000002	0.194105	4.213737999999999	1.0	22.069111	13.744022	5.0	0.049283	1.7028169999999998	1.0	76.24649699999999	4.03606	1.0	46.764072999999996	11.745549	6.0	84.46507700000001	0.5542560000000001	5.0	27.043418	1.642009	2.0	0.021302	5.647225	4.0	75.22059399999999	16.104366	6.0	72.562274
1768.0	4.0	70.438591	56.486975	38.346513	53.426102	0.597973	0.837678	0.391563	0.438853	16.480742000000003	4.0	54.203136	14.689497	3.0	0.031218	1.2459040000000001	3.0	29.70557	2.012696	5.0	46.679452000000005	19.289609	1.0	13.832604000000002	21.628295	5.0	27.616683000000002	16.130685999999997	3.0	0.015806999999999998	2.193418	2.0	59.708605000000006	0.348475	4.0	76.700242
1798.0	4.0	51.580146	59.805468000000005	48.306548	43.459925	0.16530899999999998	0.378187	0.580703	0.574959	17.561041	5.0	93.252042	24.145514000000002	1.0	0.028702999999999996	5.403914	6.0	57.254957999999995	1.542	6.0	70.008815	3.214305	5.0	46.633039000000004	16.847134	3.0	16.015231	5.579859	1.0	0.052739	0.644922	1.0	10.456453	8.682431	6.0	14.358429999999998
2694.0	4.0	21.772022	45.68546	73.817931	69.483593	0.65237	0.379612	0.812175	0.25185100000000005	9.237123	3.0	15.387745	14.434035999999999	1.0	0.010057	2.191338	3.0	17.723546	0.137598	2.0	51.500214	21.246406	1.0	54.116473	15.593279	3.0	29.215238	14.877588000000001	5.0	0.037901	13.426986999999999	1.0	41.424687	7.800805	6.0	66.581926
2741.0	4.0	74.18705200000001	99.226658	28.059997999999997	37.631265	0.6121979999999999	0.46161800000000003	0.864226	0.625007	4.478181	6.0	78.196761	0.7679819999999999	4.0	0.014415	0.568521	3.0	65.680121	2.14012	5.0	10.087014	13.345679999999998	6.0	62.141065000000005	2.303154	4.0	84.736814	9.063765	3.0	0.042225	0.763764	3.0	80.200177	4.073112999999999	2.0	23.529269
2946.0	4.0	89.404302	92.36885500000001	45.364447999999996	82.661525	0.722394	0.599878	0.657874	0.383002	21.636777	5.0	51.547719	2.1414720000000003	5.0	0.082745	3.952232	5.0	14.226931	4.890171	4.0	7.724525999999999	7.757250999999999	3.0	43.767901	21.193801	6.0	12.343422	8.402655000000001	4.0	0.015580000000000002	3.584946	4.0	14.006843	7.180681	4.0	39.011007
3481.0	4.0	69.679266	67.05411	67.178527	86.994794	0.6774979999999999	0.289407	0.232979	0.117459	7.4184410000000005	5.0	24.089185999999998	4.70185	2.0	0.249977	4.956861	5.0	54.575578	4.837489	1.0	70.361561	14.266131	5.0	59.240014	11.651428999999998	5.0	30.03691	7.374557000000001	6.0	0.0195	9.905346	6.0	57.667469999999994	16.070869000000002	3.0	47.986901
3550.0	4.0	87.600537	57.698696	71.709749	73.816546	0.909726	0.33171799999999996	0.168508	0.400537	18.549162	1.0	41.467591999999996	16.354975	1.0	0.039057	5.4556510000000005	4.0	66.152362	4.852258999999999	1.0	2.364466	10.136583	6.0	74.89256800000001	1.502777	3.0	90.469109	15.545441	3.0	0.011628	11.243103999999999	2.0	3.521632	14.741464	4.0	23.505228
3671.0	4.0	41.54658	54.811756	68.113919	8.271361	0.619663	0.31809899999999997	0.832076	0.168986	23.664362	6.0	36.02219	19.172028	5.0	0.025377	6.044630000000001	5.0	36.550778	0.087474	6.0	27.68802	7.866675999999999	2.0	68.591577	5.036341	2.0	34.089533	5.842517	6.0	0.046386000000000004	2.613743	5.0	40.090682	24.587889999999998	1.0	52.753609
3692.0	4.0	66.972536	25.842509	95.93121	54.396283999999994	0.330933	0.948808	0.983052	0.6281	19.781932	3.0	92.322649	8.635274	4.0	0.019399	3.68545	6.0	34.298305	0.176899	2.0	86.258902	4.8668059999999995	2.0	40.966927	19.898603	6.0	45.195333000000005	2.207759	5.0	0.015747999999999998	9.443419	5.0	6.075016000000001	2.516681	5.0	90.709333
4448.0	4.0	64.311762	73.65771099999999	47.330273	35.541338	0.188095	0.851708	0.41011499999999995	0.11886500000000001	13.678196	1.0	98.070114	23.697865	5.0	0.22127399999999997	3.166424	6.0	51.239989	2.933468	5.0	69.231809	20.283291000000002	1.0	27.180611	17.413566	6.0	38.10934	2.1358509999999997	3.0	0.020505000000000002	15.438894	1.0	80.710854	1.1016219999999999	4.0	69.016163
4924.0	4.0	32.464172	6.629739	8.864531	64.447763	0.212195	0.314848	0.6036590000000001	0.890191	9.689588	2.0	44.779497	9.316738	5.0	0.019219999999999998	1.256968	5.0	74.769319	3.2817519999999996	6.0	1.24329	5.70447	6.0	41.442201000000004	0.655012	5.0	5.998528	14.067919	6.0	0.183748	11.663758999999999	3.0	3.3422300000000003	9.423452000000001	3.0	13.828
4978.0	4.0	94.87519300000001	94.565442	21.750019	95.88821899999999	0.797175	0.925947	0.47803500000000004	0.140826	1.1905	5.0	96.407368	12.425647	5.0	0.011968000000000001	0.818172	5.0	8.750532000000002	0.066976	6.0	31.050791999999998	17.58691	4.0	33.614132	12.270845	6.0	22.776695	17.376521	6.0	0.013065	1.874373	6.0	12.262666000000001	24.036561	6.0	75.339894
4992.0	4.0	38.852995	17.826878	63.79558299999999	42.085832	0.9493809999999999	0.154195	0.9062479999999999	0.40076100000000003	10.130719000000001	2.0	40.457053	14.859925	5.0	0.07157000000000001	0.565445	2.0	93.522739	0.15457200000000001	1.0	39.184915999999994	13.058910000000001	3.0	6.543613	16.038422	5.0	98.708646	5.083286	4.0	0.038522	0.7336739999999999	5.0	16.205958	1.325508	6.0	89.637198
5394.0	4.0	80.602509	37.651069	70.26140600000001	28.526245	0.12925599999999998	0.757351	0.552014	0.287058	23.320263	5.0	25.117728	8.912808	2.0	0.029789	0.910243	6.0	89.30775	2.468207	2.0	14.880176	21.521637	6.0	8.910027000000001	11.0566	5.0	17.001469	1.194618	2.0	0.018903	10.370664	1.0	71.81687600000001	5.490325	5.0	65.07060200000001
5423.0	4.0	40.821915999999995	23.008454	67.5027	75.909273	0.10153	0.789902	0.581174	0.356415	8.60411	4.0	64.364987	13.341378	5.0	0.097005	5.250243	5.0	94.960647	0.427803	1.0	45.46385	17.686486	6.0	4.597594	19.502021	4.0	67.565422	3.237701	4.0	0.033351	13.889214	1.0	41.932746	12.769638	1.0	12.509684
5501.0	4.0	95.54342700000001	95.33492199999999	12.159272999999999	73.224499	0.622537	0.31409699999999996	0.8072010000000001	0.115596	11.928436999999999	3.0	83.984178	16.293406	2.0	0.060396000000000005	2.225698	5.0	45.504391999999996	3.516744	5.0	13.054692	3.4639300000000004	6.0	68.97581	9.09602	5.0	34.667947999999996	10.920353	2.0	0.020777	5.416978	1.0	94.638193	14.310832999999999	6.0	17.909693
5730.0	4.0	23.103497	42.032415	5.264195	43.000323	0.45191000000000003	0.529383	0.131192	0.101309	23.023395999999998	1.0	76.688171	3.3106489999999997	3.0	0.25092600000000004	3.973904	4.0	72.38449399999999	0.345454	2.0	62.43724	11.220517999999998	3.0	6.995889	3.7276010000000004	3.0	2.922025	10.743994	4.0	0.019516	9.722595	1.0	78.98445500000001	16.226077	5.0	70.24732900000001
5978.0	4.0	18.774658	82.5146	17.035534	45.502212	0.745999	0.21279499999999998	0.9242540000000001	0.570267	12.721089	1.0	85.215228	23.945401	1.0	0.025279	3.9306389999999998	5.0	80.52090799999999	4.419851	3.0	7.699412	21.610431	4.0	78.181306	15.292541	1.0	93.384989	16.389854999999997	5.0	0.0121	2.1872689999999997	4.0	38.369652	0.987267	5.0	81.312606
6099.0	4.0	36.001994	59.712343999999995	53.231967000000004	62.162624	0.8243940000000001	0.35465599999999997	0.890072	0.473929	10.081156	5.0	69.179925	23.698879	5.0	0.317766	4.638364	6.0	41.368829	0.42963199999999996	2.0	45.690234999999994	22.097857	2.0	83.610955	5.602484	2.0	57.124552	5.507369000000001	2.0	0.012109	1.205265	4.0	42.503634000000005	1.761318	2.0	29.003059999999998
6471.0	4.0	46.647327000000004	80.76839	54.960529	28.481440000000003	0.389183	0.48966099999999996	0.412546	0.366456	17.130084	5.0	40.345292	9.741524	3.0	0.018857	1.133485	4.0	89.147403	2.634493	3.0	18.62161	1.303392	5.0	89.9081	23.672545	6.0	87.150448	14.31625	6.0	0.012442	0.872876	2.0	50.432421000000005	6.314064	6.0	35.757659999999994
7471.0	4.0	19.219486	14.847458	92.768238	14.254563000000001	0.7808	0.747526	0.834023	0.982352	5.346176	5.0	18.061452	4.298536	5.0	0.139514	2.8514009999999996	5.0	58.602066	5.303719	3.0	1.1702	7.981078	2.0	64.174699	5.569287	1.0	1.070821	2.8004580000000003	5.0	0.015096	2.2093700000000003	4.0	13.356873	1.272702	2.0	83.394363
7829.0	4.0	99.206082	91.666646	48.377834	69.506613	0.444208	0.314785	0.6274890000000001	0.37406799999999996	18.970473000000002	1.0	28.337588	12.519761	5.0	0.017287	0.427234	1.0	59.853852	0.230409	1.0	29.289174	11.296388	4.0	51.857611	8.702014	4.0	96.127094	16.06281	5.0	0.054009	8.764687	2.0	77.96688499999999	1.08928	6.0	48.953927
8026.0	4.0	91.692954	37.378197	87.70711899999999	94.144177	0.43943699999999997	0.63456	0.301388	0.8658319999999999	15.857942000000001	1.0	88.476197	12.980048	3.0	0.022208000000000002	1.7593159999999999	5.0	5.945444999999999	1.7720080000000002	1.0	66.350835	2.3921069999999998	1.0	34.078876	13.706610999999999	6.0	5.412866	1.192126	4.0	0.029908999999999998	7.790694	1.0	77.887404	10.25555	3.0	63.167786
8144.0	4.0	34.026059000000004	50.174054	69.093228	49.414629999999995	0.6768350000000001	0.518191	0.386567	0.49077	6.26581	6.0	3.9954629999999995	24.587515	4.0	0.21860300000000002	4.745083	4.0	9.266278	6.182117	6.0	4.345435	7.301649	5.0	82.572162	10.357526	2.0	38.285973	2.59416	2.0	0.011526	0.837564	6.0	8.330254	14.485776999999999	1.0	35.769878000000006
8236.0	4.0	75.154046	67.76603	68.06971	26.912772999999998	0.1585	0.530356	0.586501	0.231334	10.901094	2.0	33.04955	3.007428	2.0	0.027776	6.241731	3.0	39.416934000000005	3.8373519999999997	4.0	2.60528	22.871916	6.0	33.180452	23.881037	1.0	39.392703000000004	14.125294	2.0	0.010264	2.5480650000000002	2.0	46.780343	6.8890839999999995	6.0	35.711188
8365.0	4.0	16.412681	73.805651	46.943381	97.994969	0.10439000000000001	0.184409	0.5943609999999999	0.887301	13.710582999999998	3.0	42.945194	8.423900999999999	2.0	0.010101	1.551708	1.0	11.406147	0.14003800000000002	2.0	42.318752	7.67709	6.0	39.819492	17.616095	5.0	81.055796	9.513784	1.0	0.019472999999999997	0.6458119999999999	2.0	48.584118	0.761075	4.0	26.997840999999998
8399.0	4.0	83.06710600000001	76.098548	12.485954	97.056498	0.682717	0.44568199999999997	0.216687	0.40152600000000005	15.666228	5.0	43.038295	11.217111000000001	2.0	0.027175	0.7724340000000001	4.0	28.222315999999996	1.5312299999999999	1.0	69.091138	11.211913000000001	1.0	46.231009	10.425763	6.0	19.843270999999998	15.717058999999999	6.0	0.014780000000000001	0.455258	6.0	70.074287	1.0543120000000001	4.0	82.086152
8939.0	4.0	43.002526	91.550525	35.023472999999996	30.622588	0.500629	0.189891	0.892034	0.322767	3.189295	4.0	29.497338	22.036493	2.0	0.040396	3.079009	2.0	81.046796	1.054137	5.0	48.49763	19.945164000000002	1.0	5.10657	0.509464	5.0	83.043962	14.277496	5.0	0.015304	0.27397699999999997	2.0	53.613691	19.635686	3.0	61.121437
9113.0	4.0	10.768661	25.743603	39.542027000000004	80.97340200000001	0.12868800000000002	0.654174	0.6926329999999999	0.724653	10.065635	3.0	70.018068	22.449514	2.0	0.018621000000000002	3.995967	3.0	4.714544	3.9153309999999997	5.0	86.17889699999999	3.637748	3.0	83.27393000000001	2.526423	5.0	95.186273	7.344644000000001	3.0	0.157565	5.0951260000000005	1.0	39.573816	16.468829	6.0	11.559712
9233.0	4.0	6.509397	56.366259	21.121102	77.557244	0.173925	0.808545	0.43503800000000004	0.33993	5.339572	1.0	53.114931000000006	16.586235000000002	5.0	0.017616999999999997	4.683631	4.0	42.971946	0.9155639999999999	3.0	2.5416060000000003	11.721043	5.0	62.86410600000001	9.518322999999999	4.0	62.552055	6.842258999999999	5.0	0.025793	1.422891	6.0	13.045127	4.798421	4.0	18.200349
9851.0	4.0	59.801334	93.47275	84.724967	37.704339000000004	0.9418850000000001	0.148341	0.49199499999999996	0.864237	12.882171000000001	3.0	99.101086	24.563514	3.0	0.015875	3.4299699999999995	5.0	59.515824	2.43815	1.0	14.469726999999999	6.898139	3.0	48.913197	6.442686	1.0	31.141871999999996	19.442422	4.0	0.01015	1.217242	1.0	89.594557	6.514076	5.0	78.288635
