2094.0	4.0	7.4293830000000005	77.421234	80.776137	4.175296	0.959593	0.46004300000000004	0.90333	0.102744	13.130388	4.0	12.109556	9.969430000000001	4.0	0.015558	1.7883349999999998	2.0	66.567451	1.386156	6.0	42.678278999999996	0.375374	4.0	59.961236	7.017342	4.0	14.751772	16.360226	2.0	0.094436	6.488915	2.0	87.83022199999999	13.077286	5.0	47.459507
3793.0	4.0	22.506383	64.33210600000001	49.640029	76.857311	0.142318	0.743513	0.203019	0.8300420000000001	21.25279	5.0	72.809933	8.020059	2.0	0.010903	1.287514	5.0	68.750936	5.780308	4.0	21.046235	2.165083	5.0	99.058677	15.31841	3.0	31.651684000000003	19.102068	4.0	0.051702	0.401318	4.0	8.779466000000001	25.048099	3.0	85.673714
3918.0	4.0	99.668949	77.889246	45.03139	78.524626	0.501001	0.568387	0.362144	0.352991	1.958044	6.0	49.789428	6.437695	6.0	0.016333	1.015335	4.0	79.85860100000001	2.227489	5.0	18.359038	3.047727	3.0	34.413841	15.628456	4.0	29.582624	22.187986	5.0	0.017272	3.233647	1.0	76.749625	25.386494	6.0	75.31626800000001
4397.0	4.0	48.95027	89.34453	48.209952	69.418462	0.369302	0.305313	0.66738	0.752275	7.115201	3.0	25.163944	13.375836999999999	4.0	0.043669	0.547387	4.0	96.35143199999999	0.386493	3.0	64.07813900000001	22.965035999999998	6.0	52.255466999999996	3.6401199999999996	5.0	42.241178999999995	14.50685	5.0	0.011218	1.911691	5.0	14.255548000000001	18.688118	3.0	93.24984599999999
4426.0	4.0	37.047275	88.810803	99.09061700000001	36.22456	0.940491	0.44561300000000004	0.733438	0.392439	8.753649000000001	6.0	58.01486800000001	5.827408999999999	2.0	0.169559	5.041112	3.0	97.62245	5.401345	2.0	11.020263	6.233281	5.0	34.198294	10.077996	5.0	69.194005	18.124341	1.0	0.012323	1.7265139999999999	3.0	32.518918	16.191388	4.0	29.629844
4592.0	4.0	60.75253299999999	78.138634	11.671521	48.086354	0.9276190000000001	0.283672	0.275021	0.215356	5.187797	4.0	18.314511	9.918209	1.0	0.01064	4.599314	6.0	49.873418	2.2986419999999996	4.0	51.042755	1.289621	3.0	91.484678	19.476186	3.0	53.319593000000005	14.465461	2.0	0.025749	7.355885000000001	2.0	36.319066	11.430027	1.0	62.375293000000006
4757.0	4.0	26.138008	75.104209	47.176508	54.83107	0.373284	0.408725	0.161135	0.813381	22.201401999999998	4.0	11.25498	16.21572	1.0	0.035942	3.730813	2.0	19.9964	3.6911970000000003	2.0	29.041247	3.1574299999999997	2.0	38.009797	21.273642000000002	6.0	85.13148199999999	4.1770059999999996	1.0	0.25613600000000003	4.965367	4.0	63.650551	19.349019000000002	4.0	16.421431
5022.0	4.0	48.742995	98.133934	4.2350959999999995	54.613939	0.5100859999999999	0.804034	0.289392	0.877841	9.828308999999999	2.0	74.886245	20.354443	4.0	0.035385	2.6238029999999997	4.0	93.315844	0.8886620000000001	1.0	33.242602000000005	1.463849	5.0	39.763084	7.257136999999999	5.0	54.23775799999999	7.5590779999999995	3.0	0.01589	6.261335	2.0	1.422841	17.110077	5.0	60.384249
5143.0	4.0	78.378303	85.844268	43.375346	81.95004499999999	0.20394500000000002	0.9715799999999999	0.9543280000000001	0.93327	3.534968	1.0	39.154565000000005	21.545789000000003	4.0	0.012648999999999999	3.400754	5.0	46.335792	4.616854	4.0	37.869396	5.047651	4.0	72.958461	12.916172	6.0	51.857391	12.756959	2.0	0.7450060000000001	2.671605	6.0	28.455772999999997	1.9058700000000002	6.0	86.496708
5586.0	4.0	94.454206	46.600421000000004	56.500544	46.24694	0.28529299999999996	0.977168	0.9284870000000001	0.996725	4.30293	5.0	52.128027	20.851279	4.0	0.02223	4.946946	2.0	32.250689	4.194148	6.0	7.628953999999999	3.26629	3.0	81.699157	19.466611	3.0	35.787445	12.540463	5.0	0.028047000000000002	5.414144	5.0	1.725359	5.985692	5.0	66.24651
6308.0	4.0	18.098054	98.417949	35.212117	19.211066	0.6681239999999999	0.225754	0.628473	0.670962	4.578461	6.0	99.80781400000001	2.486326	5.0	0.018692	2.115733	5.0	97.325819	2.375051	1.0	36.24584	6.011003	4.0	73.45622900000001	8.170098	5.0	53.594888	12.157791	5.0	0.145533	12.873619999999999	4.0	43.788467	15.653619	5.0	14.75373
7982.0	4.0	15.171005	73.06873399999999	15.954975	20.819295	0.734568	0.70777	0.360958	0.46096800000000004	1.7001650000000001	4.0	86.630324	24.789077	2.0	0.011606	4.432695	6.0	16.919335	3.400987	3.0	8.481094	2.2074119999999997	5.0	18.166477	2.6328869999999998	2.0	49.744997	16.657519	4.0	0.026958999999999997	0.396226	6.0	53.273654	4.168371	5.0	49.470648
9065.0	4.0	42.332583	86.937298	49.694328999999996	42.475844	0.628777	0.423372	0.181693	0.132748	5.601147	3.0	22.513143	15.242997	3.0	0.105669	3.440807	5.0	16.641544	0.407173	5.0	84.484374	20.451881	6.0	41.146570000000004	20.905031	3.0	61.831841000000004	17.844561	2.0	0.048767000000000005	18.7045	5.0	54.213933	11.191084	6.0	54.304593000000004
9323.0	4.0	10.029139	83.217975	47.118351000000004	72.984668	0.8965489999999999	0.859485	0.374311	0.28784099999999996	17.131635	6.0	4.386798000000001	15.230226000000002	3.0	0.03052	3.3321169999999998	3.0	61.160872999999995	0.641202	2.0	3.120854	9.831458	5.0	14.423823	21.98051	4.0	96.533815	18.134288	1.0	0.010618	16.384985999999998	5.0	89.828772	20.456167	1.0	69.892152
9449.0	4.0	60.557970999999995	54.681394	87.879766	77.016222	0.615975	0.670665	0.653468	0.6438619999999999	18.737314	5.0	11.439246	10.643761	2.0	0.057661000000000004	5.72769	6.0	57.897282	1.253465	3.0	6.407899	4.215745	6.0	89.55224799999999	22.232958	4.0	92.223152	8.355167999999999	3.0	0.010715	6.916316999999999	3.0	20.458457	11.611439	2.0	20.465915
2094.0	4.0	7.4293830000000005	77.421234	80.776137	4.175296	0.959593	0.46004300000000004	0.90333	0.102744	13.130388	4.0	12.109556	9.969430000000001	4.0	0.015558	1.7883349999999998	2.0	66.567451	1.386156	6.0	42.678278999999996	0.375374	4.0	59.961236	7.017342	4.0	14.751772	16.360226	2.0	0.094436	6.488915	2.0	87.83022199999999	13.077286	5.0	47.459507
3793.0	4.0	22.506383	64.33210600000001	49.640029	76.857311	0.142318	0.743513	0.203019	0.8300420000000001	21.25279	5.0	72.809933	8.020059	2.0	0.010903	1.287514	5.0	68.750936	5.780308	4.0	21.046235	2.165083	5.0	99.058677	15.31841	3.0	31.651684000000003	19.102068	4.0	0.051702	0.401318	4.0	8.779466000000001	25.048099	3.0	85.673714
3918.0	4.0	99.668949	77.889246	45.03139	78.524626	0.501001	0.568387	0.362144	0.352991	1.958044	6.0	49.789428	6.437695	6.0	0.016333	1.015335	4.0	79.85860100000001	2.227489	5.0	18.359038	3.047727	3.0	34.413841	15.628456	4.0	29.582624	22.187986	5.0	0.017272	3.233647	1.0	76.749625	25.386494	6.0	75.31626800000001
4397.0	4.0	48.95027	89.34453	48.209952	69.418462	0.369302	0.305313	0.66738	0.752275	7.115201	3.0	25.163944	13.375836999999999	4.0	0.043669	0.547387	4.0	96.35143199999999	0.386493	3.0	64.07813900000001	22.965035999999998	6.0	52.255466999999996	3.6401199999999996	5.0	42.241178999999995	14.50685	5.0	0.011218	1.911691	5.0	14.255548000000001	18.688118	3.0	93.24984599999999
4426.0	4.0	37.047275	88.810803	99.09061700000001	36.22456	0.940491	0.44561300000000004	0.733438	0.392439	8.753649000000001	6.0	58.01486800000001	5.827408999999999	2.0	0.169559	5.041112	3.0	97.62245	5.401345	2.0	11.020263	6.233281	5.0	34.198294	10.077996	5.0	69.194005	18.124341	1.0	0.012323	1.7265139999999999	3.0	32.518918	16.191388	4.0	29.629844
4592.0	4.0	60.75253299999999	78.138634	11.671521	48.086354	0.9276190000000001	0.283672	0.275021	0.215356	5.187797	4.0	18.314511	9.918209	1.0	0.01064	4.599314	6.0	49.873418	2.2986419999999996	4.0	51.042755	1.289621	3.0	91.484678	19.476186	3.0	53.319593000000005	14.465461	2.0	0.025749	7.355885000000001	2.0	36.319066	11.430027	1.0	62.375293000000006
4757.0	4.0	26.138008	75.104209	47.176508	54.83107	0.373284	0.408725	0.161135	0.813381	22.201401999999998	4.0	11.25498	16.21572	1.0	0.035942	3.730813	2.0	19.9964	3.6911970000000003	2.0	29.041247	3.1574299999999997	2.0	38.009797	21.273642000000002	6.0	85.13148199999999	4.1770059999999996	1.0	0.25613600000000003	4.965367	4.0	63.650551	19.349019000000002	4.0	16.421431
5022.0	4.0	48.742995	98.133934	4.2350959999999995	54.613939	0.5100859999999999	0.804034	0.289392	0.877841	9.828308999999999	2.0	74.886245	20.354443	4.0	0.035385	2.6238029999999997	4.0	93.315844	0.8886620000000001	1.0	33.242602000000005	1.463849	5.0	39.763084	7.257136999999999	5.0	54.23775799999999	7.5590779999999995	3.0	0.01589	6.261335	2.0	1.422841	17.110077	5.0	60.384249
5143.0	4.0	78.378303	85.844268	43.375346	81.95004499999999	0.20394500000000002	0.9715799999999999	0.9543280000000001	0.93327	3.534968	1.0	39.154565000000005	21.545789000000003	4.0	0.012648999999999999	3.400754	5.0	46.335792	4.616854	4.0	37.869396	5.047651	4.0	72.958461	12.916172	6.0	51.857391	12.756959	2.0	0.7450060000000001	2.671605	6.0	28.455772999999997	1.9058700000000002	6.0	86.496708
5586.0	4.0	94.454206	46.600421000000004	56.500544	46.24694	0.28529299999999996	0.977168	0.9284870000000001	0.996725	4.30293	5.0	52.128027	20.851279	4.0	0.02223	4.946946	2.0	32.250689	4.194148	6.0	7.628953999999999	3.26629	3.0	81.699157	19.466611	3.0	35.787445	12.540463	5.0	0.028047000000000002	5.414144	5.0	1.725359	5.985692	5.0	66.24651
6308.0	4.0	18.098054	98.417949	35.212117	19.211066	0.6681239999999999	0.225754	0.628473	0.670962	4.578461	6.0	99.80781400000001	2.486326	5.0	0.018692	2.115733	5.0	97.325819	2.375051	1.0	36.24584	6.011003	4.0	73.45622900000001	8.170098	5.0	53.594888	12.157791	5.0	0.145533	12.873619999999999	4.0	43.788467	15.653619	5.0	14.75373
7982.0	4.0	15.171005	73.06873399999999	15.954975	20.819295	0.734568	0.70777	0.360958	0.46096800000000004	1.7001650000000001	4.0	86.630324	24.789077	2.0	0.011606	4.432695	6.0	16.919335	3.400987	3.0	8.481094	2.2074119999999997	5.0	18.166477	2.6328869999999998	2.0	49.744997	16.657519	4.0	0.026958999999999997	0.396226	6.0	53.273654	4.168371	5.0	49.470648
9065.0	4.0	42.332583	86.937298	49.694328999999996	42.475844	0.628777	0.423372	0.181693	0.132748	5.601147	3.0	22.513143	15.242997	3.0	0.105669	3.440807	5.0	16.641544	0.407173	5.0	84.484374	20.451881	6.0	41.146570000000004	20.905031	3.0	61.831841000000004	17.844561	2.0	0.048767000000000005	18.7045	5.0	54.213933	11.191084	6.0	54.304593000000004
9323.0	4.0	10.029139	83.217975	47.118351000000004	72.984668	0.8965489999999999	0.859485	0.374311	0.28784099999999996	17.131635	6.0	4.386798000000001	15.230226000000002	3.0	0.03052	3.3321169999999998	3.0	61.160872999999995	0.641202	2.0	3.120854	9.831458	5.0	14.423823	21.98051	4.0	96.533815	18.134288	1.0	0.010618	16.384985999999998	5.0	89.828772	20.456167	1.0	69.892152
9449.0	4.0	60.557970999999995	54.681394	87.879766	77.016222	0.615975	0.670665	0.653468	0.6438619999999999	18.737314	5.0	11.439246	10.643761	2.0	0.057661000000000004	5.72769	6.0	57.897282	1.253465	3.0	6.407899	4.215745	6.0	89.55224799999999	22.232958	4.0	92.223152	8.355167999999999	3.0	0.010715	6.916316999999999	3.0	20.458457	11.611439	2.0	20.465915
