57.0	4.0	28.836934000000003	21.782651	49.248551	17.937343	0.120467	0.961781	0.541524	0.810029	23.332517000000003	2.0	61.950984	6.854322	2.0	0.042555	1.672581	6.0	9.523847	1.333089	6.0	28.425520000000002	17.087497	3.0	34.196585	21.112745	6.0	10.243955	15.219584	4.0	0.015815	2.055397	3.0	73.515862	3.4655050000000003	5.0	22.357592	20.3423	5.0	49.775729
142.0	4.0	99.663986	6.454104	25.850716000000002	5.051166	0.6926800000000001	0.803809	0.42648100000000005	0.902169	8.525507000000001	3.0	9.264305	14.768278	1.0	0.010306999999999998	3.4528849999999998	5.0	54.995709	2.430446	4.0	74.07786899999999	15.971138	4.0	39.009151	5.624993	1.0	69.796246	17.106524	1.0	0.108376	4.665026999999999	5.0	84.445355	5.842453	1.0	64.55533	1.364826	6.0	88.266376
225.0	4.0	99.269603	15.974206	41.674661	29.752692	0.9223969999999999	0.851733	0.725	0.590585	5.039522	3.0	11.231699	0.8893559999999999	2.0	0.608282	2.229962	6.0	73.49833199999999	5.804811	4.0	60.55419200000001	12.720855	4.0	70.285455	11.276019	5.0	71.81251999999999	14.242041	2.0	0.01037	2.26399	4.0	32.215995	5.504423	5.0	9.034127999999999	14.70575	2.0	73.76251500000001
296.0	4.0	80.78063399999999	22.241467	28.755371000000004	7.019583	0.165719	0.441327	0.124327	0.296653	1.923974	5.0	43.142719	22.817766	2.0	0.018977	3.28769	6.0	28.912112	0.38242800000000005	4.0	99.90276300000001	23.4198	6.0	69.146136	16.571584	5.0	16.618243	19.090667	6.0	0.035502	4.732634	4.0	97.238074	5.233845	6.0	53.926589	8.8358	5.0	89.891766
381.0	4.0	92.828181	62.263026	24.679318	71.347636	0.181455	0.401851	0.143644	0.366045	21.338287	6.0	21.290103	6.036741999999999	5.0	0.086923	1.222173	6.0	90.655307	4.630584	3.0	45.512563	23.729541	6.0	82.218215	22.474809	2.0	97.380161	13.843634	5.0	0.11614000000000001	2.94619	6.0	87.783792	5.376474	5.0	89.733861	2.065746	3.0	56.700766
471.0	4.0	57.854748	52.739020999999994	68.642336	24.995694	0.259727	0.979497	0.15398299999999998	0.408692	23.421667000000003	1.0	71.341251	15.522744	5.0	0.021005000000000003	4.448231	3.0	42.273589	0.792528	1.0	69.025959	22.094676	3.0	55.543976	18.353919	6.0	61.640676	18.759869000000002	6.0	0.025274	3.615004	6.0	77.533327	4.308374	6.0	84.909738	24.913199	3.0	26.362852
553.0	4.0	68.642399	22.788473	13.548668	45.784984	0.6983189999999999	0.697472	0.215507	0.492829	8.750850999999999	1.0	61.763513	19.536578	4.0	0.013043	2.9249970000000003	6.0	58.850089000000004	2.627011	4.0	7.983853999999999	11.866261999999999	6.0	57.44028	9.856985	1.0	12.648926	11.526155000000001	2.0	0.11694600000000001	1.878241	6.0	77.036866	4.776008999999999	1.0	65.228487	24.42923	2.0	79.989211
860.0	4.0	81.087634	48.327236	97.700784	72.345729	0.302656	0.8264729999999999	0.369288	0.89156	10.301401	1.0	43.553206	21.875728	4.0	0.036525999999999996	5.553969	5.0	38.346998	3.62295	1.0	32.04144	18.354003	4.0	59.028851	14.492288	2.0	92.969551	22.162473000000002	6.0	0.020753	0.999864	4.0	96.09863299999999	5.806764	1.0	65.648852	15.065689	5.0	79.183861
1121.0	4.0	82.617474	27.215992	84.162634	59.484685	0.882467	0.9776469999999999	0.476409	0.6735720000000001	0.792991	3.0	30.381010999999997	7.281885000000001	4.0	0.595791	5.9250739999999995	1.0	70.173158	0.261337	6.0	96.970636	17.919223000000002	2.0	48.676518	14.704848000000002	4.0	38.438489000000004	18.709835	5.0	0.015521	4.824612	2.0	63.914378	0.574626	4.0	80.447192	9.22908	2.0	12.985831
1225.0	4.0	31.898149	30.626634999999997	72.522255	4.975184	0.197216	0.951641	0.75134	0.790981	21.554307	5.0	89.248712	10.069098	1.0	0.013378999999999999	0.43213500000000005	6.0	56.588112	3.129866	4.0	21.674012	21.745835999999997	3.0	95.541729	0.996719	5.0	98.24305600000001	23.861431	1.0	0.272311	3.802829	3.0	48.721340999999995	4.288156	3.0	49.659439	7.070596000000001	4.0	5.199276
1613.0	4.0	78.986965	7.3714960000000005	55.140643999999995	51.054023	0.9738319999999999	0.163905	0.299576	0.776876	8.986613	5.0	58.409195999999994	20.012977	2.0	0.01094	0.775323	6.0	77.601451	2.5036669999999996	5.0	11.426682000000001	14.976431	2.0	35.243084	3.047804	1.0	31.713340000000002	12.708199	1.0	0.051157999999999995	4.598118	3.0	50.995205	1.554842	3.0	29.271448	11.853977	5.0	65.972187
1632.0	4.0	80.952968	13.926257000000001	56.04474200000001	50.056036999999996	0.167073	0.29326399999999997	0.450667	0.265918	16.836938	1.0	37.781264	6.123906	5.0	0.030081999999999998	1.923323	6.0	43.043764	0.572341	6.0	37.500438	20.031484	2.0	50.875102000000005	11.952838999999999	1.0	85.989825	19.524099	5.0	0.015179	3.493869	5.0	41.818409	1.394317	1.0	81.822739	17.831308	4.0	98.986211
2195.0	4.0	5.823151	16.123064000000003	61.538121	9.5355	0.126691	0.7831319999999999	0.23979699999999998	0.721437	7.973231	1.0	72.760869	14.289498000000002	5.0	0.018758	3.159802	2.0	74.928359	4.449332	2.0	7.853014999999999	16.559316	1.0	82.51109699999999	0.321577	4.0	97.696364	12.586667	3.0	0.019464	4.006814	1.0	72.07078	4.885565	4.0	27.650271000000004	12.94571	6.0	41.020502
2847.0	4.0	4.673192	89.095337	84.852896	15.145298	0.13444	0.865893	0.330719	0.20822399999999996	22.334452	2.0	10.076941	19.815912	2.0	0.038702999999999994	1.478523	3.0	60.917269	4.554618	3.0	72.055708	23.251727	6.0	97.665184	10.256594	6.0	8.924447	1.674398	1.0	0.01097	3.169858	4.0	82.59629699999999	5.893063	6.0	4.269038	7.825889	6.0	27.803575
2916.0	4.0	26.942915999999997	18.198932	42.931083	57.607609	0.40820500000000004	0.440195	0.926164	0.150231	13.720804999999999	5.0	5.725496	2.2740400000000003	5.0	0.027635000000000003	1.879575	3.0	98.974195	5.815685	6.0	19.395838	21.274016	5.0	44.380868	21.375155	4.0	13.299047	13.653607999999998	3.0	0.064836	1.7306540000000001	6.0	71.006424	3.8530279999999997	3.0	40.573974	22.090712	3.0	95.991842
3042.0	4.0	56.186601	3.9851989999999997	53.325058999999996	19.204812	0.6700649999999999	0.14995799999999998	0.35225100000000004	0.961744	1.664351	1.0	55.763215	23.672109	5.0	0.010131999999999999	3.636391	5.0	80.358373	3.527328	1.0	13.426174	10.165217	6.0	93.868398	18.867527	1.0	98.574703	17.91777	3.0	0.063125	0.363279	6.0	41.21428	4.862925	1.0	24.183615	14.063129	2.0	89.612452
3103.0	4.0	72.455329	1.129548	77.81718599999999	18.254928	0.14261	0.490475	0.925154	0.8659180000000001	4.197228	2.0	72.46838100000001	14.638143	6.0	0.030073000000000003	2.958456	6.0	98.758546	5.201422	6.0	16.757111	18.665116	3.0	5.343678	14.738607	4.0	4.252098	17.08846	6.0	0.15400899999999998	5.125303	4.0	48.436886	1.470969	3.0	83.711846	18.906648999999998	5.0	62.284296999999995
3268.0	4.0	96.208377	3.4144089999999996	12.149498	8.255243	0.813249	0.314732	0.46198100000000003	0.41566000000000003	0.608996	2.0	29.503791999999997	19.759114	2.0	0.015619	2.999278	5.0	53.718764	0.342328	1.0	65.08694	17.706571	4.0	66.44901899999999	17.451904000000003	2.0	75.488885	1.960908	3.0	0.028421	2.5298439999999998	5.0	91.485625	0.659959	4.0	36.979893	4.7983139999999995	3.0	98.03173100000001
3455.0	4.0	3.014761	87.439285	3.9605339999999996	77.04911	0.553605	0.934465	0.6809350000000001	0.133741	9.399664	2.0	24.075813	9.343314999999999	2.0	0.051802	2.072964	5.0	68.478624	6.096819	3.0	69.221254	0.5095689999999999	5.0	55.551676	24.926579	4.0	5.778096	4.4858709999999995	1.0	0.036933999999999995	1.567834	5.0	73.95323	5.506665	4.0	63.418277	24.629454	4.0	51.48183
3496.0	4.0	96.810458	14.800092999999999	87.47166899999999	79.050639	0.621397	0.5768939999999999	0.519781	0.610101	22.339743	4.0	40.478252000000005	18.042413	3.0	0.015434999999999999	2.222013	5.0	90.23145600000001	3.8780370000000004	1.0	21.314122	4.685021	5.0	98.778374	13.288425	2.0	89.230362	21.123798	6.0	0.027868	1.908119	5.0	47.67975	0.202093	6.0	25.685257	20.933432	4.0	98.605398
3649.0	4.0	73.978747	32.778513000000004	64.30171899999999	64.931997	0.590065	0.9458049999999999	0.472142	0.41537799999999997	16.796813	4.0	16.037547	8.152702	6.0	0.01872	3.7324410000000006	4.0	83.13179000000001	1.462688	6.0	91.72233	14.48811	3.0	39.174131	0.685059	4.0	73.17858000000001	5.019234	4.0	0.024437	1.256134	6.0	73.533221	4.950248	3.0	28.250797	23.206979999999998	6.0	45.436727000000005
3747.0	4.0	56.842736	6.599028	54.078014	70.44410400000001	0.804754	0.597485	0.752375	0.5034270000000001	8.730651	3.0	26.358812	19.284138000000002	6.0	0.010522	1.556905	5.0	21.289008	1.8956790000000001	5.0	61.805693999999995	21.874415	3.0	73.85493199999999	13.393065	1.0	71.718173	5.646605999999999	6.0	0.019177	0.249931	6.0	91.007225	5.689943	5.0	23.170561	24.493563	5.0	68.309375
3758.0	4.0	8.653246000000001	67.303471	59.515161	88.962168	0.644443	0.513256	0.29681199999999996	0.9487209999999999	1.359025	6.0	56.47486800000001	14.930951	6.0	0.020544999999999997	3.1204330000000002	6.0	76.071262	3.3068129999999996	5.0	12.081517999999999	13.130931	5.0	50.198787	18.687648	4.0	22.168409	11.748353	6.0	0.020275	1.02413	4.0	80.05064300000001	5.625986	4.0	72.82833199999999	6.038044999999999	5.0	49.676479
3904.0	4.0	69.95397	1.7252880000000002	61.868489000000004	27.006415999999998	0.183725	0.905726	0.533177	0.334316	6.688307000000001	1.0	22.869221	23.465664	2.0	0.10704000000000001	2.098226	2.0	29.394755	0.845117	3.0	72.980576	23.453978	5.0	8.385894	24.612261	5.0	82.088963	8.033852	3.0	0.606865	0.29333200000000004	4.0	21.677756	4.0759050000000006	6.0	96.71349000000001	23.536326000000003	6.0	73.423565
3965.0	4.0	61.050005000000006	7.222808000000001	87.548311	54.392256	0.16780699999999998	0.545531	0.895057	0.253029	7.186868	3.0	60.72088000000001	12.623283	1.0	0.103959	2.0685119999999997	6.0	71.72371600000001	2.768749	1.0	52.151538	22.462604000000002	4.0	95.211968	21.022002	4.0	59.33294300000001	20.016169	1.0	0.024105	0.32685	5.0	93.425517	5.832071	2.0	45.667862	19.502038	2.0	40.622391
4315.0	4.0	34.691053000000004	16.743989000000003	77.153301	80.622344	0.43347299999999994	0.531096	0.114522	0.542972	0.676787	5.0	3.3258129999999997	1.8576	1.0	0.013028	5.888673000000001	3.0	89.21311700000001	3.9934540000000003	4.0	71.948886	18.711698000000002	3.0	53.602375	8.310108	4.0	94.577814	7.367300999999999	3.0	0.030676	1.590266	3.0	41.067161	2.2075400000000003	1.0	76.71028000000001	14.137038	5.0	99.46413299999999
4460.0	4.0	1.584518	43.778822999999996	27.334414000000002	93.78349	0.909755	0.446773	0.344283	0.368825	1.755052	6.0	69.87564	24.882673	2.0	0.011154	1.530232	6.0	19.094772	2.019188	4.0	54.727279	0.801063	4.0	6.4973160000000005	6.980195	5.0	10.507159	0.905885	3.0	0.010206	5.678235	5.0	57.503361	4.965145	2.0	65.684689	2.378477	4.0	24.682104000000002
4981.0	4.0	38.376872999999996	54.738417000000005	43.213201	85.035721	0.29477600000000004	0.9912280000000001	0.63575	0.46099300000000004	4.056166999999999	2.0	14.459004	16.629857	1.0	0.100824	6.0445660000000005	6.0	18.355562	4.413949	3.0	62.23902	18.808867000000003	2.0	51.952963000000004	23.671674	1.0	1.91536	7.062728	6.0	0.027861	3.163996	4.0	88.610892	1.565452	6.0	33.609883	21.557316	5.0	85.386751
5110.0	4.0	14.298510999999998	27.836982	55.821051000000004	54.527089000000004	0.167946	0.9269440000000001	0.782064	0.800217	0.675109	2.0	89.69040600000001	22.180207	1.0	0.012135	3.551367	2.0	22.623521	0.129724	6.0	7.936756	20.175072	5.0	79.40168100000001	18.709811	3.0	50.36715	17.542582	1.0	0.029151	4.207789	5.0	24.296901000000002	0.233542	3.0	48.414838	1.516404	6.0	54.605137
5159.0	4.0	80.209806	6.705208	78.999983	96.522864	0.81489	0.827256	0.36746	0.574619	8.854563	1.0	45.460568	8.38163	6.0	0.010494	3.218594	3.0	76.63144399999999	1.358588	1.0	40.400987	8.082312	5.0	9.07498	22.708803	5.0	19.695437	20.245585000000002	5.0	0.012570999999999999	4.231536	5.0	77.567712	2.829726	5.0	93.919228	12.999369999999999	4.0	97.003838
5192.0	4.0	52.657182999999996	17.636098	9.697083000000001	53.150041	0.338952	0.862992	0.25373	0.386486	15.565697	2.0	20.673892000000002	3.6367870000000004	4.0	0.011158	3.089016	3.0	28.223888	3.854478	3.0	2.967673	21.363493	5.0	69.16033399999999	1.717366	1.0	58.770885	9.308029	4.0	0.021994	4.597161	2.0	63.694767000000006	5.42278	5.0	14.142569	12.027694	5.0	89.487287
5399.0	4.0	60.532895999999994	22.788446	69.72349399999999	90.09146700000001	0.289688	0.632576	0.568	0.14213199999999998	23.256554	2.0	26.162792	13.122361999999999	4.0	0.013312000000000001	2.7808740000000003	4.0	31.733832	1.730044	3.0	44.494642	11.141010000000001	6.0	60.238149	17.290163	3.0	48.317204	8.020986	4.0	0.064179	1.258544	2.0	40.86561	3.1478040000000003	4.0	71.034015	5.246821	4.0	92.25674000000001
5792.0	4.0	21.145910999999998	4.009451	72.46975	31.201617	0.442978	0.799296	0.683082	0.164569	21.593642000000003	2.0	30.088752000000003	24.887971	6.0	0.010533	0.5654680000000001	5.0	25.342295999999997	5.583939	6.0	3.123491	4.762824	4.0	62.142313	16.286728	4.0	53.827613	19.938155	5.0	0.015512	0.396512	5.0	98.08595600000001	1.7313939999999999	5.0	41.234175	20.992217999999998	3.0	99.18549399999999
6611.0	4.0	82.208467	1.882757	12.904695	35.147391	0.43954899999999997	0.166527	0.276518	0.8649819999999999	20.898807	1.0	23.798626000000002	22.000148	5.0	0.026557	1.9785119999999998	4.0	99.41467	6.0462739999999995	6.0	79.368039	20.224614000000003	1.0	32.324568	4.337127	1.0	83.757387	23.09218	4.0	0.011087	3.211211	6.0	71.590597	1.743316	3.0	99.613692	10.859185	3.0	38.588344
6837.0	4.0	74.849561	12.780101	61.909169999999996	68.75869300000001	0.47243100000000005	0.8999229999999999	0.6134890000000001	0.798404	12.420793	1.0	88.876482	14.848792000000001	5.0	0.029897000000000003	2.766084	4.0	48.309431	3.717636	6.0	85.100545	8.752597999999999	3.0	11.888562	16.958931	3.0	59.56244399999999	13.370956	2.0	0.143294	0.673742	6.0	47.749755	1.978407	3.0	80.841036	13.04044	2.0	98.623706
6895.0	4.0	55.296634	49.50934	64.937332	34.248205	0.279415	0.959326	0.301709	0.371345	11.521512	2.0	16.992882	22.694007	3.0	0.10332899999999999	0.868333	6.0	77.695444	1.690251	4.0	98.07509499999999	19.936604	4.0	37.137064	3.9143800000000004	2.0	89.31053	2.602014	6.0	0.011356999999999999	1.8589799999999999	6.0	97.065839	4.652336	3.0	32.320403000000006	21.333072	3.0	98.66980799999999
7011.0	4.0	56.94388000000001	10.972836000000001	24.395659	18.601295999999998	0.11555	0.663272	0.622246	0.9516889999999999	4.738805	2.0	48.640975	19.784925	5.0	0.011588	2.920245	4.0	95.919201	5.552082	3.0	76.413975	8.532197	2.0	74.378755	8.960061999999999	6.0	89.06943299999999	4.296634	4.0	0.012526	1.8719740000000002	3.0	17.854111	4.988454	1.0	95.223316	6.496107	5.0	82.920961
7107.0	4.0	38.435637	20.702512	87.232876	65.439639	0.8385790000000001	0.575924	0.267796	0.47636000000000006	0.8560190000000001	4.0	77.27004699999999	9.756480999999999	3.0	0.023433000000000002	4.235011	5.0	99.098523	3.380348	1.0	46.413497	23.854785999999997	2.0	26.830778999999996	9.774263000000001	5.0	34.831832	0.41256099999999996	5.0	0.065751	4.215911	2.0	88.699831	4.964763	2.0	53.449493999999994	8.145241	3.0	99.554451
7243.0	4.0	13.636722	24.439562	44.526951000000004	60.38279300000001	0.604759	0.6579229999999999	0.455139	0.9657969999999999	22.651475	5.0	17.05885	13.732707999999999	3.0	0.011801	3.029834	1.0	59.923353000000006	6.123055	4.0	31.090726	0.513753	5.0	26.178145999999998	2.2882119999999997	1.0	60.278025	18.802047	4.0	0.021192	5.252222	3.0	57.7277	5.914075	5.0	95.187673	7.956413	6.0	25.76298
7294.0	4.0	77.02723399999999	3.740647	71.845617	91.027493	0.524459	0.54302	0.37511	0.597824	17.682816	1.0	81.515286	0.7514569999999999	1.0	0.054876	0.690474	3.0	67.361189	1.803463	4.0	75.70961899999999	16.772033999999998	4.0	94.766465	18.643273999999998	6.0	15.745713	15.861451	5.0	0.029438	4.001911	2.0	84.940228	0.632927	3.0	66.730191	10.485289	4.0	95.947684
7321.0	4.0	7.067767	66.75537299999999	53.491440000000004	96.543573	0.940593	0.45669499999999996	0.832377	0.5703010000000001	18.560836	3.0	82.44095300000001	10.73965	3.0	0.012977	5.5888290000000005	2.0	85.435677	1.428664	4.0	35.843571999999995	2.040912	3.0	40.084317	2.459167	6.0	40.214952000000004	2.040855	3.0	0.031606	0.49154799999999993	5.0	45.89203	2.231967	2.0	75.138952	13.631192	6.0	18.677197
7326.0	4.0	38.384706	14.399198	65.56274599999999	51.887341	0.5164770000000001	0.413954	0.48235900000000004	0.41069700000000003	21.813965	6.0	3.468801	16.189621	3.0	0.41326499999999994	1.651175	6.0	99.227288	3.570674	1.0	96.270441	11.599839	4.0	94.263532	25.346017	5.0	90.93430500000001	2.043929	5.0	0.010158	1.940463	2.0	66.571668	4.3434870000000005	3.0	54.456816	5.513247	2.0	55.947435
7447.0	4.0	73.237859	15.817239	82.168251	53.346771	0.5857180000000001	0.623487	0.321365	0.701857	23.866498	1.0	15.127023000000001	7.7127360000000005	5.0	0.010882	0.9551459999999999	6.0	33.974177000000005	3.289621	3.0	59.921117	9.232209	6.0	65.28044799999999	1.095221	1.0	68.758596	10.43493	4.0	0.014056	4.956014	3.0	58.283475	2.779252	3.0	19.313728	21.669204999999998	6.0	86.605798
7745.0	4.0	58.91093299999999	4.973363	26.036604999999998	99.096829	0.899439	0.581183	0.9280200000000001	0.746487	17.819925	1.0	19.14327	1.097402	1.0	0.031487	3.8833870000000004	4.0	83.546888	5.603153	2.0	51.150187	3.740015	1.0	56.205903	4.251598	1.0	93.987352	10.411234	4.0	0.012355	4.510854	6.0	34.596585	2.905712	2.0	74.35294499999999	23.425162	6.0	74.77454499999999
7784.0	4.0	93.564472	20.885648	88.75545699999999	20.308791	0.363755	0.932248	0.329972	0.30833	1.052991	5.0	48.246438	0.924392	5.0	0.010587000000000001	5.496384	2.0	98.096136	0.881808	2.0	66.41807	21.761596	2.0	26.551163	10.693448	5.0	52.222027000000004	22.506554	3.0	0.38997800000000005	1.8338560000000002	4.0	40.997853000000006	4.181178	2.0	97.643838	18.426862	2.0	70.714101
7794.0	4.0	16.20376	26.073001	71.743975	63.469190000000005	0.8986860000000001	0.556172	0.502475	0.167736	3.92355	2.0	10.942110000000001	23.218045	2.0	0.010617	5.673094	1.0	88.564941	2.557665	6.0	26.982062	0.354044	3.0	87.467127	22.460704999999997	4.0	60.723718999999996	14.806920000000002	2.0	0.010123	3.594502	4.0	62.145885	4.1665209999999995	3.0	9.818541	24.530904	6.0	73.159835
7860.0	4.0	55.847328000000005	39.380534000000004	97.040858	75.297759	0.366608	0.5766680000000001	0.9073049999999999	0.8469040000000001	7.509607000000001	1.0	49.363248999999996	3.0649580000000003	1.0	0.018376	4.680198000000001	5.0	45.947105	4.951333	3.0	44.97215	23.159887	5.0	73.739589	8.640067	4.0	60.61619399999999	9.181039	3.0	0.029593	0.758798	5.0	5.3901769999999996	3.5334800000000004	3.0	64.62609499999999	9.963092999999999	6.0	72.707934
7879.0	4.0	88.104843	56.980222999999995	23.687964	27.384496999999996	0.109951	0.44762799999999997	0.130853	0.912429	16.104809	5.0	72.118851	2.659295	6.0	0.081262	5.937083	5.0	51.464419	4.800534	1.0	53.611892000000005	14.998788000000001	6.0	38.037091	18.390479	1.0	30.00641	7.211613000000001	5.0	0.019875999999999998	0.618007	3.0	87.960831	4.385535	6.0	48.511213	17.129962	2.0	39.631046000000005
8180.0	4.0	9.279021	86.532617	62.284816000000006	61.315920999999996	0.900968	0.607028	0.579701	0.438565	0.779741	4.0	90.92788900000001	14.382194	3.0	0.013927000000000002	5.679327	4.0	39.393799	2.067617	4.0	55.593877	1.000958	6.0	85.389455	9.654023	2.0	81.782871	6.886082000000001	6.0	0.183168	5.334235	4.0	34.532338	3.587697	4.0	63.073389	13.037182000000001	2.0	73.770938
8217.0	4.0	58.374626	73.812804	41.087410999999996	51.15916	0.8296319999999999	0.320601	0.641536	0.367018	9.6085	5.0	21.017776	3.2225029999999997	6.0	0.010094	0.533302	6.0	15.414736999999999	5.56307	4.0	21.110666000000002	8.675632	4.0	33.369355	15.382316000000001	3.0	8.544922	22.512523	6.0	0.097487	4.108973000000001	4.0	29.256040000000002	4.312713	4.0	72.500743	15.876054000000002	5.0	50.177303
8310.0	4.0	4.487919000000001	93.218375	96.598648	74.863316	0.652092	0.362757	0.125655	0.132113	12.411648	6.0	15.694598000000001	8.720108999999999	3.0	0.010935	3.4921480000000003	4.0	84.183157	4.2164269999999995	5.0	91.762772	1.187669	4.0	38.294819	18.823935000000002	5.0	34.123899	13.335045000000001	1.0	0.034412	4.409831	4.0	31.321184000000002	2.2906150000000003	3.0	45.404951000000004	9.165203	2.0	69.891857
8346.0	4.0	21.288638	65.73224	8.177146	39.053484999999995	0.491037	0.859926	0.130923	0.334468	0.34878200000000004	5.0	93.714225	20.180258	1.0	0.099062	1.0176	6.0	62.889906999999994	5.669023999999999	2.0	38.624951	12.799251	5.0	68.204288	8.581710000000001	5.0	75.854166	9.220493	3.0	0.011073999999999999	5.508627	1.0	87.241322	3.070049	5.0	53.852655000000006	1.103781	1.0	59.585772
8426.0	4.0	35.812999	18.375776000000002	86.05841099999999	19.940583	0.46078800000000003	0.621152	0.84975	0.731005	16.119107999999997	1.0	14.647309	14.083054999999998	1.0	0.017875	1.338986	3.0	96.64708399999999	0.539357	6.0	53.723277	21.142122	2.0	37.806228000000004	23.41299	4.0	32.80191	7.681217	1.0	0.015174000000000002	3.985589	6.0	99.617522	2.418949	4.0	28.307689	14.939153	6.0	51.261886
8512.0	4.0	39.888357	22.105838000000002	99.414759	62.757243	0.9609030000000001	0.536222	0.170309	0.292585	14.340601000000001	4.0	25.006783	17.84625	2.0	0.016177	0.822475	5.0	41.141962	4.659444000000001	4.0	10.946398	12.989646	5.0	45.366548	23.943486	4.0	77.84337099999999	2.717505	5.0	0.014825	1.559582	5.0	44.6376	4.243878	1.0	9.000307000000001	23.638204	6.0	75.503569
8569.0	4.0	99.95639	19.987460000000002	91.85949699999999	47.906061	0.845607	0.605382	0.17333900000000002	0.883704	18.187533	2.0	63.900507999999995	9.519402000000001	4.0	0.023711000000000003	0.747294	4.0	68.986307	2.720386	2.0	42.985957	15.598208999999999	2.0	76.223938	9.080582000000001	2.0	86.715999	17.765894	6.0	0.011617	5.210986	3.0	64.707861	3.6142769999999995	5.0	39.710332	9.923567	3.0	63.737852000000004
8901.0	4.0	27.14177	49.405552	95.765206	7.472033000000001	0.787085	0.9708559999999999	0.43406300000000003	0.34672800000000004	15.199675	1.0	4.231839	20.826051	2.0	0.053574000000000004	2.032245	6.0	76.31748	1.9298650000000002	6.0	31.300099	9.770935	5.0	26.684596999999997	8.735000999999999	3.0	17.250282000000002	19.060269	4.0	0.030369	2.269793	3.0	58.626243	3.2322439999999997	1.0	29.530776	18.790747	3.0	41.639649
8903.0	4.0	46.141645000000004	13.597605999999999	47.066062	30.702594	0.406574	0.7450899999999999	0.325531	0.983626	4.151565	1.0	55.192673	5.125588	5.0	0.035617	3.4376010000000004	5.0	47.507945	3.244325	2.0	34.919707	7.24072	5.0	30.675575	12.262771	5.0	46.834409	12.624556	1.0	0.032524000000000004	1.4920229999999999	4.0	25.279091	4.127993	1.0	61.197756999999996	13.258073000000001	3.0	95.444852
9380.0	4.0	26.565427000000003	25.071188	57.705952	61.303399	0.49723999999999996	0.589558	0.54788	0.663411	6.672814	6.0	8.06162	19.762331	1.0	0.011689	1.436129	6.0	80.759937	4.133808	5.0	30.789859000000003	9.11202	5.0	62.048308999999996	11.220742	4.0	82.681561	19.236506	3.0	0.020291	3.9764230000000005	3.0	6.312182	2.2485	4.0	60.759288	22.542641	6.0	10.865696
9449.0	4.0	60.040052	22.020991	90.94451600000001	33.589079	0.22439800000000001	0.912535	0.955483	0.979978	6.538487	4.0	12.538667	7.9840729999999995	2.0	0.014853	5.628861	5.0	61.26823100000001	2.694343	1.0	53.322697	6.703100999999999	4.0	48.217663	16.676976	6.0	26.639196000000002	14.347894	2.0	0.013055	1.7885959999999999	3.0	61.33173000000001	3.3256639999999997	1.0	8.238907000000001	7.984832000000001	5.0	73.780295
9594.0	4.0	27.196596000000003	28.194029999999998	58.768508999999995	18.321291	0.30993200000000004	0.925692	0.8704040000000001	0.9691489999999999	1.6571790000000002	1.0	85.08430899999999	22.331744	6.0	0.048043999999999996	1.526548	4.0	99.365899	1.128088	1.0	56.701032	20.953697000000002	2.0	45.824403000000004	1.427706	3.0	65.371275	5.3007349999999995	4.0	0.011136	2.500165	6.0	21.832797	1.9558080000000002	6.0	55.342206999999995	8.198632	5.0	81.45478100000001
9627.0	4.0	97.956159	98.365655	39.577165	29.781612	0.46002299999999996	0.967205	0.45657299999999995	0.322418	16.497358	1.0	34.691579	17.657276	5.0	0.057885	0.246204	4.0	90.079266	1.815135	5.0	72.924633	20.450081	4.0	68.429887	22.273409	6.0	27.3045	18.359239000000002	3.0	0.010589	1.7367099999999998	5.0	64.175995	5.906156	2.0	10.361315	3.1781330000000003	4.0	60.199073
9784.0	4.0	69.96024799999999	64.528077	82.833556	59.026762	0.30392199999999997	0.340821	0.106628	0.872432	1.6444	4.0	71.548287	20.69271	2.0	0.014403999999999998	1.8437569999999999	4.0	71.773299	0.266045	4.0	60.780134	17.10833	4.0	63.178463	21.836502	5.0	78.726866	8.129700999999999	1.0	0.042364	2.837847	6.0	34.750774	1.171642	4.0	14.861948000000002	16.004056	3.0	91.301939
9848.0	4.0	59.414106999999994	5.95833	60.548792000000006	86.214543	0.673667	0.8466899999999999	0.426196	0.931672	8.478242999999999	6.0	16.027435999999998	22.674313	3.0	0.267278	0.62248	5.0	84.229997	5.889016000000001	3.0	83.606513	15.635917000000001	4.0	48.329103	19.732895000000003	4.0	83.579656	16.575667000000003	6.0	0.042711	3.636207	6.0	84.95468199999999	1.138975	6.0	3.860057	18.983349	6.0	4.099213
9882.0	4.0	79.566086	15.967107999999998	19.610913	28.075736	0.449729	0.5395310000000001	0.25909499999999996	0.586461	5.041011	2.0	12.658813	23.623920000000002	1.0	0.023413	6.031061	3.0	13.260838	0.923217	5.0	47.897209000000004	19.669918	6.0	55.569327	19.438172	5.0	10.584877	21.268262	5.0	0.014227000000000002	3.488748	3.0	34.240035999999996	5.599601	2.0	26.690826	15.317551000000002	3.0	25.354191
57.0	4.0	28.836934000000003	21.782651	49.248551	17.937343	0.120467	0.961781	0.541524	0.810029	23.332517000000003	2.0	61.950984	6.854322	2.0	0.042555	1.672581	6.0	9.523847	1.333089	6.0	28.425520000000002	17.087497	3.0	34.196585	21.112745	6.0	10.243955	15.219584	4.0	0.015815	2.055397	3.0	73.515862	3.4655050000000003	5.0	22.357592	20.3423	5.0	49.775729
142.0	4.0	99.663986	6.454104	25.850716000000002	5.051166	0.6926800000000001	0.803809	0.42648100000000005	0.902169	8.525507000000001	3.0	9.264305	14.768278	1.0	0.010306999999999998	3.4528849999999998	5.0	54.995709	2.430446	4.0	74.07786899999999	15.971138	4.0	39.009151	5.624993	1.0	69.796246	17.106524	1.0	0.108376	4.665026999999999	5.0	84.445355	5.842453	1.0	64.55533	1.364826	6.0	88.266376
225.0	4.0	99.269603	15.974206	41.674661	29.752692	0.9223969999999999	0.851733	0.725	0.590585	5.039522	3.0	11.231699	0.8893559999999999	2.0	0.608282	2.229962	6.0	73.49833199999999	5.804811	4.0	60.55419200000001	12.720855	4.0	70.285455	11.276019	5.0	71.81251999999999	14.242041	2.0	0.01037	2.26399	4.0	32.215995	5.504423	5.0	9.034127999999999	14.70575	2.0	73.76251500000001
296.0	4.0	80.78063399999999	22.241467	28.755371000000004	7.019583	0.165719	0.441327	0.124327	0.296653	1.923974	5.0	43.142719	22.817766	2.0	0.018977	3.28769	6.0	28.912112	0.38242800000000005	4.0	99.90276300000001	23.4198	6.0	69.146136	16.571584	5.0	16.618243	19.090667	6.0	0.035502	4.732634	4.0	97.238074	5.233845	6.0	53.926589	8.8358	5.0	89.891766
381.0	4.0	92.828181	62.263026	24.679318	71.347636	0.181455	0.401851	0.143644	0.366045	21.338287	6.0	21.290103	6.036741999999999	5.0	0.086923	1.222173	6.0	90.655307	4.630584	3.0	45.512563	23.729541	6.0	82.218215	22.474809	2.0	97.380161	13.843634	5.0	0.11614000000000001	2.94619	6.0	87.783792	5.376474	5.0	89.733861	2.065746	3.0	56.700766
471.0	4.0	57.854748	52.739020999999994	68.642336	24.995694	0.259727	0.979497	0.15398299999999998	0.408692	23.421667000000003	1.0	71.341251	15.522744	5.0	0.021005000000000003	4.448231	3.0	42.273589	0.792528	1.0	69.025959	22.094676	3.0	55.543976	18.353919	6.0	61.640676	18.759869000000002	6.0	0.025274	3.615004	6.0	77.533327	4.308374	6.0	84.909738	24.913199	3.0	26.362852
553.0	4.0	68.642399	22.788473	13.548668	45.784984	0.6983189999999999	0.697472	0.215507	0.492829	8.750850999999999	1.0	61.763513	19.536578	4.0	0.013043	2.9249970000000003	6.0	58.850089000000004	2.627011	4.0	7.983853999999999	11.866261999999999	6.0	57.44028	9.856985	1.0	12.648926	11.526155000000001	2.0	0.11694600000000001	1.878241	6.0	77.036866	4.776008999999999	1.0	65.228487	24.42923	2.0	79.989211
860.0	4.0	81.087634	48.327236	97.700784	72.345729	0.302656	0.8264729999999999	0.369288	0.89156	10.301401	1.0	43.553206	21.875728	4.0	0.036525999999999996	5.553969	5.0	38.346998	3.62295	1.0	32.04144	18.354003	4.0	59.028851	14.492288	2.0	92.969551	22.162473000000002	6.0	0.020753	0.999864	4.0	96.09863299999999	5.806764	1.0	65.648852	15.065689	5.0	79.183861
1121.0	4.0	82.617474	27.215992	84.162634	59.484685	0.882467	0.9776469999999999	0.476409	0.6735720000000001	0.792991	3.0	30.381010999999997	7.281885000000001	4.0	0.595791	5.9250739999999995	1.0	70.173158	0.261337	6.0	96.970636	17.919223000000002	2.0	48.676518	14.704848000000002	4.0	38.438489000000004	18.709835	5.0	0.015521	4.824612	2.0	63.914378	0.574626	4.0	80.447192	9.22908	2.0	12.985831
1225.0	4.0	31.898149	30.626634999999997	72.522255	4.975184	0.197216	0.951641	0.75134	0.790981	21.554307	5.0	89.248712	10.069098	1.0	0.013378999999999999	0.43213500000000005	6.0	56.588112	3.129866	4.0	21.674012	21.745835999999997	3.0	95.541729	0.996719	5.0	98.24305600000001	23.861431	1.0	0.272311	3.802829	3.0	48.721340999999995	4.288156	3.0	49.659439	7.070596000000001	4.0	5.199276
1613.0	4.0	78.986965	7.3714960000000005	55.140643999999995	51.054023	0.9738319999999999	0.163905	0.299576	0.776876	8.986613	5.0	58.409195999999994	20.012977	2.0	0.01094	0.775323	6.0	77.601451	2.5036669999999996	5.0	11.426682000000001	14.976431	2.0	35.243084	3.047804	1.0	31.713340000000002	12.708199	1.0	0.051157999999999995	4.598118	3.0	50.995205	1.554842	3.0	29.271448	11.853977	5.0	65.972187
1632.0	4.0	80.952968	13.926257000000001	56.04474200000001	50.056036999999996	0.167073	0.29326399999999997	0.450667	0.265918	16.836938	1.0	37.781264	6.123906	5.0	0.030081999999999998	1.923323	6.0	43.043764	0.572341	6.0	37.500438	20.031484	2.0	50.875102000000005	11.952838999999999	1.0	85.989825	19.524099	5.0	0.015179	3.493869	5.0	41.818409	1.394317	1.0	81.822739	17.831308	4.0	98.986211
2195.0	4.0	5.823151	16.123064000000003	61.538121	9.5355	0.126691	0.7831319999999999	0.23979699999999998	0.721437	7.973231	1.0	72.760869	14.289498000000002	5.0	0.018758	3.159802	2.0	74.928359	4.449332	2.0	7.853014999999999	16.559316	1.0	82.51109699999999	0.321577	4.0	97.696364	12.586667	3.0	0.019464	4.006814	1.0	72.07078	4.885565	4.0	27.650271000000004	12.94571	6.0	41.020502
2847.0	4.0	4.673192	89.095337	84.852896	15.145298	0.13444	0.865893	0.330719	0.20822399999999996	22.334452	2.0	10.076941	19.815912	2.0	0.038702999999999994	1.478523	3.0	60.917269	4.554618	3.0	72.055708	23.251727	6.0	97.665184	10.256594	6.0	8.924447	1.674398	1.0	0.01097	3.169858	4.0	82.59629699999999	5.893063	6.0	4.269038	7.825889	6.0	27.803575
2916.0	4.0	26.942915999999997	18.198932	42.931083	57.607609	0.40820500000000004	0.440195	0.926164	0.150231	13.720804999999999	5.0	5.725496	2.2740400000000003	5.0	0.027635000000000003	1.879575	3.0	98.974195	5.815685	6.0	19.395838	21.274016	5.0	44.380868	21.375155	4.0	13.299047	13.653607999999998	3.0	0.064836	1.7306540000000001	6.0	71.006424	3.8530279999999997	3.0	40.573974	22.090712	3.0	95.991842
3042.0	4.0	56.186601	3.9851989999999997	53.325058999999996	19.204812	0.6700649999999999	0.14995799999999998	0.35225100000000004	0.961744	1.664351	1.0	55.763215	23.672109	5.0	0.010131999999999999	3.636391	5.0	80.358373	3.527328	1.0	13.426174	10.165217	6.0	93.868398	18.867527	1.0	98.574703	17.91777	3.0	0.063125	0.363279	6.0	41.21428	4.862925	1.0	24.183615	14.063129	2.0	89.612452
3103.0	4.0	72.455329	1.129548	77.81718599999999	18.254928	0.14261	0.490475	0.925154	0.8659180000000001	4.197228	2.0	72.46838100000001	14.638143	6.0	0.030073000000000003	2.958456	6.0	98.758546	5.201422	6.0	16.757111	18.665116	3.0	5.343678	14.738607	4.0	4.252098	17.08846	6.0	0.15400899999999998	5.125303	4.0	48.436886	1.470969	3.0	83.711846	18.906648999999998	5.0	62.284296999999995
3268.0	4.0	96.208377	3.4144089999999996	12.149498	8.255243	0.813249	0.314732	0.46198100000000003	0.41566000000000003	0.608996	2.0	29.503791999999997	19.759114	2.0	0.015619	2.999278	5.0	53.718764	0.342328	1.0	65.08694	17.706571	4.0	66.44901899999999	17.451904000000003	2.0	75.488885	1.960908	3.0	0.028421	2.5298439999999998	5.0	91.485625	0.659959	4.0	36.979893	4.7983139999999995	3.0	98.03173100000001
3455.0	4.0	3.014761	87.439285	3.9605339999999996	77.04911	0.553605	0.934465	0.6809350000000001	0.133741	9.399664	2.0	24.075813	9.343314999999999	2.0	0.051802	2.072964	5.0	68.478624	6.096819	3.0	69.221254	0.5095689999999999	5.0	55.551676	24.926579	4.0	5.778096	4.4858709999999995	1.0	0.036933999999999995	1.567834	5.0	73.95323	5.506665	4.0	63.418277	24.629454	4.0	51.48183
3496.0	4.0	96.810458	14.800092999999999	87.47166899999999	79.050639	0.621397	0.5768939999999999	0.519781	0.610101	22.339743	4.0	40.478252000000005	18.042413	3.0	0.015434999999999999	2.222013	5.0	90.23145600000001	3.8780370000000004	1.0	21.314122	4.685021	5.0	98.778374	13.288425	2.0	89.230362	21.123798	6.0	0.027868	1.908119	5.0	47.67975	0.202093	6.0	25.685257	20.933432	4.0	98.605398
3649.0	4.0	73.978747	32.778513000000004	64.30171899999999	64.931997	0.590065	0.9458049999999999	0.472142	0.41537799999999997	16.796813	4.0	16.037547	8.152702	6.0	0.01872	3.7324410000000006	4.0	83.13179000000001	1.462688	6.0	91.72233	14.48811	3.0	39.174131	0.685059	4.0	73.17858000000001	5.019234	4.0	0.024437	1.256134	6.0	73.533221	4.950248	3.0	28.250797	23.206979999999998	6.0	45.436727000000005
3747.0	4.0	56.842736	6.599028	54.078014	70.44410400000001	0.804754	0.597485	0.752375	0.5034270000000001	8.730651	3.0	26.358812	19.284138000000002	6.0	0.010522	1.556905	5.0	21.289008	1.8956790000000001	5.0	61.805693999999995	21.874415	3.0	73.85493199999999	13.393065	1.0	71.718173	5.646605999999999	6.0	0.019177	0.249931	6.0	91.007225	5.689943	5.0	23.170561	24.493563	5.0	68.309375
3758.0	4.0	8.653246000000001	67.303471	59.515161	88.962168	0.644443	0.513256	0.29681199999999996	0.9487209999999999	1.359025	6.0	56.47486800000001	14.930951	6.0	0.020544999999999997	3.1204330000000002	6.0	76.071262	3.3068129999999996	5.0	12.081517999999999	13.130931	5.0	50.198787	18.687648	4.0	22.168409	11.748353	6.0	0.020275	1.02413	4.0	80.05064300000001	5.625986	4.0	72.82833199999999	6.038044999999999	5.0	49.676479
3904.0	4.0	69.95397	1.7252880000000002	61.868489000000004	27.006415999999998	0.183725	0.905726	0.533177	0.334316	6.688307000000001	1.0	22.869221	23.465664	2.0	0.10704000000000001	2.098226	2.0	29.394755	0.845117	3.0	72.980576	23.453978	5.0	8.385894	24.612261	5.0	82.088963	8.033852	3.0	0.606865	0.29333200000000004	4.0	21.677756	4.0759050000000006	6.0	96.71349000000001	23.536326000000003	6.0	73.423565
3965.0	4.0	61.050005000000006	7.222808000000001	87.548311	54.392256	0.16780699999999998	0.545531	0.895057	0.253029	7.186868	3.0	60.72088000000001	12.623283	1.0	0.103959	2.0685119999999997	6.0	71.72371600000001	2.768749	1.0	52.151538	22.462604000000002	4.0	95.211968	21.022002	4.0	59.33294300000001	20.016169	1.0	0.024105	0.32685	5.0	93.425517	5.832071	2.0	45.667862	19.502038	2.0	40.622391
4315.0	4.0	34.691053000000004	16.743989000000003	77.153301	80.622344	0.43347299999999994	0.531096	0.114522	0.542972	0.676787	5.0	3.3258129999999997	1.8576	1.0	0.013028	5.888673000000001	3.0	89.21311700000001	3.9934540000000003	4.0	71.948886	18.711698000000002	3.0	53.602375	8.310108	4.0	94.577814	7.367300999999999	3.0	0.030676	1.590266	3.0	41.067161	2.2075400000000003	1.0	76.71028000000001	14.137038	5.0	99.46413299999999
4460.0	4.0	1.584518	43.778822999999996	27.334414000000002	93.78349	0.909755	0.446773	0.344283	0.368825	1.755052	6.0	69.87564	24.882673	2.0	0.011154	1.530232	6.0	19.094772	2.019188	4.0	54.727279	0.801063	4.0	6.4973160000000005	6.980195	5.0	10.507159	0.905885	3.0	0.010206	5.678235	5.0	57.503361	4.965145	2.0	65.684689	2.378477	4.0	24.682104000000002
4981.0	4.0	38.376872999999996	54.738417000000005	43.213201	85.035721	0.29477600000000004	0.9912280000000001	0.63575	0.46099300000000004	4.056166999999999	2.0	14.459004	16.629857	1.0	0.100824	6.0445660000000005	6.0	18.355562	4.413949	3.0	62.23902	18.808867000000003	2.0	51.952963000000004	23.671674	1.0	1.91536	7.062728	6.0	0.027861	3.163996	4.0	88.610892	1.565452	6.0	33.609883	21.557316	5.0	85.386751
5110.0	4.0	14.298510999999998	27.836982	55.821051000000004	54.527089000000004	0.167946	0.9269440000000001	0.782064	0.800217	0.675109	2.0	89.69040600000001	22.180207	1.0	0.012135	3.551367	2.0	22.623521	0.129724	6.0	7.936756	20.175072	5.0	79.40168100000001	18.709811	3.0	50.36715	17.542582	1.0	0.029151	4.207789	5.0	24.296901000000002	0.233542	3.0	48.414838	1.516404	6.0	54.605137
5159.0	4.0	80.209806	6.705208	78.999983	96.522864	0.81489	0.827256	0.36746	0.574619	8.854563	1.0	45.460568	8.38163	6.0	0.010494	3.218594	3.0	76.63144399999999	1.358588	1.0	40.400987	8.082312	5.0	9.07498	22.708803	5.0	19.695437	20.245585000000002	5.0	0.012570999999999999	4.231536	5.0	77.567712	2.829726	5.0	93.919228	12.999369999999999	4.0	97.003838
5192.0	4.0	52.657182999999996	17.636098	9.697083000000001	53.150041	0.338952	0.862992	0.25373	0.386486	15.565697	2.0	20.673892000000002	3.6367870000000004	4.0	0.011158	3.089016	3.0	28.223888	3.854478	3.0	2.967673	21.363493	5.0	69.16033399999999	1.717366	1.0	58.770885	9.308029	4.0	0.021994	4.597161	2.0	63.694767000000006	5.42278	5.0	14.142569	12.027694	5.0	89.487287
5399.0	4.0	60.532895999999994	22.788446	69.72349399999999	90.09146700000001	0.289688	0.632576	0.568	0.14213199999999998	23.256554	2.0	26.162792	13.122361999999999	4.0	0.013312000000000001	2.7808740000000003	4.0	31.733832	1.730044	3.0	44.494642	11.141010000000001	6.0	60.238149	17.290163	3.0	48.317204	8.020986	4.0	0.064179	1.258544	2.0	40.86561	3.1478040000000003	4.0	71.034015	5.246821	4.0	92.25674000000001
5792.0	4.0	21.145910999999998	4.009451	72.46975	31.201617	0.442978	0.799296	0.683082	0.164569	21.593642000000003	2.0	30.088752000000003	24.887971	6.0	0.010533	0.5654680000000001	5.0	25.342295999999997	5.583939	6.0	3.123491	4.762824	4.0	62.142313	16.286728	4.0	53.827613	19.938155	5.0	0.015512	0.396512	5.0	98.08595600000001	1.7313939999999999	5.0	41.234175	20.992217999999998	3.0	99.18549399999999
6611.0	4.0	82.208467	1.882757	12.904695	35.147391	0.43954899999999997	0.166527	0.276518	0.8649819999999999	20.898807	1.0	23.798626000000002	22.000148	5.0	0.026557	1.9785119999999998	4.0	99.41467	6.0462739999999995	6.0	79.368039	20.224614000000003	1.0	32.324568	4.337127	1.0	83.757387	23.09218	4.0	0.011087	3.211211	6.0	71.590597	1.743316	3.0	99.613692	10.859185	3.0	38.588344
6837.0	4.0	74.849561	12.780101	61.909169999999996	68.75869300000001	0.47243100000000005	0.8999229999999999	0.6134890000000001	0.798404	12.420793	1.0	88.876482	14.848792000000001	5.0	0.029897000000000003	2.766084	4.0	48.309431	3.717636	6.0	85.100545	8.752597999999999	3.0	11.888562	16.958931	3.0	59.56244399999999	13.370956	2.0	0.143294	0.673742	6.0	47.749755	1.978407	3.0	80.841036	13.04044	2.0	98.623706
6895.0	4.0	55.296634	49.50934	64.937332	34.248205	0.279415	0.959326	0.301709	0.371345	11.521512	2.0	16.992882	22.694007	3.0	0.10332899999999999	0.868333	6.0	77.695444	1.690251	4.0	98.07509499999999	19.936604	4.0	37.137064	3.9143800000000004	2.0	89.31053	2.602014	6.0	0.011356999999999999	1.8589799999999999	6.0	97.065839	4.652336	3.0	32.320403000000006	21.333072	3.0	98.66980799999999
7011.0	4.0	56.94388000000001	10.972836000000001	24.395659	18.601295999999998	0.11555	0.663272	0.622246	0.9516889999999999	4.738805	2.0	48.640975	19.784925	5.0	0.011588	2.920245	4.0	95.919201	5.552082	3.0	76.413975	8.532197	2.0	74.378755	8.960061999999999	6.0	89.06943299999999	4.296634	4.0	0.012526	1.8719740000000002	3.0	17.854111	4.988454	1.0	95.223316	6.496107	5.0	82.920961
7107.0	4.0	38.435637	20.702512	87.232876	65.439639	0.8385790000000001	0.575924	0.267796	0.47636000000000006	0.8560190000000001	4.0	77.27004699999999	9.756480999999999	3.0	0.023433000000000002	4.235011	5.0	99.098523	3.380348	1.0	46.413497	23.854785999999997	2.0	26.830778999999996	9.774263000000001	5.0	34.831832	0.41256099999999996	5.0	0.065751	4.215911	2.0	88.699831	4.964763	2.0	53.449493999999994	8.145241	3.0	99.554451
7243.0	4.0	13.636722	24.439562	44.526951000000004	60.38279300000001	0.604759	0.6579229999999999	0.455139	0.9657969999999999	22.651475	5.0	17.05885	13.732707999999999	3.0	0.011801	3.029834	1.0	59.923353000000006	6.123055	4.0	31.090726	0.513753	5.0	26.178145999999998	2.2882119999999997	1.0	60.278025	18.802047	4.0	0.021192	5.252222	3.0	57.7277	5.914075	5.0	95.187673	7.956413	6.0	25.76298
7294.0	4.0	77.02723399999999	3.740647	71.845617	91.027493	0.524459	0.54302	0.37511	0.597824	17.682816	1.0	81.515286	0.7514569999999999	1.0	0.054876	0.690474	3.0	67.361189	1.803463	4.0	75.70961899999999	16.772033999999998	4.0	94.766465	18.643273999999998	6.0	15.745713	15.861451	5.0	0.029438	4.001911	2.0	84.940228	0.632927	3.0	66.730191	10.485289	4.0	95.947684
7321.0	4.0	7.067767	66.75537299999999	53.491440000000004	96.543573	0.940593	0.45669499999999996	0.832377	0.5703010000000001	18.560836	3.0	82.44095300000001	10.73965	3.0	0.012977	5.5888290000000005	2.0	85.435677	1.428664	4.0	35.843571999999995	2.040912	3.0	40.084317	2.459167	6.0	40.214952000000004	2.040855	3.0	0.031606	0.49154799999999993	5.0	45.89203	2.231967	2.0	75.138952	13.631192	6.0	18.677197
7326.0	4.0	38.384706	14.399198	65.56274599999999	51.887341	0.5164770000000001	0.413954	0.48235900000000004	0.41069700000000003	21.813965	6.0	3.468801	16.189621	3.0	0.41326499999999994	1.651175	6.0	99.227288	3.570674	1.0	96.270441	11.599839	4.0	94.263532	25.346017	5.0	90.93430500000001	2.043929	5.0	0.010158	1.940463	2.0	66.571668	4.3434870000000005	3.0	54.456816	5.513247	2.0	55.947435
7447.0	4.0	73.237859	15.817239	82.168251	53.346771	0.5857180000000001	0.623487	0.321365	0.701857	23.866498	1.0	15.127023000000001	7.7127360000000005	5.0	0.010882	0.9551459999999999	6.0	33.974177000000005	3.289621	3.0	59.921117	9.232209	6.0	65.28044799999999	1.095221	1.0	68.758596	10.43493	4.0	0.014056	4.956014	3.0	58.283475	2.779252	3.0	19.313728	21.669204999999998	6.0	86.605798
7745.0	4.0	58.91093299999999	4.973363	26.036604999999998	99.096829	0.899439	0.581183	0.9280200000000001	0.746487	17.819925	1.0	19.14327	1.097402	1.0	0.031487	3.8833870000000004	4.0	83.546888	5.603153	2.0	51.150187	3.740015	1.0	56.205903	4.251598	1.0	93.987352	10.411234	4.0	0.012355	4.510854	6.0	34.596585	2.905712	2.0	74.35294499999999	23.425162	6.0	74.77454499999999
7784.0	4.0	93.564472	20.885648	88.75545699999999	20.308791	0.363755	0.932248	0.329972	0.30833	1.052991	5.0	48.246438	0.924392	5.0	0.010587000000000001	5.496384	2.0	98.096136	0.881808	2.0	66.41807	21.761596	2.0	26.551163	10.693448	5.0	52.222027000000004	22.506554	3.0	0.38997800000000005	1.8338560000000002	4.0	40.997853000000006	4.181178	2.0	97.643838	18.426862	2.0	70.714101
7794.0	4.0	16.20376	26.073001	71.743975	63.469190000000005	0.8986860000000001	0.556172	0.502475	0.167736	3.92355	2.0	10.942110000000001	23.218045	2.0	0.010617	5.673094	1.0	88.564941	2.557665	6.0	26.982062	0.354044	3.0	87.467127	22.460704999999997	4.0	60.723718999999996	14.806920000000002	2.0	0.010123	3.594502	4.0	62.145885	4.1665209999999995	3.0	9.818541	24.530904	6.0	73.159835
7860.0	4.0	55.847328000000005	39.380534000000004	97.040858	75.297759	0.366608	0.5766680000000001	0.9073049999999999	0.8469040000000001	7.509607000000001	1.0	49.363248999999996	3.0649580000000003	1.0	0.018376	4.680198000000001	5.0	45.947105	4.951333	3.0	44.97215	23.159887	5.0	73.739589	8.640067	4.0	60.61619399999999	9.181039	3.0	0.029593	0.758798	5.0	5.3901769999999996	3.5334800000000004	3.0	64.62609499999999	9.963092999999999	6.0	72.707934
7879.0	4.0	88.104843	56.980222999999995	23.687964	27.384496999999996	0.109951	0.44762799999999997	0.130853	0.912429	16.104809	5.0	72.118851	2.659295	6.0	0.081262	5.937083	5.0	51.464419	4.800534	1.0	53.611892000000005	14.998788000000001	6.0	38.037091	18.390479	1.0	30.00641	7.211613000000001	5.0	0.019875999999999998	0.618007	3.0	87.960831	4.385535	6.0	48.511213	17.129962	2.0	39.631046000000005
8180.0	4.0	9.279021	86.532617	62.284816000000006	61.315920999999996	0.900968	0.607028	0.579701	0.438565	0.779741	4.0	90.92788900000001	14.382194	3.0	0.013927000000000002	5.679327	4.0	39.393799	2.067617	4.0	55.593877	1.000958	6.0	85.389455	9.654023	2.0	81.782871	6.886082000000001	6.0	0.183168	5.334235	4.0	34.532338	3.587697	4.0	63.073389	13.037182000000001	2.0	73.770938
8217.0	4.0	58.374626	73.812804	41.087410999999996	51.15916	0.8296319999999999	0.320601	0.641536	0.367018	9.6085	5.0	21.017776	3.2225029999999997	6.0	0.010094	0.533302	6.0	15.414736999999999	5.56307	4.0	21.110666000000002	8.675632	4.0	33.369355	15.382316000000001	3.0	8.544922	22.512523	6.0	0.097487	4.108973000000001	4.0	29.256040000000002	4.312713	4.0	72.500743	15.876054000000002	5.0	50.177303
8310.0	4.0	4.487919000000001	93.218375	96.598648	74.863316	0.652092	0.362757	0.125655	0.132113	12.411648	6.0	15.694598000000001	8.720108999999999	3.0	0.010935	3.4921480000000003	4.0	84.183157	4.2164269999999995	5.0	91.762772	1.187669	4.0	38.294819	18.823935000000002	5.0	34.123899	13.335045000000001	1.0	0.034412	4.409831	4.0	31.321184000000002	2.2906150000000003	3.0	45.404951000000004	9.165203	2.0	69.891857
8346.0	4.0	21.288638	65.73224	8.177146	39.053484999999995	0.491037	0.859926	0.130923	0.334468	0.34878200000000004	5.0	93.714225	20.180258	1.0	0.099062	1.0176	6.0	62.889906999999994	5.669023999999999	2.0	38.624951	12.799251	5.0	68.204288	8.581710000000001	5.0	75.854166	9.220493	3.0	0.011073999999999999	5.508627	1.0	87.241322	3.070049	5.0	53.852655000000006	1.103781	1.0	59.585772
8426.0	4.0	35.812999	18.375776000000002	86.05841099999999	19.940583	0.46078800000000003	0.621152	0.84975	0.731005	16.119107999999997	1.0	14.647309	14.083054999999998	1.0	0.017875	1.338986	3.0	96.64708399999999	0.539357	6.0	53.723277	21.142122	2.0	37.806228000000004	23.41299	4.0	32.80191	7.681217	1.0	0.015174000000000002	3.985589	6.0	99.617522	2.418949	4.0	28.307689	14.939153	6.0	51.261886
8512.0	4.0	39.888357	22.105838000000002	99.414759	62.757243	0.9609030000000001	0.536222	0.170309	0.292585	14.340601000000001	4.0	25.006783	17.84625	2.0	0.016177	0.822475	5.0	41.141962	4.659444000000001	4.0	10.946398	12.989646	5.0	45.366548	23.943486	4.0	77.84337099999999	2.717505	5.0	0.014825	1.559582	5.0	44.6376	4.243878	1.0	9.000307000000001	23.638204	6.0	75.503569
8569.0	4.0	99.95639	19.987460000000002	91.85949699999999	47.906061	0.845607	0.605382	0.17333900000000002	0.883704	18.187533	2.0	63.900507999999995	9.519402000000001	4.0	0.023711000000000003	0.747294	4.0	68.986307	2.720386	2.0	42.985957	15.598208999999999	2.0	76.223938	9.080582000000001	2.0	86.715999	17.765894	6.0	0.011617	5.210986	3.0	64.707861	3.6142769999999995	5.0	39.710332	9.923567	3.0	63.737852000000004
8901.0	4.0	27.14177	49.405552	95.765206	7.472033000000001	0.787085	0.9708559999999999	0.43406300000000003	0.34672800000000004	15.199675	1.0	4.231839	20.826051	2.0	0.053574000000000004	2.032245	6.0	76.31748	1.9298650000000002	6.0	31.300099	9.770935	5.0	26.684596999999997	8.735000999999999	3.0	17.250282000000002	19.060269	4.0	0.030369	2.269793	3.0	58.626243	3.2322439999999997	1.0	29.530776	18.790747	3.0	41.639649
8903.0	4.0	46.141645000000004	13.597605999999999	47.066062	30.702594	0.406574	0.7450899999999999	0.325531	0.983626	4.151565	1.0	55.192673	5.125588	5.0	0.035617	3.4376010000000004	5.0	47.507945	3.244325	2.0	34.919707	7.24072	5.0	30.675575	12.262771	5.0	46.834409	12.624556	1.0	0.032524000000000004	1.4920229999999999	4.0	25.279091	4.127993	1.0	61.197756999999996	13.258073000000001	3.0	95.444852
9380.0	4.0	26.565427000000003	25.071188	57.705952	61.303399	0.49723999999999996	0.589558	0.54788	0.663411	6.672814	6.0	8.06162	19.762331	1.0	0.011689	1.436129	6.0	80.759937	4.133808	5.0	30.789859000000003	9.11202	5.0	62.048308999999996	11.220742	4.0	82.681561	19.236506	3.0	0.020291	3.9764230000000005	3.0	6.312182	2.2485	4.0	60.759288	22.542641	6.0	10.865696
9449.0	4.0	60.040052	22.020991	90.94451600000001	33.589079	0.22439800000000001	0.912535	0.955483	0.979978	6.538487	4.0	12.538667	7.9840729999999995	2.0	0.014853	5.628861	5.0	61.26823100000001	2.694343	1.0	53.322697	6.703100999999999	4.0	48.217663	16.676976	6.0	26.639196000000002	14.347894	2.0	0.013055	1.7885959999999999	3.0	61.33173000000001	3.3256639999999997	1.0	8.238907000000001	7.984832000000001	5.0	73.780295
9594.0	4.0	27.196596000000003	28.194029999999998	58.768508999999995	18.321291	0.30993200000000004	0.925692	0.8704040000000001	0.9691489999999999	1.6571790000000002	1.0	85.08430899999999	22.331744	6.0	0.048043999999999996	1.526548	4.0	99.365899	1.128088	1.0	56.701032	20.953697000000002	2.0	45.824403000000004	1.427706	3.0	65.371275	5.3007349999999995	4.0	0.011136	2.500165	6.0	21.832797	1.9558080000000002	6.0	55.342206999999995	8.198632	5.0	81.45478100000001
9627.0	4.0	97.956159	98.365655	39.577165	29.781612	0.46002299999999996	0.967205	0.45657299999999995	0.322418	16.497358	1.0	34.691579	17.657276	5.0	0.057885	0.246204	4.0	90.079266	1.815135	5.0	72.924633	20.450081	4.0	68.429887	22.273409	6.0	27.3045	18.359239000000002	3.0	0.010589	1.7367099999999998	5.0	64.175995	5.906156	2.0	10.361315	3.1781330000000003	4.0	60.199073
9784.0	4.0	69.96024799999999	64.528077	82.833556	59.026762	0.30392199999999997	0.340821	0.106628	0.872432	1.6444	4.0	71.548287	20.69271	2.0	0.014403999999999998	1.8437569999999999	4.0	71.773299	0.266045	4.0	60.780134	17.10833	4.0	63.178463	21.836502	5.0	78.726866	8.129700999999999	1.0	0.042364	2.837847	6.0	34.750774	1.171642	4.0	14.861948000000002	16.004056	3.0	91.301939
9848.0	4.0	59.414106999999994	5.95833	60.548792000000006	86.214543	0.673667	0.8466899999999999	0.426196	0.931672	8.478242999999999	6.0	16.027435999999998	22.674313	3.0	0.267278	0.62248	5.0	84.229997	5.889016000000001	3.0	83.606513	15.635917000000001	4.0	48.329103	19.732895000000003	4.0	83.579656	16.575667000000003	6.0	0.042711	3.636207	6.0	84.95468199999999	1.138975	6.0	3.860057	18.983349	6.0	4.099213
9882.0	4.0	79.566086	15.967107999999998	19.610913	28.075736	0.449729	0.5395310000000001	0.25909499999999996	0.586461	5.041011	2.0	12.658813	23.623920000000002	1.0	0.023413	6.031061	3.0	13.260838	0.923217	5.0	47.897209000000004	19.669918	6.0	55.569327	19.438172	5.0	10.584877	21.268262	5.0	0.014227000000000002	3.488748	3.0	34.240035999999996	5.599601	2.0	26.690826	15.317551000000002	3.0	25.354191
