uid	num_states	Prod_of_HNF4A	Prod_of_HNF1A	Prod_of_PPARG	Prod_of_SREBF1	Deg_of_HNF4A	Deg_of_HNF1A	Deg_of_PPARG	Deg_of_SREBF1	Trd_of_HNF1AToHNF4A	Num_of_HNF1AToHNF4A	Act_of_HNF1AToHNF4A	Trd_of_SREBF1ToHNF4A	Num_of_SREBF1ToHNF4A	Inh_of_SREBF1ToHNF4A	Trd_of_HNF4AToHNF4A	Num_of_HNF4AToHNF4A	Act_of_HNF4AToHNF4A	Trd_of_HNF4AToHNF1A	Num_of_HNF4AToHNF1A	Act_of_HNF4AToHNF1A	Trd_of_HNF1AToHNF1A	Num_of_HNF1AToHNF1A	Act_of_HNF1AToHNF1A	Trd_of_SREBF1ToPPARG	Num_of_SREBF1ToPPARG	Act_of_SREBF1ToPPARG	Trd_of_HNF1AToPPARG	Num_of_HNF1AToPPARG	Inh_of_HNF1AToPPARG	Trd_of_PPARGToPPARG	Num_of_PPARGToPPARG	Act_of_PPARGToPPARG	Trd_of_PPARGToSREBF1	Num_of_PPARGToSREBF1	Act_of_PPARGToSREBF1	Trd_of_SREBF1ToSREBF1	Num_of_SREBF1ToSREBF1	Act_of_SREBF1ToSREBF1
140.0	2.0	84.212265	46.198613	87.699424	49.0076	0.124549	0.331284	0.13660899999999998	0.982634	12.540892999999999	2.0	71.306956	8.65008	2.0	0.034298	0.5258520000000001	1.0	12.166758999999999	1.401413	1.0	87.176139	14.951309	4.0	29.370851000000002	19.020972	6.0	50.083422	15.793060999999998	4.0	0.075423	1.8012080000000001	2.0	85.873851	4.206961	5.0	50.642564	6.192278	2.0	67.73347
322.0	2.0	54.090306000000005	54.968006	57.465366	49.068765	0.738079	0.16650399999999999	0.49615200000000004	0.41524300000000003	12.896184	6.0	17.22186	24.202958	6.0	0.016402	3.034024	5.0	24.180945	6.234466	4.0	4.512580000000001	11.142159	3.0	12.313521000000001	0.369908	4.0	78.638773	8.117587	6.0	0.017935	0.217507	4.0	69.486097	5.211515	1.0	48.994704999999996	8.279152999999999	1.0	61.602872999999995
327.0	2.0	68.216022	88.02081700000001	11.918372	31.680819	0.946882	0.33669099999999996	0.898367	0.13993699999999998	7.949256	4.0	10.350778	19.937611999999998	5.0	0.03692	3.180682	4.0	27.756964	1.8873060000000002	4.0	33.458667	1.496765	2.0	32.131501	22.283016	4.0	11.726396000000001	22.354357	5.0	0.459258	0.768178	2.0	30.872090000000004	3.7689190000000004	2.0	62.65691700000001	21.583520999999998	5.0	41.749676
343.0	2.0	60.211422	80.24485899999999	89.452128	17.331915	0.945892	0.117414	0.45955	0.215982	21.942037	3.0	33.100333	5.187508	6.0	0.031274	6.155183999999999	2.0	36.306383000000004	1.9023419999999998	1.0	10.803996000000001	6.898232000000001	3.0	50.667152	9.942414999999999	4.0	48.561202	20.756154000000002	5.0	0.010282	0.678078	5.0	54.612269999999995	0.172949	3.0	81.998784	16.131482000000002	5.0	54.12497
376.0	2.0	97.038823	79.47988000000001	67.27260799999999	93.065538	0.635668	0.10560699999999999	0.121402	0.699688	5.4787550000000005	6.0	97.978026	12.914782	3.0	0.030496	1.160958	6.0	6.191187	5.206258	2.0	19.752007	19.555255	6.0	6.96772	1.634185	2.0	60.488112	1.395195	4.0	0.035153	4.523729	1.0	72.92031800000001	1.798932	2.0	15.145557	1.0063280000000001	6.0	63.335043999999996
387.0	2.0	30.194390999999996	80.45551400000001	94.297421	58.069935	0.969801	0.759012	0.880497	0.913559	18.139499	6.0	99.69133000000001	19.904896	6.0	0.011479999999999999	0.6678810000000001	4.0	21.296301999999997	3.384593	3.0	2.69805	20.208519	1.0	7.622853999999999	15.498314	2.0	52.757994	23.403961	1.0	0.021188	3.469876	1.0	38.489488	1.9184279999999998	4.0	70.84715600000001	3.896635	1.0	1.3802370000000002
395.0	2.0	57.377559999999995	84.421392	68.048004	13.842547	0.144034	0.46440699999999996	0.320885	0.38251999999999997	22.06384	1.0	30.450718	11.63845	5.0	0.015118000000000001	2.341741	3.0	47.335712	2.874832	2.0	23.904901000000002	0.9741700000000001	1.0	37.066229	22.225158	6.0	66.809545	19.409326	4.0	0.030481	5.541816000000001	1.0	29.119838	3.2594279999999998	3.0	61.261591	13.882012	2.0	3.068432
481.0	2.0	57.658224	74.669577	58.756457999999995	95.744956	0.18973199999999998	0.290371	0.499485	0.173725	19.350761	5.0	53.587357	20.571479	4.0	0.014998	5.757299	5.0	64.589638	0.14236500000000002	2.0	30.994564	1.791561	1.0	54.145462	23.344102	6.0	52.639098	2.656489	5.0	0.031082	2.059684	2.0	81.09728100000001	0.656512	2.0	95.76015500000001	12.489377000000001	2.0	27.912315000000003
508.0	2.0	2.90242	45.195907	66.63029300000001	25.989403	0.585093	0.13858499999999999	0.472304	0.97103	14.281885	2.0	48.070738	20.231727	1.0	0.012087	5.499474	1.0	50.917572	2.1809119999999997	4.0	6.7731509999999995	19.2164	1.0	18.780003	0.383857	5.0	90.434301	16.680569000000002	4.0	0.010985	3.306778	6.0	4.773124	4.395094	6.0	74.21786	21.36116	2.0	4.691053
562.0	2.0	64.255542	93.991447	14.294464000000001	47.239707	0.22806500000000002	0.408846	0.320076	0.7827109999999999	12.049446000000001	5.0	48.875601	8.327554	4.0	0.013709	6.094965	4.0	33.374103999999996	3.128301	6.0	3.120803	19.334173	6.0	4.918362999999999	9.69747	4.0	79.310158	10.139927	6.0	0.147898	0.573393	3.0	25.770332	1.739336	4.0	32.954361	10.302112	1.0	2.186098
628.0	2.0	25.583073000000002	64.048386	93.815766	16.861561	0.924118	0.149538	0.12272999999999999	0.144931	5.033505	6.0	38.386319	24.858379	3.0	0.018927	1.8277599999999998	4.0	25.365264	3.5296800000000004	4.0	28.408949	5.887347	2.0	18.652768	1.27086	5.0	22.955375	2.272017	6.0	0.040534	4.069380000000001	6.0	38.854273	5.003418	4.0	36.450487	9.920396	2.0	55.40375
640.0	2.0	22.268798	42.692007000000004	95.284584	64.252563	0.9727299999999999	0.44498000000000004	0.824657	0.9004340000000001	4.165967	5.0	32.546803999999995	4.406748	4.0	0.039927	2.150512	3.0	15.540273000000001	0.567163	5.0	14.60452	1.8428220000000002	1.0	29.734407	22.821009	5.0	41.23336	0.369996	1.0	0.041439	1.538206	5.0	69.909375	3.3918440000000003	5.0	15.097961999999999	3.023676	4.0	84.36744200000001
720.0	2.0	31.07967	69.56304899999999	38.095578	64.152872	0.792043	0.275667	0.888027	0.367088	14.410023	6.0	86.949345	13.462136	6.0	0.019397	6.221346	3.0	3.13452	3.499453	5.0	10.580687	14.915404999999998	2.0	5.687908999999999	24.023267	5.0	64.25151	20.237033	5.0	0.020919999999999998	3.4812730000000003	6.0	43.213572	5.936255	6.0	48.936995	12.666884	2.0	34.797048
784.0	2.0	21.992204	28.985127000000002	22.860463	56.797762	0.747384	0.153124	0.6761520000000001	0.159557	1.1879600000000001	6.0	15.051866	21.578164	4.0	0.12828	3.172427	5.0	20.54363	6.161957	4.0	21.836509	3.1703099999999997	1.0	55.034312	0.35532600000000003	4.0	76.729867	4.464212	1.0	0.011178	2.386552	3.0	21.00767	1.697313	2.0	39.451776	4.205707	4.0	2.069234
836.0	2.0	27.001199	89.921584	81.37300400000001	20.512469	0.374355	0.49586	0.49780100000000005	0.121572	23.176614999999998	3.0	5.378984	21.929795000000002	6.0	0.013350999999999998	2.211855	3.0	10.32768	0.8332299999999999	4.0	4.844473000000001	0.382402	2.0	54.66249499999999	14.060096	2.0	56.478564	13.999707999999998	4.0	0.016111	0.646211	3.0	92.488469	0.476499	5.0	97.947638	12.662942	6.0	85.666011
906.0	2.0	16.243953	93.778253	14.569254999999998	34.295406	0.456049	0.609919	0.48584099999999997	0.39383	8.76928	3.0	84.474698	23.364039000000002	4.0	0.014657	1.514869	2.0	77.329195	1.149592	4.0	6.92163	17.184949	1.0	28.212970000000002	7.215660000000001	1.0	6.324726	14.910979000000001	4.0	0.016005000000000002	4.607572	5.0	15.410422	5.117071	6.0	38.660069	4.048087000000001	2.0	18.957785
948.0	2.0	17.59015	66.5976	7.249447999999999	30.030154	0.770262	0.8417040000000001	0.32892899999999997	0.30025	2.287731	5.0	22.280404	2.298502	6.0	0.015271999999999999	3.9424120000000005	2.0	79.274889	2.063443	5.0	9.761295	2.170635	1.0	59.307198	3.291471	5.0	30.068826	6.4116290000000005	4.0	0.010786	1.9739200000000001	3.0	47.570903	1.239087	5.0	64.10203100000001	10.267287	2.0	40.075804
973.0	2.0	96.026256	80.41851199999999	87.751214	88.334479	0.214955	0.510672	0.166183	0.631649	2.062131	1.0	47.266351	17.669581	1.0	0.264904	1.022558	6.0	49.796284	5.067819999999999	5.0	21.812453	13.366055	3.0	1.958323	13.676765	5.0	48.739086	3.080637	1.0	0.017075999999999997	1.5229270000000001	3.0	21.203906	1.579649	4.0	98.987195	9.493741	6.0	76.05154300000001
998.0	2.0	43.100192	43.946318	50.245296999999994	12.94262	0.327758	0.6689149999999999	0.260335	0.617186	9.17953	1.0	78.13834399999999	21.645512	4.0	0.052578	2.7351900000000002	5.0	40.462428	0.135371	3.0	90.215204	4.744145	5.0	1.694137	10.942331	5.0	68.453716	21.983934	1.0	0.011225	1.259431	6.0	77.251456	5.020862	4.0	24.424192	10.830314	1.0	99.449215
1013.0	2.0	58.608973	54.24921	59.838659	35.19535	0.11593900000000001	0.165632	0.63966	0.905224	20.350846	1.0	7.398948	10.668567999999999	6.0	0.011713	3.591989	6.0	30.466878	5.441195	3.0	33.856936	5.3482769999999995	1.0	25.916235999999998	25.302289000000002	3.0	39.972046999999996	20.330066	2.0	0.015446000000000001	3.373163	6.0	52.698259	2.763138	2.0	60.018099	15.627592000000002	5.0	17.140713
1056.0	2.0	78.002844	58.08973	8.281317	50.950099	0.63251	0.140902	0.48794	0.420376	1.48165	2.0	78.936644	23.508465	2.0	0.040536	1.0450030000000001	5.0	65.616778	0.9646100000000001	2.0	98.59610500000001	3.105927	1.0	13.615554000000001	8.57354	5.0	49.775127000000005	22.994475	2.0	0.019804	3.7347660000000005	5.0	69.641912	4.751635	4.0	82.786451	15.616709	6.0	58.306470999999995
1068.0	2.0	97.043059	78.495325	28.907942	23.692905	0.6627689999999999	0.378206	0.173773	0.480695	19.885658	2.0	26.575133	25.524758	6.0	0.9504020000000001	0.210117	3.0	66.53157	0.548315	3.0	50.866656	15.850736999999999	2.0	43.874703000000004	14.190098	1.0	36.134204	17.594534	3.0	0.041803	0.364302	2.0	49.72599	4.281181	3.0	89.697223	0.842922	5.0	27.838557
1105.0	2.0	26.853969	27.778518	57.067827	56.329129	0.644592	0.18426700000000001	0.104941	0.698472	12.862786	4.0	98.783485	3.8329440000000004	4.0	0.024318	2.4277439999999997	6.0	16.653976999999998	1.991729	5.0	1.023601	11.195157	2.0	67.68055	3.6874029999999998	3.0	88.900757	11.051983	4.0	0.12971	2.9812369999999997	1.0	27.673011	1.2935530000000002	5.0	93.767135	6.741086999999999	3.0	22.176195
1114.0	2.0	61.26541700000001	70.45985300000001	36.923863	3.188398	0.881756	0.805268	0.715809	0.111943	2.2809209999999998	6.0	88.413967	17.495476	4.0	0.02493	2.2376419999999997	4.0	19.148563	4.52084	2.0	1.426023	15.342741	3.0	10.923077000000001	10.895176	1.0	8.939973	1.330629	5.0	0.413621	2.415499	4.0	38.20825	4.647528	4.0	8.135268	17.943118	3.0	6.389126999999999
1146.0	2.0	89.773098	88.856483	83.573101	57.917477000000005	0.985417	0.621788	0.795559	0.294488	11.869489999999999	6.0	57.63965699999999	12.496613	2.0	0.017329	1.8438759999999998	2.0	22.004087	0.792459	4.0	17.862546	1.649493	1.0	26.047271	23.742316	6.0	34.050257	20.654367999999998	2.0	0.01018	4.723343	4.0	23.587885	5.0838589999999995	6.0	75.130909	20.71725	1.0	99.30617600000001
1190.0	2.0	47.342203999999995	60.554991	48.499016999999995	76.364604	0.515285	0.158305	0.203164	0.606363	18.550217	3.0	60.075140000000005	20.469915	2.0	0.021406	5.1153319999999995	3.0	33.865041999999995	1.574675	5.0	51.922828	19.095539000000002	1.0	1.132849	24.191554	5.0	33.47208	14.224456	2.0	0.020138999999999997	0.22263200000000002	5.0	57.099139	4.138194	4.0	44.671873	15.296397	2.0	46.100372
1200.0	2.0	37.45908	61.78598100000001	88.70733299999999	82.989331	0.347664	0.46911099999999994	0.702688	0.514551	20.74439	4.0	19.243778	19.719266	3.0	0.015509	3.6767190000000003	1.0	97.980338	3.191753	6.0	8.468086	3.2854019999999995	2.0	56.831761	9.086122999999999	4.0	52.173485	18.668276000000002	3.0	0.017958000000000002	2.067503	4.0	91.14457900000001	3.9125660000000004	6.0	62.692353000000004	8.312476	5.0	46.745272
1208.0	2.0	57.367527	76.013977	71.490015	13.778410000000001	0.9994049999999999	0.346179	0.178819	0.9977360000000001	14.835254999999998	2.0	74.024732	8.584502	6.0	0.059118	3.798964	1.0	45.993727	1.092173	3.0	2.32678	5.95054	5.0	6.923602000000001	2.925998	4.0	13.859573999999999	14.489117000000002	5.0	0.476547	3.773446	2.0	72.48406999999999	2.5340599999999998	3.0	60.479155000000006	15.768931	6.0	9.811044
1213.0	2.0	29.212373	92.136337	20.909123	84.768884	0.440717	0.167837	0.821526	0.37661100000000003	19.621171	1.0	73.287184	16.019571	6.0	0.012104	0.987574	1.0	55.628032	4.846941	6.0	62.850446	0.9412969999999999	2.0	32.781458	20.566793	2.0	14.260741000000001	18.426233	6.0	0.11616099999999999	0.65099	4.0	39.604198	1.242227	5.0	56.071124	8.324803	5.0	88.606688
1242.0	2.0	93.188356	87.698336	90.535335	12.723682	0.132436	0.41074799999999995	0.44580600000000004	0.691871	10.15275	6.0	29.872906	5.448963	2.0	0.019188	0.099152	4.0	86.57230600000001	2.555972	2.0	72.69422800000001	0.24713400000000002	5.0	6.2313480000000006	25.079577	1.0	86.54137800000001	3.088478	4.0	0.36835100000000004	2.3680630000000003	6.0	73.758496	4.581496	1.0	36.589363	5.854691000000001	4.0	39.513787
1407.0	2.0	61.471838	46.085626	82.052707	96.586929	0.370232	0.155999	0.6629229999999999	0.499805	22.982295	1.0	35.984603	6.642253	2.0	0.01863	2.208001	6.0	16.850506	6.036319000000001	1.0	51.00349	1.168208	1.0	64.418686	24.200678	4.0	58.159316000000004	19.019693	5.0	0.03354	3.0871169999999997	2.0	88.436301	3.0712919999999997	4.0	59.389862	14.587876000000001	6.0	9.158667
1453.0	2.0	39.518832	92.662849	94.40344300000001	59.20626	0.358171	0.523087	0.620128	0.44562299999999994	1.691402	3.0	10.091567999999999	7.047610000000001	6.0	0.052827	5.894348	6.0	4.456187	3.6988209999999997	1.0	86.36376	15.168385999999998	5.0	6.641734	3.4567639999999997	4.0	26.776077	4.488119999999999	5.0	0.144651	3.748649	6.0	56.508415	1.816401	6.0	2.549509	3.471083	3.0	73.654043
1639.0	2.0	25.735670000000002	97.605346	17.152591	79.615913	0.578584	0.126407	0.848881	0.415171	13.937202	2.0	62.340906000000004	16.190906	5.0	0.049559	0.90861	4.0	42.543199	1.661571	6.0	47.943624	1.03682	4.0	56.161294999999996	6.870029	3.0	45.298596999999994	14.351847	4.0	0.010620000000000001	2.1705490000000003	3.0	98.02592299999999	0.441496	6.0	33.223215	11.494982	6.0	57.965077
1645.0	2.0	68.626723	64.67657700000001	33.436375	35.781465000000004	0.45201899999999995	0.449317	0.134149	0.46551000000000003	4.181669	2.0	55.948651	20.166132	2.0	0.011512999999999999	5.911574	1.0	12.479427000000001	3.6686120000000004	2.0	4.377516	9.049248	4.0	1.002406	4.327106	4.0	21.573053	15.972401000000001	1.0	0.010034999999999999	4.231655	5.0	78.387559	3.7974769999999998	4.0	25.793842	10.66752	3.0	47.943259999999995
1650.0	2.0	65.945642	48.819446	23.289753	10.228906	0.328048	0.392536	0.133881	0.30485999999999996	11.168672	3.0	82.87371	4.6582230000000004	2.0	0.028401	0.809519	1.0	19.065997	2.423621	1.0	1.0673780000000002	14.308542999999998	3.0	35.372173	21.649844	4.0	7.9652080000000005	12.301658	1.0	0.013593000000000001	3.7356580000000004	6.0	80.938326	4.7844	2.0	50.489309000000006	3.276544	1.0	86.292287
1744.0	2.0	41.356115	40.421436	56.343987	40.41576	0.8682719999999999	0.367591	0.266407	0.561217	19.832181	2.0	66.500831	12.565949	4.0	0.152896	2.871171	1.0	87.442291	5.403976999999999	3.0	1.574859	0.689709	2.0	38.221789	18.869631	6.0	78.74803100000001	3.3113360000000003	5.0	0.020996	1.208476	1.0	47.078129	2.119817	3.0	45.171498	24.237748	4.0	43.281518
1966.0	2.0	66.820296	42.870191	95.50886700000001	60.441677	0.258361	0.47597399999999995	0.175102	0.37322	2.205148	1.0	21.426839	17.288794	1.0	0.025702	2.223642	5.0	4.252483	1.814009	2.0	68.907647	20.251347	2.0	22.128622	19.630192	2.0	27.857332	16.557868	6.0	0.017203	4.2679089999999995	5.0	84.711054	2.067725	2.0	52.043873	20.588713000000002	5.0	97.250825
2064.0	2.0	69.804456	97.335486	45.158767	66.210094	0.7254079999999999	0.20820100000000002	0.993894	0.738263	17.037681	6.0	85.442678	11.207231	6.0	0.015982	2.783986	4.0	11.440847	6.101316000000001	3.0	18.662453	4.137722	2.0	59.878329	12.650934	4.0	52.380842	22.587754999999998	2.0	0.05508	3.9000589999999997	2.0	62.106589	5.212123	3.0	50.708025	25.3374	4.0	81.662256
2156.0	2.0	83.101416	95.07105	65.864526	42.651158	0.650104	0.704033	0.6342979999999999	0.8390620000000001	0.531802	5.0	33.600771	11.754033	3.0	0.021591	5.1961889999999995	6.0	38.976181	5.08372	5.0	11.001835	17.173138	1.0	1.047368	9.36209	2.0	7.668571000000001	15.285116	6.0	0.012694	1.023018	1.0	81.557953	1.270478	2.0	48.926828	2.998268	6.0	34.363448999999996
2172.0	2.0	73.14213199999999	56.495321	25.586737	63.440776	0.544357	0.729923	0.53177	0.689488	3.268017	2.0	7.937975999999999	23.027663	3.0	0.01553	5.257036	4.0	52.923427000000004	6.219945	2.0	11.744128	0.310489	2.0	33.122437	10.63015	4.0	83.811353	9.828873	3.0	0.017501	0.240628	4.0	81.970109	2.7558439999999997	4.0	11.467801	23.930398999999998	1.0	23.038829999999997
2185.0	2.0	45.908796	92.872889	46.696981	44.983076000000004	0.451491	0.800445	0.219795	0.591585	13.578161999999999	3.0	53.450759	21.570249	5.0	0.268874	0.625363	1.0	25.297644000000002	3.323548	4.0	6.674503	21.141011	1.0	4.331702	4.181336	3.0	67.227987	3.930595	6.0	0.021277	1.3146719999999998	4.0	29.011778999999997	4.025189	3.0	22.200343	4.971931	5.0	40.30189
2198.0	2.0	78.920949	61.694479	46.517334000000005	23.33771	0.318013	0.749582	0.734019	0.968623	21.35503	2.0	8.704057	14.808432	6.0	0.018976	0.600924	4.0	43.508919	3.5892410000000003	1.0	17.103820000000002	0.41449600000000003	4.0	14.832298000000002	21.764670000000002	5.0	47.361726000000004	17.779551	1.0	0.033025	0.8704860000000001	3.0	93.640185	2.812647	3.0	33.575536	14.729149	6.0	36.267754
2217.0	2.0	24.483832	64.691661	10.913703	85.896266	0.973485	0.235093	0.515837	0.7391	5.284853	4.0	75.035732	15.534409	1.0	0.018348	0.799204	4.0	63.86895	1.459537	5.0	9.279983	12.795501	1.0	42.734406	14.266572	1.0	30.329943	10.16642	3.0	0.014378	0.575807	2.0	12.651487	1.8949900000000002	5.0	34.087548	24.866168	2.0	2.850091
2237.0	2.0	5.351742	11.240938	79.202535	28.918388	0.825867	0.43029399999999995	0.375907	0.7319060000000001	12.350849	1.0	2.532566	15.744024	1.0	0.012587000000000001	0.07048	4.0	13.107531	1.015156	4.0	2.945565	9.94908	1.0	74.382011	7.466788	4.0	19.165925	17.9826	5.0	0.025892000000000002	4.99394	2.0	76.014416	2.941309	1.0	18.265875	18.654167	3.0	11.114628
2401.0	2.0	89.20581999999999	90.733581	20.528154	19.588819	0.8204790000000001	0.113446	0.5620890000000001	0.410681	3.7497519999999995	1.0	59.731453	22.171434	1.0	0.011951999999999999	1.391723	3.0	17.492061	4.274095	4.0	13.523554	18.453994	6.0	6.667822999999999	10.230032000000001	6.0	8.625574	19.308669000000002	2.0	0.139181	0.9577260000000001	3.0	40.272065000000005	4.395687000000001	1.0	6.949914	6.193997	2.0	59.974717000000005
2428.0	2.0	89.906419	95.78483	77.784141	82.816751	0.123321	0.542249	0.6200680000000001	0.660173	5.311177	5.0	7.3986149999999995	5.319796	1.0	0.020372	0.358427	3.0	4.7659720000000005	1.09572	4.0	89.464951	13.906073000000001	3.0	86.455754	13.197389999999999	2.0	55.917367000000006	12.243791	6.0	0.078715	4.448862999999999	5.0	71.59569	1.476158	4.0	81.689235	20.723923000000003	3.0	3.3223559999999996
2540.0	2.0	44.574728	56.272247	77.429763	26.458821999999998	0.9713579999999999	0.738851	0.7244470000000001	0.493442	15.234985	5.0	71.834266	1.2085780000000002	1.0	0.018537	5.229153	1.0	19.450971	4.413899	3.0	3.3669860000000003	18.370795	1.0	7.571413000000001	12.284797	1.0	97.524376	14.857010999999998	6.0	0.222144	4.762601	6.0	42.830092	2.894561	6.0	68.063001	1.602383	4.0	56.580890000000004
2589.0	2.0	87.48759799999999	62.836888	14.770311999999999	90.573634	0.733901	0.281515	0.7309720000000001	0.5744560000000001	14.463842999999999	3.0	48.900195000000004	22.503357	3.0	0.010151	1.75457	3.0	51.750482	5.149866	4.0	7.001627	5.231369	6.0	3.879001	0.335449	5.0	81.99135	21.35977	3.0	0.019280000000000002	2.470466	3.0	47.280065	0.708655	6.0	64.58710500000001	15.117689000000002	4.0	19.375501999999997
2920.0	2.0	25.704688	70.522632	94.907154	85.266063	0.98531	0.710094	0.12135499999999999	0.637423	5.6924589999999995	2.0	45.124157000000004	19.475617	5.0	0.022284	3.113553	3.0	28.948968	2.8068779999999998	4.0	5.124999	5.038228	1.0	47.534133000000004	12.647375	3.0	97.657763	12.910289	6.0	0.012925999999999998	0.491883	1.0	18.53236	5.543507	3.0	39.501876	9.933442	1.0	22.057349
2926.0	2.0	95.62236700000001	59.051837	48.90863	33.690589	0.6611600000000001	0.37709000000000004	0.43739399999999995	0.6687529999999999	22.615497	6.0	1.000692	0.397953	5.0	0.012893	4.311536	6.0	5.064603	0.49899099999999996	3.0	75.818143	17.178521	2.0	22.663007	16.558559	3.0	23.774176	19.221494	2.0	0.0564	3.848725	1.0	69.97659200000001	1.546837	3.0	58.151036	14.400288	3.0	88.89613100000001
2927.0	2.0	93.221438	10.597081	49.354075	8.049797	0.815258	0.47412	0.3855	0.905615	16.110575	5.0	9.177042	8.180043	2.0	0.03034	0.503346	2.0	21.883658999999998	2.275643	4.0	56.377711	4.687425	1.0	77.06248199999999	6.176297	6.0	98.033885	17.141251	4.0	0.026476	4.057363	6.0	48.186888	2.244567	6.0	91.150858	4.178083	4.0	50.283184999999996
2966.0	2.0	6.404827	57.254911	11.945539	74.541614	0.608869	0.3489	0.20629	0.964542	12.009893	5.0	63.575384	23.064919	5.0	0.050248	3.01323	4.0	2.2591229999999998	1.351427	2.0	11.578055	2.6549650000000002	5.0	7.559035000000001	9.685763	3.0	33.761343	18.340707000000002	6.0	0.040178	0.294649	2.0	75.976027	1.04975	3.0	70.771474	17.192503	6.0	46.267505
2987.0	2.0	36.682656	84.77898	29.005131	89.454839	0.633846	0.141965	0.363202	0.140593	8.4855	1.0	61.564007	24.186843	4.0	0.022539	4.588346	2.0	21.196306	1.591793	6.0	95.477221	1.428535	2.0	51.448153999999995	13.746197	6.0	93.403155	6.430249	6.0	0.051517999999999994	1.482322	3.0	56.619896999999995	4.720628	2.0	92.228389	10.974544	2.0	66.387034
3102.0	2.0	99.330493	49.431443	59.512221	86.45085300000001	0.486349	0.119199	0.9679139999999999	0.980073	11.489002000000001	1.0	46.710939	0.679303	4.0	0.022059	6.12413	1.0	91.544999	2.468553	4.0	3.2246360000000003	8.582127999999999	2.0	56.202963000000004	16.718859	5.0	53.36509399999999	22.545528	1.0	0.010986	0.641654	6.0	6.482663	1.4145809999999999	4.0	73.519144	5.310753	1.0	39.152638
3117.0	2.0	49.864431	86.563857	16.735217000000002	39.212342	0.31076	0.15199200000000002	0.10288399999999999	0.25772399999999995	7.268814	5.0	89.520055	2.683753	4.0	0.05318200000000001	2.290165	4.0	36.873369	4.451941000000001	2.0	20.203608	2.1786630000000002	4.0	48.277701	17.720202	2.0	69.740922	10.554113000000001	3.0	0.011989	0.9671770000000001	1.0	93.02506899999999	5.286639	4.0	36.196554	24.443064	2.0	16.352311
3130.0	2.0	47.829243	17.076103	64.323624	46.193608000000005	0.622212	0.187083	0.574954	0.580695	3.075724	2.0	79.111376	3.3840519999999996	1.0	0.01225	3.81448	5.0	12.077162	3.283091	1.0	4.192115	20.247254	1.0	64.186362	7.313189	1.0	43.959488	19.161466	5.0	0.101776	5.411042	4.0	5.233389	4.124455	4.0	93.515327	20.379241	6.0	79.65302199999999
3161.0	2.0	40.134104	31.059240999999997	75.301146	68.395803	0.9069209999999999	0.377711	0.725679	0.775663	18.472341	1.0	41.738777	1.612277	4.0	0.027791000000000003	4.312346	1.0	54.651056999999994	5.918415	2.0	4.368599	4.569051	2.0	27.054322999999997	6.208074	1.0	40.247389	22.630872	3.0	0.07385800000000001	4.306717	5.0	79.344353	4.099747	1.0	77.357089	20.185304000000002	3.0	38.122585
3204.0	2.0	94.199151	94.67094499999999	15.149523	83.242908	0.574	0.244583	0.102403	0.34329699999999996	3.5513739999999996	5.0	4.893639	10.780241	5.0	0.066316	0.950333	1.0	90.079161	0.602919	4.0	24.410511	16.785366	6.0	66.96453100000001	23.84	2.0	49.336612	13.464970000000001	1.0	0.010066	5.388043	1.0	1.4036899999999999	3.6999470000000003	6.0	85.399659	4.654095	1.0	78.912079
3358.0	2.0	30.736469	94.58276	70.473549	58.774167000000006	0.754249	0.321203	0.5537270000000001	0.85446	1.666253	1.0	9.084914	23.757376999999998	3.0	0.010757	1.13732	1.0	94.800246	3.3687129999999996	2.0	4.111683	0.356552	5.0	89.697039	10.650043	1.0	11.188961	20.91856	6.0	0.056337	2.677775	6.0	80.9251	4.491603	5.0	15.912142000000001	3.162999	1.0	51.56261
3390.0	2.0	26.302660999999997	26.731740000000002	35.884847	50.312789	0.10127	0.46824	0.506875	0.5129640000000001	11.998904	2.0	78.535781	10.892603999999999	1.0	0.101563	3.705253	5.0	4.658822	0.16553199999999998	3.0	5.336755999999999	9.787736	1.0	1.008826	25.200302999999998	6.0	53.789678	5.570391000000001	1.0	0.192223	4.8350040000000005	4.0	36.297185	5.4898620000000005	6.0	24.056778	4.728193	6.0	5.846243
3441.0	2.0	1.54795	95.939862	59.927191	98.253483	0.739483	0.657276	0.12436099999999999	0.865632	4.568068	4.0	53.408862	5.32678	2.0	0.011314	4.335046	1.0	15.499113000000001	3.12015	3.0	12.332341	6.0570889999999995	2.0	11.089628999999999	4.199701999999999	6.0	97.444869	10.89007	3.0	0.191422	1.1563700000000001	3.0	59.813145999999996	3.5110059999999996	1.0	39.361558	15.808720999999998	5.0	19.858087
3456.0	2.0	23.76227	79.267142	39.508691	14.066232000000001	0.200627	0.9295530000000001	0.108626	0.6899390000000001	2.013895	6.0	2.585346	18.088708999999998	5.0	0.162701	5.811139	6.0	15.825367000000002	1.114132	1.0	89.386712	18.028994	2.0	37.947654	25.386189	1.0	55.659015000000004	6.2082440000000005	1.0	0.017588999999999997	5.902069	5.0	43.861235	3.1290240000000002	4.0	66.752173	9.654207000000001	5.0	51.007552000000004
3542.0	2.0	97.026797	92.128796	42.199463	80.23152900000001	0.807253	0.174555	0.29997199999999996	0.810228	5.222981	1.0	95.99820600000001	17.801228	5.0	0.063037	3.317992	3.0	6.282065	1.040329	2.0	31.731502000000003	17.319968	5.0	18.500709	16.018957	2.0	92.87003	15.302904999999999	3.0	0.32152	2.065111	5.0	49.504428000000004	1.450185	2.0	11.750569	25.32134	2.0	84.926338
3659.0	2.0	81.401155	49.103378	5.881487	30.768169	0.889066	0.45995699999999995	0.41712299999999997	0.594882	18.028935999999998	3.0	53.259556999999994	7.7176979999999995	1.0	0.026519	0.318164	5.0	40.932891999999995	1.933312	3.0	8.932851	6.946225999999999	1.0	70.631754	0.97803	5.0	8.463569999999999	19.100627	4.0	0.01064	2.146074	6.0	39.667148	5.695278	5.0	40.857465000000005	5.098476	2.0	92.105168
3672.0	2.0	83.209592	82.888756	91.626	63.413759999999996	0.57533	0.30141	0.8737290000000001	0.194766	3.7332620000000003	5.0	41.676992999999996	8.573783	6.0	0.071103	5.649306	3.0	91.985708	0.9011889999999999	6.0	12.305552	18.88391	1.0	77.908252	13.162146	5.0	18.414986	2.878302	4.0	0.015913999999999998	0.52977	3.0	55.16713000000001	5.280267	5.0	81.728954	15.999395999999999	3.0	74.817995
3709.0	2.0	45.042534	59.614966	95.326311	76.215776	0.153265	0.209135	0.169623	0.794583	18.257421	3.0	47.425125	23.058273	5.0	0.710279	0.9786809999999999	2.0	74.921162	5.79976	4.0	87.06792800000001	2.7977819999999998	3.0	21.868548999999998	20.510645	1.0	97.593041	22.716335	5.0	0.09804500000000001	2.366114	5.0	48.778529	2.993505	3.0	69.690827	13.134751999999999	1.0	80.303425
3878.0	2.0	66.264656	74.719597	22.314255	36.071123	0.8308129999999999	0.456933	0.264881	0.23193000000000003	17.915142000000003	2.0	55.005729	1.2109860000000001	3.0	0.031493	2.9702040000000003	2.0	43.622785	0.246258	4.0	16.113061	5.553021	1.0	59.657734999999995	18.766323999999997	3.0	43.951876	4.118758000000001	3.0	0.065327	5.791294000000001	1.0	71.142202	4.671279	4.0	71.889143	24.926916000000002	3.0	28.187210999999998
3906.0	2.0	66.485298	58.541149	88.689013	41.562232	0.96949	0.38708200000000004	0.604789	0.501935	10.686411999999999	1.0	38.537519	0.7135130000000001	1.0	0.048369999999999996	1.6776229999999999	2.0	16.370378	1.923055	2.0	33.124322	0.800556	2.0	56.34605	16.682659	1.0	59.833687	9.408169000000001	4.0	0.011244	0.731653	6.0	42.677487	4.609121	1.0	51.226174	21.872265	2.0	59.016059999999996
3934.0	2.0	86.664805	15.918387	39.74536	18.298051	0.518039	0.692763	0.347094	0.800231	9.939703999999999	5.0	12.412303	10.574860000000001	1.0	0.16977	1.098848	1.0	12.977779	6.189645	2.0	73.27236500000001	0.452608	6.0	56.721183999999994	11.859229	5.0	22.010164000000003	0.620607	4.0	0.043781	1.355308	4.0	99.030423	0.5927359999999999	2.0	56.843102	5.446329	2.0	36.178715000000004
3935.0	2.0	48.637624	73.286804	64.75944399999999	79.98237900000001	0.473351	0.5199600000000001	0.29137399999999997	0.594597	1.7282680000000001	5.0	44.562413	22.029730999999998	6.0	0.024357	4.901447	4.0	89.57473900000001	2.06995	3.0	15.100942000000002	12.824639999999999	5.0	1.197867	22.370659	2.0	56.01214	14.356051999999998	1.0	0.011934	5.617061	3.0	14.585773999999999	0.333902	4.0	16.081332999999997	15.769765	2.0	9.126002
4057.0	2.0	13.859716	43.047717999999996	48.422507	30.670465999999998	0.824017	0.589924	0.292561	0.1523	10.528167	5.0	31.878894	11.885928	6.0	0.012313	4.966569	6.0	6.588158999999999	1.681659	4.0	2.8834869999999997	3.138359	1.0	2.2508150000000002	11.169416	4.0	27.517433	13.753092	4.0	0.068735	4.744066	1.0	98.150419	2.3931299999999998	6.0	23.318244	18.356576999999998	1.0	95.394733
4089.0	2.0	62.701522	32.746429	82.225227	11.303651	0.785083	0.22786900000000002	0.18898	0.36886199999999997	2.855407	1.0	7.632873	21.726707	3.0	0.01722	1.16411	3.0	70.836011	3.6675690000000003	5.0	2.655378	4.814801	2.0	13.043397	11.027104	6.0	53.94674200000001	20.367711	5.0	0.056183000000000004	3.098118	5.0	93.720407	1.89263	3.0	46.812940000000005	15.205239	3.0	95.422963
4165.0	2.0	47.492115999999996	72.495028	50.384101	49.2559	0.493453	0.5558270000000001	0.231685	0.274483	12.00301	1.0	79.189879	2.673337	5.0	0.019837999999999998	1.065122	1.0	57.95012	3.078789	2.0	4.149608	22.944574	1.0	41.053096000000004	1.617804	4.0	75.163661	5.962867	6.0	0.020519	0.732787	4.0	19.749015	0.84883	2.0	26.195459	11.24852	5.0	31.676156
4260.0	2.0	63.868947	77.16032	72.766357	45.200996999999994	0.54996	0.400194	0.38597600000000004	0.752282	17.924388	5.0	50.069239	8.666748	3.0	0.738775	2.745133	2.0	59.395006	0.965542	4.0	8.689979	9.939523	6.0	1.296314	14.178814000000001	3.0	73.50287800000001	21.926997	6.0	0.04069	1.6062040000000002	1.0	55.844348	2.5969599999999997	2.0	42.106429999999996	22.093270999999998	2.0	5.126711
4268.0	2.0	60.098732	88.391231	82.343728	29.098885	0.646436	0.5107510000000001	0.765964	0.24710100000000002	13.638148000000001	4.0	34.523641	3.638672	3.0	0.011299	0.286938	1.0	98.589732	1.6300709999999998	6.0	9.54349	0.970925	3.0	32.307553999999996	2.7019830000000002	6.0	84.866726	12.860936	1.0	0.010449	2.396643	1.0	27.823701	2.2640279999999997	6.0	56.833884999999995	0.615981	2.0	9.878167999999999
4334.0	2.0	81.306511	37.313464	97.409428	64.774287	0.8225819999999999	0.260422	0.728371	0.412653	23.05625	5.0	1.412615	25.231968	3.0	0.019488	2.914396	6.0	57.540319	3.5709519999999997	6.0	6.307211	18.364508999999998	1.0	77.350736	11.393131	6.0	50.490099	3.562721	5.0	0.261915	3.809139	6.0	84.777512	1.92461	6.0	93.354764	23.797416000000002	4.0	11.878451
4390.0	2.0	39.585573	90.564235	9.932227000000001	48.61667	0.596089	0.195104	0.927861	0.260992	12.700469	6.0	93.088401	3.800613	3.0	0.019316999999999997	2.076769	6.0	73.68611	2.601353	2.0	49.614892	0.5281899999999999	4.0	82.415892	9.261787	1.0	21.733753	18.488608	1.0	0.06292	2.470201	2.0	82.762556	4.408759	2.0	28.100322	23.679019	4.0	13.611334
4392.0	2.0	16.569526999999997	98.65831700000001	27.394439000000002	62.434893	0.290754	0.184504	0.167515	0.849174	7.389735000000001	2.0	29.696234000000004	7.861135000000001	2.0	0.058927999999999994	2.2751349999999997	3.0	36.530609999999996	2.748934	4.0	26.952198	4.207326999999999	4.0	9.291367	9.453167	4.0	72.624504	9.813947	1.0	0.283535	3.831575	5.0	37.334415	4.556357	2.0	52.029802000000004	14.57913	3.0	52.41188
4406.0	2.0	22.289273	84.96964200000001	61.590931999999995	46.884415999999995	0.157841	0.16198900000000002	0.277742	0.708048	9.351048	3.0	17.309379999999997	18.378959	3.0	0.038581	4.211332	5.0	19.914076	0.35351	2.0	58.303784	5.140303	4.0	3.6877089999999995	20.898969	5.0	2.370403	3.6260120000000002	1.0	0.023363	3.4172860000000003	4.0	48.738582	5.6137239999999995	6.0	94.49348499999999	10.375643	4.0	82.872214
4407.0	2.0	56.063221999999996	39.871764	23.022935	77.958166	0.846292	0.223019	0.541213	0.675638	2.700254	1.0	60.773415	23.461134	4.0	0.021305	4.438487	1.0	62.849802000000004	4.298191	4.0	16.717562	2.112152	1.0	60.824527	24.007691	3.0	23.983431	13.55606	6.0	0.017245	4.149708	5.0	98.109245	5.454279	3.0	82.14881700000001	13.987385	2.0	38.91648
4474.0	2.0	11.751413000000001	80.149137	53.671165	65.002563	0.123501	0.17632	0.740518	0.683261	14.844367000000002	2.0	84.41248	2.092533	4.0	0.21206599999999998	1.2595	2.0	82.411568	4.96674	1.0	24.199052	9.236067	4.0	3.297472	8.793526	3.0	39.836048999999996	8.054833	2.0	0.256764	0.199796	5.0	11.978829	2.161464	5.0	41.496897	19.495382	4.0	83.355983
4483.0	2.0	53.323302000000005	98.517391	78.536861	41.572493	0.5101	0.632735	0.8568399999999999	0.521888	22.575485999999998	4.0	42.535599	2.695386	1.0	0.012195000000000001	1.9625849999999998	2.0	83.05465600000001	0.600096	2.0	4.002207	16.640401999999998	1.0	42.143136	23.590364	2.0	97.841411	18.256424	6.0	0.014488999999999998	3.6471129999999996	1.0	35.438098	3.5296489999999996	1.0	71.296911	5.733262	5.0	79.026442
4629.0	2.0	61.988806999999994	90.208274	45.977371999999995	44.902735	0.396152	0.335692	0.48249	0.587255	7.697436	3.0	35.145061	23.951356	5.0	0.290373	3.0967580000000003	2.0	22.972556	2.216898	2.0	32.676747	6.901969	2.0	1.067339	19.166901	3.0	97.874489	15.2087	1.0	0.016654	4.0631949999999994	6.0	7.5257190000000005	3.02602	5.0	90.712349	15.493998999999999	1.0	21.756072
4678.0	2.0	22.978557000000002	99.325962	7.373357	54.619845999999995	0.902365	0.46803900000000004	0.559793	0.357506	3.7195489999999998	4.0	42.845121	1.6325399999999999	2.0	0.029182	1.477727	4.0	43.123734999999996	3.725365	4.0	7.222242999999999	11.841453	1.0	24.72492	20.757613	5.0	1.237355	14.040308	5.0	0.021521000000000002	1.306565	5.0	60.113872	2.2777	2.0	81.607279	17.731396	1.0	29.844091
4709.0	2.0	14.851436999999999	43.080612	56.526621999999996	29.165022999999998	0.317924	0.615733	0.212571	0.675852	4.998004	5.0	23.727120000000003	22.583742	1.0	0.033063999999999996	2.021907	2.0	78.06882900000001	3.931883	5.0	1.1971690000000001	2.1495349999999998	2.0	94.95699300000001	20.282259	3.0	57.357447	8.178045	5.0	0.084723	0.504443	1.0	28.428701	3.187477	3.0	8.045782	13.928617000000001	4.0	84.133012
4713.0	2.0	30.537434	99.048365	99.40914699999999	10.261383	0.26698099999999997	0.429422	0.145872	0.9955430000000001	14.332476999999999	5.0	1.13596	14.938084	6.0	0.016377000000000003	5.5972599999999995	2.0	81.811417	2.969052	2.0	81.43834100000001	18.757987	1.0	42.828784000000006	22.651314000000003	2.0	86.164116	5.395321	3.0	0.09501799999999999	5.66425	4.0	86.121133	1.731887	5.0	88.559864	1.481891	6.0	9.644384
4750.0	2.0	42.580135	94.64863299999999	56.11291	35.846145	0.655833	0.979499	0.361823	0.430171	22.473548	4.0	25.806335	23.622422	3.0	0.024199000000000002	3.4162120000000002	1.0	94.049099	1.465392	2.0	1.6315959999999998	2.665708	5.0	17.686672	20.290813	5.0	44.221589	23.349279	2.0	0.013169	4.0849400000000005	2.0	37.946169	1.44515	3.0	86.910608	0.980331	1.0	62.366475
4990.0	2.0	84.421883	84.55901	33.806855999999996	63.889303000000005	0.785709	0.401314	0.79945	0.875776	22.429495000000003	3.0	25.006916	5.045058	3.0	0.026222000000000002	4.20057	1.0	79.394736	5.044543	6.0	8.74423	5.695018	1.0	66.39954499999999	2.662593	2.0	83.597227	0.49800600000000006	6.0	0.189494	0.198516	5.0	44.600345000000004	2.427517	1.0	41.064184000000004	15.054678	1.0	46.319499
5037.0	2.0	29.176519	74.625252	71.913303	10.951827	0.34583200000000003	0.309638	0.46116999999999997	0.8201940000000001	17.817417000000003	4.0	28.19864	7.2139679999999995	3.0	0.017303	5.339958	6.0	8.515718	4.481058999999999	3.0	32.766101	0.875102	1.0	18.205591000000002	20.666017999999998	3.0	7.434616	15.851409	6.0	0.010199	1.3351979999999999	4.0	17.104389	1.507617	5.0	69.056872	17.930726999999997	6.0	82.35375
5161.0	2.0	33.806814	88.01948900000001	17.033688	77.664187	0.46017399999999997	0.298153	0.395548	0.8107300000000001	11.348051	1.0	24.949061	17.226863	6.0	0.011524	5.857537000000001	2.0	34.904554	2.891052	3.0	33.981657	15.267031	1.0	3.146534	19.964223	4.0	35.891233	2.139181	6.0	0.742091	0.499698	3.0	91.830443	1.2329219999999999	3.0	72.664159	6.797047	1.0	48.869665999999995
5171.0	2.0	53.778498	48.409719	20.133492	82.249128	0.43000200000000005	0.305235	0.332856	0.716096	4.896134	4.0	79.645385	2.788093	3.0	0.045509	5.773323	5.0	17.465761999999998	5.226437000000001	6.0	2.732198	19.505428	1.0	49.910301000000004	10.064737	4.0	67.208457	23.421157	2.0	0.087261	4.262161	6.0	72.09235699999999	1.3693600000000001	3.0	49.34189	22.017870000000002	5.0	8.4098
5257.0	2.0	47.573004	57.725032999999996	89.112478	68.044078	0.461013	0.543528	0.846662	0.679231	13.359904	3.0	50.587491	9.490752	5.0	0.013047999999999999	4.38697	6.0	28.886777000000002	3.6160089999999996	1.0	6.5532010000000005	16.657481	3.0	2.271245	0.8324959999999999	5.0	51.620018	8.070271	1.0	0.028428	5.861927	2.0	51.439881	5.497905	4.0	70.44121899999999	13.413617000000002	2.0	43.460325
5260.0	2.0	73.54604300000001	99.364952	34.143254	65.506615	0.347869	0.861893	0.350218	0.9939290000000001	10.606216	2.0	26.890883000000002	13.258405999999999	1.0	0.064862	3.5123019999999996	3.0	29.310909000000002	6.020409	4.0	13.113079999999998	4.275765	1.0	8.478935	22.190648	6.0	9.172507000000001	12.857058	5.0	0.022677000000000003	5.074829	5.0	43.653991	4.928726999999999	6.0	30.714185999999998	13.324470000000002	3.0	93.838329
5285.0	2.0	66.765978	76.231347	16.306601	96.684271	0.21443	0.116406	0.742258	0.7913680000000001	19.180976	1.0	52.382628000000004	2.246613	6.0	0.016259	5.5381	6.0	21.148809	3.7436760000000002	6.0	19.275616	4.242734	2.0	33.764737	14.434178	3.0	74.790752	11.2675	1.0	0.015988	2.1166099999999997	3.0	58.023588000000004	1.7824	5.0	66.16861899999999	11.256755	2.0	93.315216
5388.0	2.0	75.94846	55.254521	85.558495	76.997801	0.726703	0.177977	0.75861	0.215179	6.713178	2.0	54.030331000000004	8.817861	2.0	0.012716	0.229527	1.0	43.120888	2.976273	4.0	19.58691	0.764518	3.0	26.356031	6.039205	1.0	46.595667999999996	13.99642	1.0	0.018384	3.4532870000000004	6.0	99.793588	5.226715	1.0	32.474862	10.271051	5.0	11.111207
5447.0	2.0	82.762999	35.402212	16.53803	99.86385600000001	0.260288	0.351729	0.24057699999999999	0.156006	17.518529	5.0	1.256516	9.145569	4.0	0.043128	4.311284	3.0	7.050455	3.689596	2.0	82.520073	22.18689	5.0	8.784174	5.825566	1.0	41.393178000000006	20.962434	2.0	0.017399	1.256066	5.0	58.218712	0.54256	1.0	71.340577	15.422751000000002	1.0	71.490589
5525.0	2.0	89.25945	92.706513	69.324354	44.633674	0.494796	0.809321	0.30389499999999997	0.16054200000000002	6.338561	3.0	96.42351500000001	14.861398000000001	6.0	0.087385	0.42402	4.0	3.6990480000000003	0.090634	5.0	70.17850899999999	13.821843	1.0	5.660537000000001	11.330594999999999	1.0	83.86941999999999	20.847722	1.0	0.015275	3.334954	1.0	80.777224	5.444191	1.0	69.939942	1.7146270000000001	4.0	94.350818
5539.0	2.0	64.981643	47.82983	25.25977	48.857184000000004	0.695013	0.847197	0.64727	0.310666	13.043508000000001	3.0	7.460266000000001	15.465139	1.0	0.094052	3.246685	2.0	28.971327000000002	0.125974	1.0	10.162980000000001	2.132911	3.0	81.977994	23.973394	3.0	28.248797999999997	16.732332999999997	2.0	0.0863	0.194198	2.0	70.180966	4.910489	4.0	86.773179	10.129364	6.0	66.742249
5564.0	2.0	56.88355	24.08367	4.946103	38.880835999999995	0.32048899999999997	0.533848	0.729398	0.109601	2.835825	3.0	26.510546	25.003538	5.0	0.01565	5.343483	3.0	48.304381	0.16179300000000002	3.0	1.7933290000000002	12.439372	1.0	89.57927600000001	3.155956	4.0	38.769624	20.476998000000002	2.0	0.019263	1.52614	6.0	44.687090999999995	3.250257	3.0	44.359196000000004	20.415677	3.0	99.195286
5634.0	2.0	39.383575	70.531599	42.266411	34.320477000000004	0.22345399999999999	0.764746	0.25951199999999996	0.717667	6.117018	4.0	11.74548	10.234214999999999	1.0	0.23429299999999997	1.0169190000000001	4.0	12.1376	4.337065	6.0	45.730877	0.983707	5.0	8.062657000000002	21.467181	3.0	62.932219999999994	22.917176	2.0	0.023053999999999998	4.269846	4.0	98.164732	1.559475	5.0	81.65600400000001	1.821923	3.0	96.80171
5681.0	2.0	63.180742	72.378375	15.703907999999998	27.3769	0.765295	0.22718200000000002	0.377723	0.6891649999999999	17.446817000000003	5.0	24.970285	8.794248	5.0	0.015484999999999999	1.414993	1.0	68.649163	4.524636	5.0	47.884710999999996	1.37171	5.0	1.9898619999999998	18.621066	6.0	69.964153	10.581108	4.0	0.019744	0.894785	6.0	78.209263	3.819589	4.0	3.3713610000000003	16.770035	6.0	21.805636
5760.0	2.0	62.444177	96.33633499999999	95.409953	25.852736	0.10892	0.21917399999999998	0.334918	0.636053	4.887336	6.0	22.815979000000002	20.160666	2.0	0.022658	5.613928	1.0	70.359849	5.484392	1.0	74.345906	16.638439	4.0	28.832481	2.017544	2.0	12.446315	1.932438	3.0	0.015073	0.862208	2.0	18.392144000000002	1.5766	1.0	97.898983	2.372811	3.0	59.667814
5813.0	2.0	64.664679	45.218453000000004	68.063018	61.773368999999995	0.420067	0.695037	0.144544	0.726895	16.000529	5.0	78.64949	7.34696	5.0	0.014493	1.548545	1.0	56.083337	4.467813	3.0	3.5396959999999997	1.687491	1.0	23.42708	21.588239	6.0	58.832329	7.115727000000001	3.0	0.101092	2.197006	2.0	58.299181000000004	3.299524	3.0	6.766858999999999	15.832691	1.0	13.523029999999999
5827.0	2.0	63.801204000000006	70.12380300000001	68.50936899999999	24.222951000000002	0.309274	0.135992	0.382695	0.44409399999999993	1.796372	4.0	44.491326	4.579076000000001	1.0	0.020873	5.855933	5.0	73.421625	3.8813809999999997	3.0	23.546851999999998	8.416955	1.0	47.851681	11.511593	3.0	51.586131	7.289281	6.0	0.010148	1.9154529999999999	6.0	25.796897	2.626525	5.0	58.548954	22.649006	2.0	14.642463000000001
5829.0	2.0	88.694789	62.046163	93.141012	11.324683	0.836894	0.298159	0.567554	0.9029520000000001	3.341073	5.0	76.759526	15.580217000000001	3.0	0.018771	2.133435	6.0	65.143185	3.6487580000000004	3.0	48.015483	0.323725	1.0	63.676179000000005	9.852542999999999	2.0	15.930604999999998	23.725068	3.0	0.16955699999999999	3.691533	3.0	64.025775	1.610701	5.0	41.695661	7.601514	5.0	60.42949
5877.0	2.0	85.305482	46.235281	12.361945	84.767177	0.145257	0.35990700000000003	0.9591139999999999	0.697894	6.804711999999999	1.0	75.237081	23.786769	5.0	0.018175999999999998	2.451111	2.0	73.56969699999999	1.021195	1.0	42.275535999999995	16.810476	1.0	3.192685	10.527449	3.0	18.376554000000002	15.038896	5.0	0.02327	0.139032	2.0	11.652358	3.85912	1.0	53.482112	22.557893	2.0	95.56488399999999
5902.0	2.0	7.644089	69.054092	7.126763	72.057766	0.102391	0.206173	0.843231	0.213602	6.243883	1.0	51.93796	19.058335999999997	6.0	0.028027999999999997	2.162338	1.0	13.636006	1.2609350000000001	6.0	28.256393	1.701854	1.0	66.989471	10.438248	4.0	11.220798	19.069073	1.0	0.021877	2.7418099999999996	4.0	65.431271	5.453894999999999	5.0	9.258785000000001	17.561484	1.0	21.147683999999998
5990.0	2.0	5.816459	85.754085	42.261167	38.495616999999996	0.662248	0.27962600000000004	0.468657	0.931773	9.349559	3.0	45.382524	3.636343	2.0	0.017056	1.44177	1.0	87.240717	5.808742	3.0	25.60181	1.653607	2.0	13.930971	2.016724	2.0	14.257585999999998	19.119887	5.0	0.016811000000000003	5.39588	5.0	69.928087	2.001215	5.0	49.972474	4.287941	6.0	66.854653
6039.0	2.0	15.580313	14.085542000000002	50.036039	7.5817190000000005	0.780958	0.188883	0.324626	0.290752	3.2870150000000002	5.0	27.6746	23.286403	2.0	0.070208	5.509041000000001	2.0	43.52705	4.999707	1.0	13.080097	4.057022	1.0	61.512935	2.87763	3.0	31.835361	13.760128	6.0	0.010662	3.269314	4.0	2.96767	3.105328	2.0	76.34004	10.277107	2.0	50.935275
6067.0	2.0	54.970032999999994	90.574148	37.589082	48.903339	0.94504	0.337606	0.5034270000000001	0.8492149999999999	18.472629	6.0	8.238885	15.953643	1.0	0.01703	1.149158	2.0	71.547338	0.5640189999999999	6.0	60.559216000000006	0.358615	3.0	68.68512700000001	13.593947	1.0	56.14080799999999	4.727347	2.0	0.011321	1.3731309999999999	3.0	15.514432000000001	1.704402	5.0	84.676516	14.495996	5.0	40.883944
6103.0	2.0	46.657509000000005	89.192181	92.23221600000001	25.997308	0.337654	0.17694100000000001	0.360915	0.559036	5.445027	6.0	54.756733999999994	24.960819	6.0	0.014331	0.095101	1.0	35.157454	3.5413699999999997	4.0	11.966239999999999	9.277332000000001	1.0	71.749983	9.671755000000001	6.0	65.711262	17.7786	2.0	0.149063	5.133883	1.0	76.29423100000001	4.908352	3.0	80.38804499999999	20.138916000000002	2.0	43.755441999999995
6108.0	2.0	50.568307	64.539947	7.749550999999999	52.021932	0.17286600000000002	0.170789	0.436862	0.324467	1.5204469999999999	2.0	38.049102000000005	18.620567	6.0	0.039333	2.619149	5.0	37.872291	5.984682	5.0	28.690666999999998	2.1247130000000003	1.0	63.57585400000001	9.672556	2.0	53.609083	16.041037	1.0	0.013493999999999999	0.8887860000000001	6.0	88.619577	2.2456400000000003	2.0	51.935340999999994	7.519102	3.0	47.826986
6123.0	2.0	4.700871	52.97116	85.198262	6.894135	0.39862600000000004	0.400914	0.439083	0.664858	4.302476	1.0	48.717002	18.763181	6.0	0.01036	1.996884	3.0	6.405919	0.336483	3.0	54.722848	12.724665	6.0	26.953546000000003	0.343478	3.0	27.621562	21.578782999999998	1.0	0.023952	3.104756	2.0	5.009245	1.184588	5.0	31.020121000000003	1.654714	4.0	97.96945
6513.0	2.0	75.464256	99.39777600000001	76.005502	88.52051800000001	0.519185	0.354505	0.178106	0.527084	5.88786	2.0	74.718508	2.500625	6.0	0.010148	4.493591	6.0	91.385063	5.419578	3.0	31.152205	6.6436910000000005	3.0	1.11372	14.326998999999999	5.0	31.415874	4.465653	3.0	0.010747	2.96482	4.0	59.98749399999999	2.051297	2.0	67.056322	16.901307	3.0	9.949773
6575.0	2.0	86.343373	78.59196899999999	77.322737	70.501529	0.725536	0.384071	0.18415399999999998	0.7227180000000001	21.060733	4.0	55.103573	14.056087	4.0	0.081194	3.887203	1.0	25.739569	2.5210150000000002	4.0	1.328969	6.896839	3.0	4.332293	10.400761	6.0	19.611164000000002	14.422897	2.0	0.015934999999999998	4.623752	6.0	98.22578299999999	4.14619	3.0	16.696922	11.284119	2.0	46.586377
6583.0	2.0	71.11059	77.517211	74.814867	74.241137	0.88575	0.210432	0.800246	0.781222	18.215872	2.0	88.51248100000001	4.083981	2.0	0.053475999999999996	0.414605	3.0	79.53192800000001	5.996124	2.0	4.13606	8.251728	5.0	25.428143	9.683345	3.0	10.546724000000001	17.975444	1.0	0.033342000000000004	5.626216	1.0	23.085485000000002	3.5643540000000002	6.0	83.18294300000001	8.995109	1.0	33.054803
6603.0	2.0	17.665573000000002	47.003646	12.599637	25.9885	0.39663400000000004	0.11904400000000001	0.133346	0.57713	5.8494	1.0	37.846140999999996	2.437231	6.0	0.012346	0.770818	3.0	54.472638	0.409054	1.0	4.522578	1.8627040000000001	6.0	8.294978	2.4768689999999998	6.0	79.827629	22.102072	1.0	0.036212	1.611932	2.0	80.977515	0.7494149999999999	1.0	82.49226800000001	2.8786680000000002	6.0	60.043569999999995
6637.0	2.0	39.904421	72.06417900000001	95.520492	37.593206	0.532654	0.28121799999999997	0.418939	0.396516	18.909356	4.0	2.714715	2.971752	1.0	0.25233099999999997	2.765313	1.0	53.623684	0.8828290000000001	4.0	89.821001	6.279376	3.0	14.383657000000001	22.468619	6.0	71.322304	17.005195999999998	6.0	0.49054899999999996	2.76389	1.0	42.793544	5.448641	5.0	65.354843	13.802273000000001	6.0	16.005267
6666.0	2.0	79.641733	23.519365	86.660122	57.121023	0.24541	0.681196	0.751933	0.108418	12.567571000000001	3.0	36.651283	22.955610999999998	6.0	0.019186	4.892886	6.0	30.536952000000003	0.954583	4.0	1.006594	0.388421	5.0	91.10352900000001	23.385274	5.0	39.538864000000004	7.73475	2.0	0.021317	3.965325	6.0	57.515145999999994	1.7038959999999999	2.0	23.820339	14.817863000000001	3.0	18.834601
6690.0	2.0	91.040215	51.191827	20.612949	81.61352600000001	0.231965	0.5775899999999999	0.638376	0.737537	20.345587	2.0	73.810013	13.678139999999999	2.0	0.043587	5.340971	5.0	36.479601	2.3774599999999997	5.0	9.662056	1.817861	5.0	10.497854	5.484669	1.0	65.423784	13.687899	4.0	0.034011	5.1177779999999995	4.0	68.14203499999999	3.504318	1.0	81.980092	10.037425	2.0	3.1663959999999998
6709.0	2.0	93.97544599999999	63.252734	13.707207999999998	38.122481	0.114603	0.692692	0.283456	0.255245	13.279384	6.0	12.831819	16.533976000000003	3.0	0.011878	4.601501	6.0	29.438082	5.966989	4.0	2.542801	18.725327	1.0	21.691398	6.852507000000001	3.0	15.458295999999999	17.337397	2.0	0.025536	3.969335	5.0	71.849583	4.953323	2.0	50.104788	18.92464	5.0	57.36114
6734.0	2.0	86.639808	63.058377	58.01791899999999	36.153328	0.878223	0.294121	0.519291	0.454107	11.448818	1.0	11.501754	23.604826	6.0	0.204214	2.879098	3.0	30.508065999999996	1.150116	1.0	42.262794	11.962226	1.0	18.929935999999998	15.304243	6.0	20.029743	16.200579	1.0	0.016993	0.858562	6.0	83.654303	2.909194	3.0	68.005698	18.77423	2.0	68.965456
6824.0	2.0	49.392434	58.659028	63.351413	30.684703999999996	0.501779	0.293509	0.516108	0.767238	5.858414	1.0	49.133108	11.095496	4.0	0.01444	1.743036	3.0	79.329613	1.704193	6.0	1.479735	1.949817	2.0	25.751874	11.253195	4.0	5.89105	12.318024000000001	4.0	0.5730609999999999	1.786934	4.0	39.161390999999995	3.870693	6.0	9.764323	4.1607389999999995	2.0	7.201647
6828.0	2.0	49.18935	72.12553100000001	71.227678	58.666194	0.9301719999999999	0.180971	0.138753	0.234021	20.589888000000002	6.0	60.765878	22.683097	5.0	0.020822	4.372743	5.0	46.618281	4.386966	6.0	14.159270999999999	5.762633	6.0	9.119598	0.3032	4.0	59.754563	22.509089000000003	2.0	0.023318000000000002	0.1963	5.0	15.023016	0.753436	2.0	66.319198	9.359539999999999	6.0	36.425057
6915.0	2.0	83.08658	81.121236	74.330362	48.569019	0.14288900000000002	0.33350599999999997	0.18098599999999998	0.239992	11.11258	5.0	57.954411	7.735474000000001	4.0	0.031163999999999997	1.2514969999999999	6.0	8.743925	0.705499	2.0	22.306282	1.9386130000000001	1.0	2.319385	25.346466	4.0	59.696211	1.5632840000000001	5.0	0.02256	3.5597769999999995	1.0	94.364048	4.848542	3.0	6.663439	9.783025	2.0	87.03530400000001
6953.0	2.0	25.77359	60.609101	38.222921	97.36904200000001	0.131668	0.699349	0.203593	0.63508	1.423983	2.0	50.618964	24.182320999999998	5.0	0.133209	1.1071600000000001	1.0	23.652334	3.1135740000000003	6.0	68.059979	6.985491000000001	3.0	3.803524	17.831037	4.0	76.252208	17.597337	5.0	0.032737	0.678513	5.0	78.35375400000001	3.145909	1.0	37.526336	15.042907000000001	2.0	19.325210000000002
7078.0	2.0	44.674425	79.963588	66.703462	34.495833000000005	0.24375	0.12069300000000001	0.737471	0.8578899999999999	0.9155559999999999	6.0	64.41194200000001	1.4927629999999998	5.0	0.022326	3.2005060000000003	1.0	91.73141	0.869922	1.0	3.220838	7.3681470000000004	3.0	25.881039	22.31159	2.0	93.836116	13.325061999999999	6.0	0.142047	3.858336	6.0	60.105846	1.11236	1.0	6.642558999999999	1.8269540000000002	2.0	22.412255
7135.0	2.0	20.100308	95.597235	80.061971	36.584608	0.25553400000000004	0.219061	0.518686	0.181875	21.687510999999997	5.0	73.00664599999999	22.803917000000002	2.0	0.038388	1.076911	2.0	44.602033	1.653545	3.0	10.951146000000001	20.868494000000002	1.0	73.154832	2.386162	6.0	37.161786	12.750788	1.0	0.016428	4.526383999999999	5.0	54.41165	2.087793	6.0	96.88861899999999	5.591997	4.0	65.709036
7152.0	2.0	35.924326	36.41122	13.032604	44.718016999999996	0.700995	0.192136	0.5716829999999999	0.486987	6.225373	3.0	92.397039	19.825413	4.0	0.018708000000000002	5.636028	3.0	35.260543	5.392656	3.0	7.940109	0.943982	4.0	17.814101	13.637204	2.0	5.6272470000000006	16.33959	5.0	0.166029	1.160225	3.0	65.304218	4.302884	6.0	18.029937	16.02348	4.0	51.745687
7208.0	2.0	69.423744	63.306286	98.396417	49.648082	0.27618400000000004	0.9023770000000001	0.538116	0.47287700000000005	5.117436	6.0	75.1008	24.90618	4.0	0.010169	5.1272839999999995	5.0	84.354504	3.3154120000000002	2.0	14.284920999999999	0.33065900000000004	4.0	67.525056	19.447204	4.0	82.678957	9.289961	5.0	0.101114	5.647377	3.0	81.568541	1.3746200000000002	2.0	75.34428	6.868661	3.0	68.76820500000001
7243.0	2.0	31.233649	98.307645	84.253465	81.604851	0.629664	0.642221	0.574212	0.773096	18.114075	3.0	73.711294	22.581869	2.0	0.021787	3.3926839999999996	1.0	80.20434	0.074438	5.0	9.934424	1.7721790000000002	1.0	27.611186	23.059005	4.0	34.297052	22.307937	6.0	0.010255	3.68815	1.0	54.09952	0.631354	6.0	99.948689	17.409198999999997	6.0	86.698605
7306.0	2.0	79.471243	72.6676	43.391864	24.435	0.11971	0.534424	0.33057	0.256698	18.300608	3.0	13.663160999999999	18.7722	2.0	0.106465	0.369204	4.0	87.722465	1.61369	5.0	25.114131	3.368925	6.0	20.962776	4.338346	5.0	28.915131	22.839045000000002	4.0	0.022859	0.136757	4.0	3.3029319999999998	3.422907	3.0	11.527261	2.549492	3.0	97.63946700000001
7308.0	2.0	37.44173	58.697458	46.559996000000005	39.323309	0.953356	0.27368200000000004	0.121625	0.550297	9.378639999999999	3.0	11.62011	16.065422	3.0	0.039845	1.994427	5.0	51.706208000000004	1.2056	2.0	8.667911	4.989351	6.0	10.29315	24.144236	5.0	53.580041	23.702402	2.0	0.015615	2.12228	5.0	60.877804000000005	3.8732480000000002	1.0	24.364409	11.96074	6.0	40.33266
7317.0	2.0	87.78251999999999	73.976196	80.67413499999999	80.612039	0.36063	0.519393	0.231594	0.167327	8.291201	1.0	28.949058	18.868476	4.0	0.043588	0.975268	4.0	6.352248	5.103508000000001	4.0	21.155938	0.5192720000000001	5.0	3.314864	18.058025	2.0	76.942361	7.221305	5.0	0.040394	2.305417	2.0	4.483674	4.845463	6.0	32.081485	7.960064	5.0	9.317115
7384.0	2.0	21.326079	22.296175	65.537786	57.972680000000004	0.799551	0.23626599999999998	0.127986	0.279318	13.232071	4.0	68.29265600000001	18.099688	1.0	0.012513	4.8205029999999995	5.0	86.759142	3.717402	3.0	6.867094	5.981699	1.0	9.646389	20.413969	3.0	49.111545	21.965104	5.0	0.016901	1.092482	1.0	29.616626	3.431678	5.0	14.813576999999999	7.185810000000001	6.0	61.063714000000004
7435.0	2.0	28.555228999999997	49.584042	28.892397999999996	40.071365	0.80512	0.392459	0.25602199999999997	0.549742	11.651896	3.0	73.886854	13.417710999999999	6.0	0.013073	0.33673800000000004	2.0	86.682135	1.088252	2.0	5.336007	21.404656	1.0	2.8736200000000003	16.851773	5.0	72.040436	10.987319	1.0	0.018543	0.819801	6.0	20.246461	4.36295	3.0	76.291507	13.409676000000001	1.0	46.781733
7451.0	2.0	71.96350600000001	59.895136	46.904388	47.464123	0.55589	0.670612	0.338611	0.6265149999999999	8.895513000000001	2.0	12.354565	20.960349	4.0	0.158163	0.8640530000000001	1.0	32.818740000000005	1.426579	3.0	1.6639560000000002	1.726673	1.0	98.078864	10.742503999999998	3.0	57.911913	11.813311	1.0	0.079128	0.20404	4.0	49.946363	2.230665	3.0	41.478732	3.6467050000000003	1.0	13.032698
7526.0	2.0	5.128643	38.600578000000006	12.661301	27.571009999999998	0.76822	0.233044	0.33918000000000004	0.920868	13.640518	3.0	55.949968999999996	5.399151	2.0	0.014875999999999999	4.520359	3.0	19.505359	1.961309	5.0	10.038317999999999	9.089894000000001	1.0	14.918308999999999	25.331574	5.0	70.739698	5.744255	1.0	0.025907	0.813872	3.0	8.198323	1.5166950000000001	5.0	37.558207	6.415704	2.0	59.844353000000005
7574.0	2.0	45.698391	42.462742	22.634235999999998	37.153604	0.863654	0.330056	0.967269	0.73364	5.577572	4.0	3.4714339999999995	3.179245	4.0	0.01819	4.114431	2.0	19.983110999999997	0.074974	1.0	20.554726000000002	18.011657999999997	1.0	79.003844	21.016268	6.0	19.130975	8.959832	3.0	0.13510899999999998	0.45730699999999996	5.0	30.807971000000002	0.684937	4.0	47.78901	13.484620999999999	3.0	59.04539200000001
7592.0	2.0	64.948392	88.185792	10.7053	61.840398	0.65841	0.372241	0.471837	0.47951400000000005	17.062228	3.0	35.731787	2.898979	4.0	0.020375	2.6644099999999997	4.0	18.701728	1.902048	1.0	25.832675	1.525309	1.0	42.595653000000006	11.623814999999999	5.0	53.1242	0.262547	6.0	0.21777600000000003	2.904163	6.0	22.280931	1.987716	2.0	90.088717	19.216839	4.0	65.395256
7784.0	2.0	69.124329	49.601440000000004	31.298044	44.829613	0.21285500000000002	0.447854	0.405506	0.9185540000000001	2.7215700000000003	5.0	13.160841	4.226551000000001	2.0	0.0117	5.76248	6.0	3.748389	3.6190339999999996	5.0	8.649483	2.2319419999999996	1.0	79.330382	16.511826	5.0	22.433073999999998	3.322186	1.0	0.015975	2.281932	4.0	77.670642	0.487679	2.0	53.30828	19.749106	4.0	63.499644999999994
7832.0	2.0	36.47222	44.360279	20.382464000000002	90.084743	0.677642	0.505193	0.126104	0.729376	5.418618	3.0	33.415361	23.895279000000002	4.0	0.057371000000000005	2.30982	2.0	67.427594	2.491221	2.0	4.129068	6.3658529999999995	1.0	69.751356	9.865324000000001	2.0	91.127225	19.355233	6.0	0.015842	0.660213	3.0	41.699427	1.54208	5.0	4.560754	1.4702950000000001	3.0	68.729573
7960.0	2.0	94.78317	42.600401	99.678912	57.764816	0.37795100000000004	0.140325	0.27508699999999997	0.414545	4.407444	5.0	60.335379	18.806385000000002	1.0	0.041725	0.160438	4.0	82.873083	4.177677	5.0	8.189236	18.378970000000002	1.0	36.34162	3.5098849999999997	1.0	79.830297	17.550207	3.0	0.02777	0.850102	2.0	22.286084	5.308698000000001	3.0	51.360726	24.887734	2.0	32.038883
7965.0	2.0	6.356234	68.910131	89.913639	23.900319	0.8130930000000001	0.715093	0.17644	0.45292299999999996	20.228426000000002	6.0	83.82675	23.910320000000002	3.0	0.01207	6.174723	2.0	77.56535699999999	3.353416	3.0	2.349616	1.302283	1.0	91.502613	22.726874	6.0	32.404638	2.946627	4.0	0.029011000000000002	5.531548	3.0	83.225402	0.7887350000000001	5.0	95.54038	16.948953	6.0	22.608056
8063.0	2.0	58.28609599999999	44.409199	35.48679	25.173925	0.9979399999999999	0.356147	0.651651	0.556064	8.377768	3.0	46.438821000000004	17.337945	3.0	0.027933999999999997	6.07055	2.0	53.072661	4.044942	3.0	6.598791	2.718457	3.0	26.845619	20.17608	5.0	81.620302	14.537552999999999	5.0	0.04124	1.8306259999999999	4.0	36.663007	2.91282	2.0	53.104673	19.873977	4.0	34.3004
8099.0	2.0	82.527619	13.050408000000001	56.505504	19.011364	0.46187700000000004	0.623947	0.9029969999999999	0.230706	18.420816000000002	3.0	7.716892	23.04216	1.0	0.05570599999999999	0.7715350000000001	2.0	65.654578	1.7523	5.0	5.538238	11.536274	1.0	72.422566	11.442135	2.0	98.096492	16.889201	1.0	0.012401	2.059301	3.0	13.983611999999999	2.631204	4.0	13.012784	20.770114000000003	1.0	44.693314
8102.0	2.0	30.849739000000003	31.998444	17.731941	77.489664	0.984092	0.6949390000000001	0.525564	0.654415	15.870593	1.0	76.33686800000001	6.479707	2.0	0.023763	2.657388	1.0	98.646064	4.352521	4.0	1.622998	5.616078	3.0	25.199643	5.003874	3.0	31.721567999999998	19.456528	1.0	0.015688	0.896734	1.0	24.384521	3.024566	1.0	35.956972	9.187399000000001	2.0	32.834851
8170.0	2.0	54.130576	77.744518	91.911784	78.215078	0.29133000000000003	0.916475	0.599627	0.29331199999999996	5.878926	3.0	68.93809300000001	2.838074	2.0	0.088395	5.305724	3.0	7.0921449999999995	3.192948	2.0	12.130559	0.9567180000000001	1.0	61.144034	4.8749720000000005	1.0	42.071292	17.407007999999998	2.0	0.012431000000000001	3.4992919999999996	1.0	95.685632	4.4839269999999996	6.0	99.815221	6.427141000000001	1.0	25.455179
8177.0	2.0	10.831639	76.621183	23.834698	21.030832	0.40765999999999997	0.554858	0.911	0.478704	15.952141000000001	5.0	1.309896	9.446318	4.0	0.031794	2.3468419999999997	2.0	79.05779799999999	1.775708	1.0	16.818118	3.777915	1.0	18.037876	19.761104	2.0	96.79287099999999	12.040719000000001	6.0	0.013119	0.3203	1.0	36.926958	2.592745	3.0	17.552651	23.152429	6.0	82.892822
8217.0	2.0	53.736435	47.470828999999995	6.838449000000001	60.52430699999999	0.197405	0.693913	0.488443	0.9267709999999999	15.734022	3.0	39.081485	3.6921800000000005	4.0	0.263558	1.679827	5.0	42.593527	1.8109680000000001	2.0	2.8099819999999998	21.991115	1.0	66.814757	22.341562	5.0	49.142266	9.7971	4.0	0.02143	2.173295	6.0	62.148564	5.557761	3.0	65.527833	21.709887	4.0	34.088557
8235.0	2.0	6.9132050000000005	73.79811	69.380165	54.689662	0.9636120000000001	0.257735	0.185933	0.473588	4.396382	2.0	35.973017999999996	23.724354	4.0	0.029245999999999998	1.9745130000000002	5.0	37.812934000000006	1.412432	3.0	11.489298	2.058897	2.0	16.795192999999998	19.796070999999998	1.0	30.605507	22.680818	5.0	0.011776	1.007052	3.0	21.022019	0.9289860000000001	3.0	64.65521	4.955032	1.0	18.909443
8372.0	2.0	80.769813	56.588825	71.622508	83.208057	0.360915	0.755794	0.874351	0.165734	3.117184	2.0	23.374575	7.17478	2.0	0.043583	0.085562	3.0	2.119567	4.872386	1.0	5.612127	13.432965	1.0	51.930456	7.622014	6.0	69.263533	10.00756	4.0	0.13276	1.338684	2.0	54.722205	4.860313	1.0	47.295454	6.678216	5.0	82.488474
8492.0	2.0	90.263632	64.21189100000001	70.64637900000001	87.24311800000001	0.371738	0.418566	0.280675	0.309227	1.7186240000000002	4.0	72.11595600000001	16.212317000000002	5.0	0.01064	2.339196	1.0	74.485437	1.7757029999999998	6.0	6.29329	1.795359	2.0	15.495329000000002	8.117711	2.0	4.436122	3.054422	1.0	0.017625	2.403377	1.0	35.797035	2.965793	3.0	74.086286	9.722961	2.0	36.54168
8545.0	2.0	68.133851	70.155429	95.890404	16.428818	0.115904	0.8418950000000001	0.367749	0.43881000000000003	23.121725	5.0	30.966281	2.7236759999999998	5.0	0.014718	5.199141	4.0	70.352147	1.996652	1.0	7.432574000000001	0.72144	4.0	42.129698	20.367495	6.0	48.725976	9.06502	2.0	0.021586	0.351502	6.0	33.3077	3.8376839999999994	6.0	27.273402	8.1838	3.0	32.07655
8570.0	2.0	52.628223	92.187624	87.43666	13.688604000000002	0.520618	0.8679690000000001	0.525304	0.276246	7.019597999999999	6.0	66.753178	6.460646	4.0	0.013137000000000001	2.24797	5.0	38.780439	2.796147	2.0	1.169738	7.677594999999999	3.0	40.988695	1.188169	3.0	22.939459	12.866845	2.0	0.054520000000000006	3.526067	1.0	5.547918	1.780862	5.0	88.291257	19.371178	1.0	33.694714000000005
8575.0	2.0	69.555084	88.88869100000001	77.920317	28.883638	0.785687	0.5601079999999999	0.5423180000000001	0.680899	16.294306	3.0	3.420672	19.028548	2.0	0.010033	0.332465	4.0	25.873563	6.027584	5.0	30.301584000000002	21.849343	3.0	10.276689999999999	5.202101	2.0	81.958731	21.111643	2.0	0.032471	5.053316000000001	1.0	23.260765	2.305602	4.0	21.883502	13.970844	6.0	96.133317
8753.0	2.0	71.40728	52.493179000000005	56.087056999999994	77.344688	0.901692	0.17111500000000002	0.129383	0.524403	1.740189	1.0	80.527002	22.854353	6.0	0.022616999999999998	2.921653	6.0	55.950478000000004	0.24550100000000002	6.0	3.0859360000000002	20.264125	6.0	21.162523	13.242469	4.0	21.374395	14.318588	5.0	0.012342	4.271323000000001	3.0	90.67818100000001	4.435948000000001	3.0	79.72676700000001	5.386908	4.0	82.050211
8768.0	2.0	71.357263	77.387945	30.003328999999997	19.534561	0.479324	0.720223	0.11128299999999999	0.9387200000000001	1.818128	2.0	53.03767	20.865281	3.0	0.033012	0.918218	3.0	80.209524	3.7517379999999996	1.0	50.357487	21.957776000000003	4.0	1.898035	2.747025	6.0	91.119562	14.420648000000002	1.0	0.070639	3.021487	2.0	48.550376	1.150558	2.0	86.085861	8.42876	6.0	66.018005
8907.0	2.0	8.196216999999999	86.693461	17.605967	58.02403399999999	0.380135	0.16068	0.125141	0.68019	5.29514	6.0	53.035025	16.321702	4.0	0.070671	2.836446	2.0	96.169895	2.156994	2.0	19.085342999999998	23.102665	1.0	83.74209300000001	6.712366	3.0	26.247459999999997	3.6562309999999996	1.0	0.025789	2.269259	5.0	87.575445	2.770381	6.0	11.075247000000001	10.997487	4.0	63.27983100000001
8912.0	2.0	76.749978	85.83012099999999	69.766554	71.900498	0.250573	0.9120719999999999	0.983891	0.9919979999999999	23.120775	2.0	17.602926999999998	24.427814	5.0	0.024812	6.109647	6.0	1.262673	0.19250799999999998	5.0	73.373109	4.362368	3.0	88.584662	5.570031	2.0	88.836499	8.118982	2.0	0.28765799999999997	3.821914	1.0	24.657341	3.4365099999999997	6.0	77.607116	18.449532	6.0	3.061818
8944.0	2.0	48.861865	77.151319	56.860972	58.190934	0.864491	0.940551	0.163703	0.606449	5.527039	1.0	89.93175500000001	16.649276	1.0	0.015434999999999999	0.170693	1.0	13.987639999999999	2.703552	1.0	29.392443	18.538842000000002	1.0	36.006081	3.923496	5.0	4.054761	12.315963	1.0	0.027282	5.416727	4.0	94.35013599999999	3.237483	5.0	42.094784999999995	8.516160000000001	1.0	28.603226
9061.0	2.0	96.47204599999999	87.892699	35.940028000000005	7.466813	0.654469	0.535956	0.203278	0.24348899999999998	3.820061	6.0	3.4113620000000004	7.524883	1.0	0.013706999999999999	0.7646689999999999	4.0	15.150638	3.1079369999999997	6.0	41.042743	8.752325	3.0	52.842969	9.698722	6.0	41.698925	22.054246	6.0	0.042223000000000004	1.1225370000000001	3.0	4.433325	0.66415	1.0	86.62830699999999	5.379773	6.0	94.892105
9139.0	2.0	8.572611	12.241353	36.734813	51.325171999999995	0.5733590000000001	0.261087	0.306723	0.579015	0.916636	4.0	34.622141	7.080461	5.0	0.060921	5.299562	3.0	9.178796	0.5273359999999999	3.0	9.53077	0.893273	1.0	90.954123	12.571771	5.0	37.683609999999994	6.446356	1.0	0.018489	0.100733	5.0	7.973567999999999	2.945246	4.0	73.82213399999999	22.530533	6.0	12.009075
9175.0	2.0	42.21937	83.38891600000001	11.622285	45.090149	0.379807	0.8891379999999999	0.173709	0.923731	22.294444	3.0	47.476787	1.640859	5.0	0.014246	5.980938	5.0	5.063171	4.383414	2.0	22.81821	0.34899600000000003	4.0	29.971303000000002	20.615505	3.0	50.556841999999996	18.119856	2.0	0.22135300000000002	1.802227	3.0	89.37138399999999	2.08974	2.0	71.22659	17.159509	2.0	28.956571000000004
9191.0	2.0	28.352821000000002	12.792506	42.604898999999996	15.000959	0.10936300000000002	0.338486	0.9775389999999999	0.782937	13.250884	5.0	25.526949	2.393927	3.0	0.033704000000000005	3.531425	5.0	8.020947999999999	4.436913	4.0	8.412626	0.252291	3.0	44.303378	15.614797	3.0	88.430013	10.790119	5.0	0.022341	2.839536	4.0	3.9770480000000004	3.7058150000000003	2.0	17.184119	7.683159	2.0	96.478873
9324.0	2.0	93.888398	24.43802	75.030876	4.246117	0.451067	0.580344	0.116875	0.989455	12.577033	2.0	52.932951	14.719605	2.0	0.016872	0.42168599999999995	2.0	95.419359	2.1962639999999998	5.0	22.146404	22.134647	5.0	10.877933	8.063824	4.0	51.780629	10.65118	6.0	0.01199	3.790658	1.0	1.581874	3.535607	5.0	70.312289	21.942313000000002	1.0	89.49219599999999
9333.0	2.0	94.840104	99.05800699999999	55.054634	18.383488	0.127029	0.370866	0.510185	0.474937	4.657761	3.0	56.325691000000006	6.624281	4.0	0.038933999999999996	0.6773600000000001	4.0	43.504114	1.7291020000000001	3.0	4.051006	16.599492	1.0	82.36060400000001	2.440264	1.0	92.766038	20.012143	1.0	0.029422000000000004	1.570166	4.0	30.597239000000002	0.858032	2.0	48.572328000000006	0.859972	2.0	41.73169
9429.0	2.0	36.555640999999994	91.835826	52.890333999999996	45.344374	0.9738290000000001	0.29311	0.105556	0.9037139999999999	5.626933	1.0	87.457595	9.148036	3.0	0.016674	1.116871	1.0	30.063670000000002	5.7718620000000005	4.0	10.882566	2.283661	6.0	18.11076	2.533166	5.0	9.005594	22.679648	2.0	0.011073999999999999	3.794458	3.0	25.43691	5.8411610000000005	2.0	10.422596	14.038523000000001	6.0	61.160043
9463.0	2.0	79.469938	71.14395400000001	54.152303	11.375096000000001	0.171096	0.618783	0.9521299999999999	0.40065700000000004	1.5808010000000001	4.0	51.255171999999995	20.655829	3.0	0.10578599999999999	5.158308	3.0	68.42232299999999	2.308201	1.0	85.429926	17.179194	1.0	5.003526	25.073547	4.0	65.50778000000001	20.235007999999997	1.0	0.13409000000000001	2.1141099999999997	1.0	91.71295500000001	1.011333	3.0	19.487367000000003	16.454945000000002	5.0	21.728529
9498.0	2.0	58.77027	83.303135	66.905767	76.269672	0.283354	0.100494	0.34161199999999997	0.381127	7.861277	1.0	4.828069999999999	14.540201999999999	5.0	0.011515000000000001	5.493402	3.0	53.249140000000004	2.9063939999999997	5.0	25.285659	15.325667000000001	1.0	26.873878	3.210253	6.0	94.191255	1.671629	6.0	0.05575499999999999	4.666511	1.0	14.56054	4.209448	6.0	53.60876700000001	14.820567	3.0	90.082066
9548.0	2.0	52.926719999999996	69.95272299999999	26.737483	27.281476	0.816814	0.882273	0.709655	0.555764	16.955871	2.0	73.990029	22.142244	3.0	0.013068999999999999	5.621232	3.0	27.754771	1.195481	3.0	3.512196	12.367217	5.0	3.900311	17.557381	2.0	53.011774	12.182862	5.0	0.038898	5.833463	2.0	31.866826	2.374269	4.0	93.137304	17.839230999999998	1.0	57.055868000000004
9641.0	2.0	69.972411	42.575068	52.569311	35.142659	0.21554099999999998	0.47126999999999997	0.655507	0.652517	7.1861630000000005	4.0	27.163981	22.616314000000003	5.0	0.010961	0.37230100000000005	1.0	73.496364	0.246234	1.0	76.02781	5.082332	1.0	31.771434000000003	25.120185	1.0	99.511076	13.164992999999999	1.0	0.07824600000000001	5.345579	6.0	18.818867	4.110565	4.0	2.913277	19.356661	2.0	86.98334
9647.0	2.0	35.742146000000005	53.61296	63.410309999999996	79.042121	0.9794299999999999	0.162948	0.7426229999999999	0.18627	22.285736	6.0	94.591045	16.822123	3.0	0.013456999999999998	1.6930349999999998	1.0	51.508764	1.4447649999999999	1.0	23.872958999999998	1.276366	1.0	49.752987	13.097942	6.0	41.643233	19.832203	5.0	0.018771	2.352651	3.0	82.386765	3.7389360000000003	6.0	53.82121	23.691529	2.0	67.039036
9713.0	2.0	38.135407	86.013181	65.55515	32.926934	0.467487	0.174491	0.548112	0.8248479999999999	4.532268	2.0	44.177614	16.516942999999998	6.0	0.011946	5.024687	2.0	67.266091	1.536949	5.0	5.933519	5.978324	1.0	32.972578999999996	16.429457	6.0	22.327366	18.436859	5.0	0.026356	0.144827	6.0	59.73510699999999	0.273435	2.0	8.143303	11.161264	3.0	76.80407
9781.0	2.0	21.341286	55.607087	56.288180000000004	31.688983	0.12742	0.8610959999999999	0.377244	0.40918899999999997	5.175903	6.0	19.805075	6.579202	5.0	0.01241	4.170646	1.0	84.473463	2.94824	1.0	9.729044	2.9225060000000003	3.0	4.7234620000000005	1.887792	3.0	13.18885	7.71679	3.0	0.028404000000000002	4.663376	4.0	2.52674	2.6340779999999997	6.0	23.256603	0.8935790000000001	5.0	92.62446800000001
9826.0	2.0	67.086872	27.660934	55.817184	72.22203	0.47206499999999996	0.161823	0.281549	0.44031800000000004	4.968677	6.0	86.080315	3.3496910000000004	2.0	0.063842	1.842789	4.0	27.375584999999997	3.193561	1.0	11.778348	4.101369	2.0	9.433216	16.649189	1.0	86.858959	7.717403999999999	2.0	0.010542000000000001	5.448707	6.0	9.867316	4.187292	5.0	68.36007099999999	10.357883000000001	4.0	72.36309399999999
9976.0	2.0	61.514199	73.0891	29.081604	74.350116	0.25655300000000003	0.287819	0.460996	0.432482	3.325244	6.0	77.16017	21.248419000000002	2.0	0.033796	2.232007	5.0	62.588267	5.947165	3.0	31.098633000000003	3.3098099999999997	2.0	12.941769	15.330962	6.0	93.69171800000001	15.287633	2.0	0.023235	5.845396	4.0	11.998367	4.419589	3.0	32.956819	7.77008	1.0	50.043186999999996
