51.0	3.0	47.34178	8.314957000000001	40.916422999999995	16.493470000000002	0.788748	0.485092	0.715767	0.578221	10.789903	5.0	30.793843	7.450234	1.0	0.011432	12.376002	5.0	79.308014	2.166012	2.0	48.414702	53.905614	2.0	0.057291999999999996	2.071609	1.0	9.255521	2.917859	3.0	81.723157	2.132482	5.0	5.702742
164.0	3.0	4.2160150000000005	8.071407	41.358526	68.027426	0.17793599999999998	0.783913	0.811154	0.22743899999999997	50.962396000000005	6.0	89.5721	3.683323	6.0	0.011039	2.24566	2.0	28.112269	2.4945150000000003	3.0	5.5137849999999995	73.662699	3.0	0.010806	4.76609	6.0	48.979112	0.40925100000000003	5.0	66.846981	3.8582059999999996	2.0	59.503932999999996
261.0	3.0	79.652688	6.343938	17.414851000000002	76.58546	0.709472	0.290738	0.30380799999999997	0.673971	23.427960000000002	3.0	74.22614499999999	19.917053	6.0	0.047964	16.170282999999998	4.0	74.695151	6.261785	6.0	36.243477	77.827625	5.0	0.030088999999999998	5.8232669999999995	4.0	96.43123	2.997314	5.0	80.744134	12.039989	3.0	69.335977
270.0	3.0	64.715104	20.767178	25.223052	30.443559999999998	0.17794300000000002	0.7548739999999999	0.476836	0.14133800000000002	69.922718	4.0	93.571445	3.8633949999999997	2.0	0.011866	16.031142000000003	4.0	14.968329999999998	15.425578	3.0	91.42394200000001	35.070381	2.0	0.20745100000000002	4.669497	5.0	82.713471	4.516079	1.0	66.51048399999999	7.26505	5.0	49.627352
307.0	3.0	60.085402	14.177172	22.021582000000002	81.769785	0.980248	0.598001	0.443859	0.9973040000000001	74.051601	3.0	19.255218	6.34386	1.0	0.014563	12.786064999999999	5.0	33.269055	4.4850330000000005	5.0	32.959956	12.616226	2.0	0.099768	4.058927	5.0	42.466029	3.4651690000000004	1.0	62.84341800000001	3.8980660000000005	4.0	16.615181
387.0	3.0	12.15216	57.82540600000001	17.466853	87.83816	0.809038	0.9674	0.4556	0.609152	16.560571	6.0	15.016119	19.575603	5.0	0.011304999999999999	15.547922	4.0	23.787175	21.8183	3.0	24.043694	12.756917	3.0	0.011256	2.6210299999999997	1.0	62.047656	4.058609	5.0	38.795093	0.8754430000000001	4.0	79.653658
443.0	3.0	85.922877	13.281089999999999	85.135451	80.298803	0.920933	0.595342	0.940732	0.556479	35.525135999999996	2.0	42.788381	16.941129	4.0	0.013103	8.037561	2.0	52.469643000000005	21.699357	4.0	72.361654	59.979625	6.0	0.015478	5.514826	5.0	29.593768	2.6942060000000003	4.0	49.007729	22.20044	6.0	62.290103
494.0	3.0	6.2034720000000005	84.78029699999999	25.235879	89.084245	0.8009729999999999	0.964082	0.369648	0.354079	46.271824	4.0	23.24823	13.626792000000002	3.0	0.013243000000000001	17.207687	1.0	91.8014	23.221937	6.0	66.146011	6.998595	3.0	0.012024	0.176895	5.0	50.363601	4.938108000000001	2.0	64.193	14.824675	4.0	30.475888
501.0	3.0	90.281185	13.489835000000001	27.515106	81.867412	0.972168	0.97141	0.37971900000000003	0.65161	26.483864	4.0	70.3004	25.111615	5.0	0.255577	2.802458	5.0	8.642437	3.9084849999999998	4.0	33.395482	14.993816	2.0	0.011904999999999999	3.057687	4.0	5.11903	4.595541000000001	5.0	8.48881	14.368501	3.0	8.867677
502.0	3.0	18.994723	3.381175	30.658256	16.256317000000003	0.254943	0.706782	0.516691	0.239015	25.110160999999998	1.0	74.33189399999999	19.055842000000002	4.0	0.022413	7.955974	5.0	84.0447	15.310861	1.0	50.944777	35.479128	5.0	0.013994	2.654243	3.0	24.225829	3.5603059999999997	6.0	18.390468	16.652739	3.0	66.222589
715.0	3.0	92.161598	7.437533	48.131014	33.082840999999995	0.694351	0.45173	0.624274	0.327726	4.432442	3.0	51.621772	17.278316	2.0	0.014419999999999999	15.490238	5.0	42.100136	19.325885999999997	3.0	97.618145	46.851452	1.0	0.010990999999999999	1.532929	6.0	41.238168	4.653588	2.0	57.856556000000005	1.9390919999999998	4.0	49.544073
819.0	3.0	49.216590000000004	12.678887	3.019502	64.734351	0.12024000000000001	0.536467	0.5473520000000001	0.324911	72.022839	4.0	66.279028	24.640795999999998	2.0	0.025252	9.875271000000001	4.0	95.82188599999999	9.143075	4.0	3.830936	13.849070999999999	5.0	0.010704	0.769216	6.0	87.800772	3.395029	2.0	62.984421999999995	24.749668	5.0	44.381167
827.0	3.0	5.657129	67.189823	68.838225	5.396775	0.672754	0.522113	0.831075	0.151862	7.272492	2.0	73.853678	3.155599	6.0	0.011584	13.625556	3.0	36.154977	18.214699	1.0	14.759711	61.533648	2.0	0.025237	5.072881	6.0	15.441010999999998	5.592708999999999	3.0	76.56423199999999	11.012088	2.0	73.800208
829.0	3.0	29.048426	7.12925	51.580298	34.591012	0.725424	0.564576	0.241696	0.6137279999999999	45.802242	2.0	66.51841800000001	3.8569660000000003	4.0	0.012526	1.431775	3.0	62.260872	7.315416	2.0	54.03669300000001	38.180225	1.0	0.010874	3.8299730000000003	6.0	85.354908	2.457237	6.0	84.246639	24.108262	3.0	91.92285799999999
915.0	3.0	62.83811899999999	20.442724	12.025214	45.990671999999996	0.649658	0.9547540000000001	0.8732469999999999	0.540887	25.809476999999998	4.0	96.175673	0.5829310000000001	3.0	0.023893	13.661589999999999	5.0	59.923917	5.125522	5.0	36.587858000000004	48.819808	6.0	0.014055000000000002	5.412512	1.0	17.95956	0.20827800000000002	2.0	38.270501	14.251775	2.0	20.639960000000002
986.0	3.0	56.890985	3.850601	80.165603	96.48548199999999	0.316776	0.688859	0.803822	0.18165499999999998	34.358033	6.0	60.904252	18.963658	2.0	0.013721	17.321969	5.0	5.517869999999999	21.863769	6.0	4.370964	11.917676	2.0	0.024995	4.821607	6.0	90.065564	5.116078	3.0	2.79543	22.401089000000002	6.0	36.980391
1018.0	3.0	39.091403	13.345544	45.873984	63.659801	0.5952149999999999	0.948166	0.48480100000000004	0.421666	19.939424	6.0	90.776801	2.014295	4.0	0.017138999999999998	1.232364	2.0	74.599716	21.828856	1.0	87.22648199999999	57.204815	6.0	0.030135000000000002	2.409798	3.0	76.942143	4.311872	4.0	59.990951	21.547877	3.0	26.046454
1112.0	3.0	7.039523	77.683801	76.089993	88.429806	0.964326	0.309223	0.7288859999999999	0.517764	23.67148	2.0	73.703979	21.325377	5.0	0.053480999999999994	12.008113999999999	5.0	36.411242	0.788435	2.0	72.100037	73.582528	1.0	0.030952999999999998	3.6206480000000005	6.0	97.709366	3.187031	3.0	80.57946899999999	2.908019	6.0	10.338861
1113.0	3.0	41.737372	5.4263	87.12626	94.754586	0.450945	0.9506979999999999	0.355091	0.8646870000000001	5.25484	6.0	15.704103	16.505603	1.0	0.08857999999999999	12.358019	6.0	76.489799	12.395708	3.0	53.768761	17.700235	5.0	0.020095	5.340394	4.0	52.52446	1.635758	6.0	25.933742000000002	3.9969629999999996	6.0	19.098038
1198.0	3.0	81.798363	9.403868	61.697715	90.328582	0.318941	0.713819	0.549715	0.915623	15.726733	3.0	83.438098	4.177308999999999	4.0	0.011943	8.796831	6.0	81.11169699999999	20.563135	4.0	37.228609000000006	9.393137	5.0	0.017796	5.386068	6.0	10.64003	3.3139510000000003	2.0	60.240023	24.41765	3.0	78.764588
1221.0	3.0	7.113275999999999	21.405898999999998	48.016464	22.089419	0.67087	0.7521399999999999	0.861958	0.46786300000000003	60.533494	1.0	31.246256	5.465126000000001	2.0	0.010754000000000001	3.192286	5.0	88.65383800000001	21.130495	3.0	22.582652	53.449298	2.0	0.010137	5.337418	6.0	84.926808	0.31106999999999996	6.0	33.271027000000004	15.290756	4.0	91.52609
1275.0	3.0	24.743165	12.388411999999999	77.254522	32.780229	0.190472	0.576391	0.694361	0.22801300000000002	9.995332000000001	6.0	37.117422999999995	9.393222	3.0	0.018303	15.049930999999999	4.0	50.315982	20.432392999999998	6.0	24.386210000000002	62.46193100000001	4.0	0.029986000000000002	2.167891	6.0	95.24256700000001	0.606011	6.0	95.485407	15.536783999999999	2.0	97.747059
1279.0	3.0	67.834018	21.120309	47.255604	32.310709	0.196225	0.886598	0.145803	0.28975500000000004	18.811704000000002	4.0	97.528087	18.881577	2.0	0.021249	11.452999	3.0	14.349644	13.709925	2.0	21.494975	18.801896	3.0	0.015033000000000001	3.007621	5.0	78.084477	1.977265	4.0	82.93001	13.799971	6.0	1.832359
1656.0	3.0	25.172036	1.823289	21.978714	54.319509	0.8662540000000001	0.791998	0.279152	0.517544	49.405704	6.0	2.500285	8.234308	6.0	0.011271999999999999	1.296751	2.0	74.236098	5.078175	6.0	59.913594999999994	20.991848	4.0	0.028546	0.392289	3.0	98.590866	5.754472	3.0	1.8947450000000001	10.685283	3.0	96.16486
1687.0	3.0	3.80735	95.674008	11.370994999999999	5.498398	0.373763	0.787691	0.301965	0.11284300000000001	54.741925	6.0	52.665886	11.162163	2.0	0.011831999999999999	12.721452000000001	1.0	78.680384	1.956184	2.0	84.08345200000001	51.23165	3.0	0.028068	4.543998	5.0	85.716528	0.599629	3.0	58.786343	5.004951999999999	3.0	74.11773199999999
1782.0	3.0	49.199911	6.123202	21.598694000000002	61.582671999999995	0.676746	0.710498	0.8921129999999999	0.26770700000000003	11.726111999999999	2.0	78.580453	5.640031	3.0	0.016076	10.093411	3.0	24.495839	5.477791000000001	3.0	88.91855	30.461071	1.0	0.010247	3.964208	3.0	78.84636	4.934812	6.0	75.809612	15.546276	5.0	49.262244
1802.0	3.0	99.089191	19.273112	67.12406700000001	85.99686700000001	0.420105	0.8470200000000001	0.7691680000000001	0.511675	12.735109	5.0	25.309009	12.568997999999999	2.0	0.282154	1.354177	1.0	74.63323199999999	7.527781	5.0	41.035135	11.801291	1.0	0.054686	4.474928	1.0	8.069792	3.6931160000000003	6.0	77.29037	0.66728	3.0	85.566802
1873.0	3.0	62.388643	7.500559	34.163074	99.393728	0.623529	0.675141	0.8375950000000001	0.23755	45.861661	4.0	41.371486	4.877773	1.0	0.019249000000000002	15.251437	3.0	33.127179999999996	20.781786	5.0	63.09333	39.330138	5.0	0.09146699999999999	3.85008	4.0	50.088499	1.8033290000000002	4.0	10.727894000000001	11.564132	6.0	9.188678
2007.0	3.0	37.668279	2.896635	70.7043	96.97205	0.9919979999999999	0.193279	0.474578	0.49413199999999996	34.059571999999996	1.0	63.64094300000001	17.898369	6.0	0.013413999999999999	2.722284	6.0	60.821966	16.206630999999998	6.0	92.02032700000001	60.705498999999996	6.0	0.010017	5.670157	5.0	85.572542	4.187099	2.0	61.036999	23.749604	1.0	49.098079999999996
2149.0	3.0	22.068315	14.829779	55.11098199999999	7.269011999999999	0.687671	0.679716	0.610254	0.720232	17.302626	6.0	81.476945	3.457649	6.0	0.010392	2.840919	3.0	73.856677	6.360392	5.0	55.329311	18.499654	1.0	0.013502000000000002	5.700101	5.0	9.263599000000001	0.59242	5.0	89.196021	0.728865	5.0	32.580694
2174.0	3.0	38.190155	20.139311	55.226078	65.852147	0.781115	0.959507	0.7371270000000001	0.25609499999999996	8.130417	4.0	71.328618	10.649067	2.0	0.028258999999999996	13.021495	3.0	61.034318000000006	16.953879	4.0	98.317945	37.631499	4.0	0.010758	3.3066129999999996	4.0	73.109431	3.215663	4.0	65.879592	3.060737	3.0	36.215374
2180.0	3.0	49.129042	5.73615	22.039123	83.319213	0.312263	0.390246	0.991758	0.52165	15.46982	4.0	90.95848000000001	1.370534	1.0	0.011136	10.086815	1.0	16.045663	15.535517	6.0	36.184199	35.864477	1.0	0.22163899999999997	0.277825	2.0	3.8431919999999997	2.709495	5.0	92.93004	14.368507999999999	2.0	4.860314
2309.0	3.0	85.38292	5.861223000000001	60.790493999999995	81.817094	0.501416	0.26931	0.564166	0.556602	29.350254	4.0	60.073842000000006	18.179585999999997	5.0	0.028638	9.510116	2.0	81.29715999999999	9.270558	3.0	55.200753000000006	61.780174	4.0	0.010652	2.499998	5.0	62.877761	2.182077	1.0	92.803609	12.11153	2.0	33.172979999999995
2343.0	3.0	28.213711	13.824639999999999	74.05724599999999	24.758019	0.721437	0.37561700000000003	0.785076	0.6668229999999999	41.970005	4.0	78.090565	7.300944	1.0	0.016202	9.293252	4.0	35.510894	15.773515	2.0	17.316019	44.570791	5.0	0.011221	4.3685279999999995	5.0	68.436196	2.00267	4.0	2.401677	6.822367999999999	6.0	5.991621
2385.0	3.0	7.581907000000001	19.067989	45.989676	68.972487	0.9852360000000001	0.337462	0.7330770000000001	0.43640200000000007	23.577092	5.0	24.546464999999998	3.108095	2.0	0.025882	16.734201000000002	3.0	85.889607	4.118967	6.0	96.117024	3.5909190000000004	5.0	0.04865	5.886093	4.0	59.082694999999994	1.854216	3.0	69.490938	10.861464999999999	4.0	98.31694
2482.0	3.0	45.113432	5.916315	3.7567269999999997	22.066348	0.7299329999999999	0.789329	0.438075	0.292799	5.761879	5.0	44.756133	1.683693	5.0	0.162908	7.441922	2.0	51.603904	2.213283	5.0	19.611275	44.84453	1.0	0.01444	2.095589	3.0	17.183125	1.9519259999999998	4.0	46.557251	19.664414999999998	2.0	1.740143
2486.0	3.0	30.758088	39.965523	83.448126	16.055961	0.44734399999999996	0.933574	0.926175	0.41138500000000006	38.694585	3.0	52.216881	16.126126	6.0	0.029954	15.783427	1.0	77.89089799999999	24.796017000000003	1.0	54.242576	70.61077399999999	3.0	0.021994999999999997	4.292377	6.0	52.663986	0.14565999999999998	3.0	35.907231	16.999249	4.0	30.494161
2710.0	3.0	39.610656	15.399314000000002	27.543252000000003	60.255455000000005	0.9659559999999999	0.909693	0.638813	0.51617	7.9910429999999995	3.0	26.381306	18.339626000000003	6.0	0.021223	11.513373	5.0	93.813028	12.046239	4.0	51.561156	33.577037	2.0	0.026238	0.105215	1.0	86.463531	1.534726	4.0	58.384426	22.857398999999997	1.0	97.105535
2728.0	3.0	19.579606	23.814482	54.635597	35.722592999999996	0.560192	0.919149	0.760917	0.47897700000000004	13.753535999999999	4.0	39.967746000000005	18.207058	2.0	0.034157	15.600853	1.0	32.96812	23.872732	1.0	78.494037	25.378413000000002	6.0	0.085963	2.715881	5.0	17.865173000000002	3.130974	1.0	64.363457	22.260339000000002	1.0	63.950864
2734.0	3.0	72.796	8.093128	45.68489	89.008441	0.40701	0.326743	0.223504	0.18498599999999998	32.063387	6.0	55.426114	11.47719	5.0	0.023083000000000003	14.379494000000001	6.0	49.326817999999996	12.566175999999999	6.0	92.530178	45.211382	5.0	0.025767	3.199489	4.0	95.174145	1.536841	5.0	82.530625	22.331765	2.0	55.087655000000005
2756.0	3.0	63.443247	8.27834	58.213437	10.274472	0.337958	0.48830100000000004	0.807042	0.524555	40.233334	3.0	74.170316	7.408492999999999	3.0	0.013256	4.538808	5.0	71.873473	2.741119	2.0	15.321044	30.842113	1.0	0.031886000000000005	1.592257	2.0	73.31465	4.937479	1.0	98.588264	10.608407000000001	3.0	73.66176
2914.0	3.0	91.34524300000001	14.051248999999999	78.894947	92.292115	0.7124729999999999	0.8557309999999999	0.136434	0.839499	27.208214	4.0	41.015947	7.449403	1.0	0.083262	9.164383	6.0	66.485619	23.61894	4.0	15.026844	1.635921	3.0	0.138784	3.757342	5.0	85.546102	1.891109	5.0	89.21167700000001	5.314716000000001	6.0	51.623235
2972.0	3.0	51.936768	4.7105440000000005	45.074148	52.483698	0.14035799999999998	0.676074	0.597617	0.928688	78.464792	3.0	87.650777	1.997859	5.0	0.037308999999999995	3.591525	5.0	33.677309	24.841333	5.0	97.495077	63.049875	6.0	0.016354	3.400772	2.0	53.775447	4.086396	5.0	17.173053	1.8857270000000002	4.0	25.881908
3091.0	3.0	51.63929	5.024878	35.251146999999996	91.575108	0.24597199999999997	0.6521399999999999	0.471317	0.373361	74.715868	3.0	92.760855	12.974049	6.0	0.010511	17.048536	6.0	51.849571000000005	9.569633999999999	6.0	16.948182	76.56898000000001	4.0	0.013788	2.772743	4.0	88.00344399999999	4.546998	3.0	77.684926	0.781385	6.0	94.05503
3164.0	3.0	50.038489	15.137312	60.546059	28.388310999999998	0.32618400000000003	0.701859	0.416109	0.5858939999999999	6.62447	6.0	87.68514300000001	23.517441	6.0	0.012125	11.209872	4.0	14.767522	15.532488	3.0	97.611039	76.013279	3.0	0.013757	5.30909	6.0	73.862542	2.535411	1.0	57.27659499999999	18.424904	6.0	77.18865799999999
3298.0	3.0	43.875516	2.146538	31.773961	36.611325	0.525667	0.165801	0.798024	0.172551	30.716459000000004	6.0	91.949197	17.294541	5.0	0.195009	16.069482	3.0	26.230133000000002	15.264083	5.0	31.177589	71.95910500000001	1.0	0.011414	0.4291	1.0	62.529714	4.679341	6.0	48.047201	0.44854700000000003	4.0	69.89049200000001
3311.0	3.0	56.845546	7.927967999999999	72.53720799999999	76.08133199999999	0.7309140000000001	0.7192390000000001	0.575596	0.56008	7.7151369999999995	5.0	48.666816	1.8359400000000001	3.0	0.029973000000000003	3.825018	4.0	98.153248	10.572726	5.0	82.554919	13.775720000000002	3.0	0.031876	2.316857	1.0	41.165007	1.506162	4.0	96.579722	4.338128	5.0	6.737603
3435.0	3.0	75.861522	9.142288	24.357606	6.667569	0.8816620000000001	0.678162	0.641606	0.401725	10.591607000000002	6.0	44.252607	2.729653	1.0	0.123168	9.419678999999999	1.0	38.453757	8.361164	3.0	87.427247	47.311623	3.0	0.022522	5.355375	2.0	9.467077	3.3526589999999996	5.0	97.360394	6.098993	4.0	57.277426
3450.0	3.0	34.065377000000005	32.664395	2.218642	75.882327	0.7728619999999999	0.81183	0.9095700000000001	0.17382999999999998	67.11624599999999	6.0	78.4224	13.598606	5.0	0.012654	2.6570810000000002	4.0	31.628952	1.40645	4.0	69.374251	67.571823	2.0	0.019234	0.756899	6.0	24.131324	3.026049	6.0	2.779255	20.466997	6.0	22.009326
3498.0	3.0	23.87033	13.368148000000001	51.563093	83.7069	0.314921	0.620703	0.847867	0.9644149999999999	21.083785	3.0	33.421884999999996	14.549072	2.0	0.039823000000000004	12.671965	6.0	11.406378	12.678035000000001	5.0	86.409256	52.770492000000004	4.0	0.042432	4.292991000000001	2.0	89.710109	5.441747	5.0	7.488513	5.018726	1.0	65.096666
3612.0	3.0	95.656462	2.6516189999999997	66.566903	30.495966999999997	0.632541	0.318803	0.849102	0.262504	54.386182	4.0	57.704674	18.706871	2.0	0.012292	16.117245	5.0	55.991083999999994	6.129141000000001	6.0	79.268326	40.434353	5.0	0.017475	0.425159	4.0	76.46658199999999	1.092961	3.0	76.06258100000001	23.608797	6.0	72.375552
3689.0	3.0	67.297043	9.50132	8.718697	64.773112	0.432105	0.713741	0.9522010000000001	0.918326	78.339715	1.0	68.336001	1.753595	5.0	0.046196	13.989068	6.0	76.30070699999999	7.144211	3.0	75.641434	4.377914	1.0	0.068659	0.5040180000000001	6.0	40.335174	2.0229880000000002	1.0	29.531265	15.263160999999998	5.0	9.767071000000001
3741.0	3.0	77.847872	4.09437	85.534903	86.445931	0.923958	0.252569	0.15321500000000002	0.43629300000000004	61.534288000000004	1.0	87.702069	10.720944	6.0	0.010496	9.745928999999999	5.0	96.974211	18.232357999999998	4.0	16.12453	33.653898	3.0	0.028999	5.788994000000001	5.0	53.640969999999996	4.177948000000001	1.0	94.025693	22.664824	2.0	74.705127
3761.0	3.0	6.18274	7.158189	55.257169	80.013836	0.48722200000000004	0.5541050000000001	0.6686310000000001	0.575735	69.412695	6.0	69.682271	23.560354999999998	3.0	0.019043	18.42215	5.0	13.881302999999999	12.186923	1.0	34.7087	6.218858999999999	3.0	0.016375	5.573116000000001	5.0	91.065012	1.943136	1.0	65.58462800000001	2.602257	3.0	21.4632
3883.0	3.0	24.166114	22.602211999999998	45.053832	86.75173199999999	0.42973199999999995	0.8959159999999999	0.937241	0.321827	8.55061	6.0	55.74791	9.136367	5.0	0.043878	10.495275	2.0	90.573521	10.757045	2.0	21.574897	4.74946	4.0	0.013687000000000001	4.176279	1.0	61.741814	1.474277	3.0	50.667722999999995	3.00801	2.0	94.451247
3915.0	3.0	16.285189000000003	11.863937	20.089292999999998	90.19925	0.991266	0.657315	0.77413	0.775245	44.793708	2.0	8.908633	4.5975470000000005	4.0	0.016168000000000002	12.168144999999999	6.0	56.842597	18.568248	5.0	41.688401	47.888141999999995	2.0	0.012477	3.470481	3.0	73.843225	0.13239	6.0	87.011984	16.691285999999998	2.0	79.632002
3961.0	3.0	23.501089	39.271442	99.28714599999999	19.904529	0.808806	0.983935	0.664618	0.27416999999999997	45.636967	5.0	48.13584	21.07173	5.0	0.016234000000000002	14.671298	1.0	2.152085	24.728604	6.0	68.394959	24.329903	4.0	0.017991	0.112028	6.0	93.013081	3.15082	1.0	43.81407	4.658677	3.0	97.09385999999999
3969.0	3.0	96.62068599999999	14.756209	42.999241	72.04445600000001	0.9879100000000001	0.84364	0.282036	0.893083	17.610132999999998	6.0	20.4908	11.880821000000001	1.0	0.014874	6.523621	6.0	68.72544599999999	5.458913	6.0	97.387608	43.140066	5.0	0.04364	1.82624	4.0	49.536982	4.155408	6.0	36.834617	5.0344690000000005	2.0	99.535483
3986.0	3.0	23.640681	10.407501	85.905454	86.027061	0.9759899999999999	0.704804	0.605165	0.867292	13.556555	3.0	21.691696	18.237975	6.0	0.022068	7.006819	5.0	86.563193	22.345603	3.0	46.510008	2.0883990000000003	1.0	0.015347	4.771893	1.0	11.994522	3.7768349999999997	4.0	10.999833	25.002497	2.0	87.372732
4366.0	3.0	9.309534	5.465858	8.179014	63.558214	0.945835	0.321006	0.713997	0.387324	36.253177	2.0	89.092824	8.88515	4.0	0.018290999999999998	4.564495	1.0	62.351183	15.904865	5.0	88.83855600000001	52.648235	2.0	0.033604	5.076371	5.0	27.479635	4.576896	3.0	27.225921000000003	2.450717	5.0	30.940107
4423.0	3.0	32.286352	1.408866	38.226464	28.076717	0.8827229999999999	0.7424810000000001	0.8611989999999999	0.184148	8.43375	1.0	52.351271999999994	21.275725	2.0	0.026102999999999998	17.332812	2.0	28.529465000000002	13.093821	2.0	43.603288	21.023294	5.0	0.012327	2.5718080000000003	5.0	95.22391	5.652603	1.0	13.911104000000002	4.48458	6.0	99.661788
4719.0	3.0	92.10700899999999	5.1302449999999995	12.764107000000001	52.597342000000005	0.587238	0.26113200000000003	0.486932	0.34868899999999997	66.039113	6.0	61.187104000000005	4.700794999999999	4.0	0.014462000000000001	5.976861	1.0	40.507098	20.726260999999997	6.0	64.92504	75.411468	2.0	0.011626000000000001	1.323841	4.0	72.212166	1.9663689999999998	3.0	16.620655	1.653934	3.0	39.771904
4766.0	3.0	18.911763	6.671107000000001	34.340475	91.433462	0.445795	0.310284	0.482846	0.211358	16.217949	5.0	79.023081	19.959976	4.0	0.496457	13.554484	5.0	60.806952	12.018495	3.0	84.387817	69.118585	4.0	0.217677	1.756341	4.0	78.5735	2.390095	2.0	74.027991	18.253826999999998	2.0	80.813558
4893.0	3.0	50.439093	10.919242	7.567186	89.699409	0.631508	0.862044	0.48165600000000003	0.71845	4.402998999999999	6.0	90.990442	12.586082000000001	6.0	0.021618000000000002	8.508173	5.0	79.71628299999999	2.3487560000000003	6.0	68.682497	52.791676	3.0	0.011071	1.407435	3.0	86.529398	2.128113	6.0	69.162309	10.611539	5.0	99.945798
4922.0	3.0	29.182093	7.1360339999999995	18.89709	12.977886999999999	0.768859	0.6389670000000001	0.947951	0.448613	42.643767	5.0	33.479564	5.835267	2.0	0.08801	1.916363	1.0	4.806033	9.683501	2.0	16.08735	29.176099	1.0	0.010097	3.109742	2.0	11.513705	2.705988	5.0	7.503128	1.689013	6.0	62.261979000000004
4937.0	3.0	85.536015	16.617466	93.250865	11.688065	0.965198	0.8447100000000001	0.7625970000000001	0.172708	8.085571	6.0	86.78826600000001	12.265184	3.0	0.011284	15.684029	2.0	39.178829	9.17782	3.0	81.553846	32.615377	5.0	0.020794999999999998	4.794395	3.0	71.023328	3.167009	5.0	20.567872	11.151900999999999	2.0	31.558175
4954.0	3.0	76.731463	20.218203	83.687547	97.439586	0.795473	0.502881	0.5191979999999999	0.798481	58.702290000000005	6.0	50.273274	19.992028	3.0	0.082673	14.930916	3.0	68.22538399999999	20.712	6.0	16.600120999999998	25.443182999999998	6.0	0.010361	5.3570839999999995	2.0	63.666208999999995	5.564598	5.0	65.69994100000001	0.9133879999999999	3.0	62.02190600000001
4995.0	3.0	33.040112	20.196116	6.702603999999999	69.387354	0.20433800000000002	0.8339850000000001	0.109077	0.613317	59.534052	5.0	84.663554	9.300299	4.0	0.01241	8.030185000000001	6.0	81.325724	10.387924	2.0	47.364186	78.255804	6.0	0.019604	4.3886519999999996	6.0	83.57065899999999	0.29028200000000004	2.0	76.086487	5.556437	5.0	38.381037
5007.0	3.0	65.311298	1.312117	22.756527	38.536605	0.404414	0.37408800000000003	0.966261	0.244668	24.048217	4.0	8.984094	21.820511	3.0	0.010192	16.704348	6.0	81.776016	17.803504999999998	3.0	87.340282	28.588268	6.0	0.030614999999999996	5.077113	5.0	41.859567999999996	0.16404200000000002	1.0	35.810686	19.224737	1.0	23.803949
5071.0	3.0	9.616647	35.279059000000004	17.653072	44.507013	0.861191	0.5791930000000001	0.467609	0.538916	58.126358999999994	3.0	56.658840000000005	12.415411	5.0	0.080152	13.550635	6.0	15.865785999999998	2.9927669999999997	6.0	28.309375	52.299147999999995	2.0	0.011120999999999999	0.812757	6.0	97.94171700000001	5.690094	2.0	62.518802	5.619171	4.0	44.087002000000005
5080.0	3.0	83.78064300000001	13.510098000000001	26.069646	81.772086	0.599025	0.994341	0.335354	0.17310599999999998	35.103962	5.0	14.863403	6.351116	2.0	0.027712	12.73479	1.0	46.993728999999995	16.615238	5.0	77.90961899999999	21.246602	4.0	0.011523	5.80776	6.0	72.708862	0.334032	5.0	74.760988	9.670663000000001	5.0	23.53356
5158.0	3.0	54.335955000000006	27.830145	82.16545500000001	75.71349599999999	0.215915	0.972059	0.18325999999999998	0.689159	43.49216	5.0	51.880392	21.453095	4.0	0.418601	17.925963	2.0	46.447336	18.806916	6.0	88.55677800000001	67.013552	4.0	0.011887	4.768298000000001	5.0	30.860153999999998	0.984408	4.0	18.394509	2.22637	3.0	71.736308
5232.0	3.0	14.986295000000002	17.337745	63.133653	90.78240500000001	0.539666	0.901201	0.305865	0.961045	2.845193	4.0	12.769934	14.449957999999999	2.0	0.011364	6.4065959999999995	4.0	81.429762	17.768688	6.0	79.64784300000001	51.684160999999996	4.0	0.018262	1.103961	1.0	98.33851899999999	4.312958999999999	5.0	23.03884	4.851624	3.0	54.467197
5330.0	3.0	25.60794	32.812175	76.598435	48.976175	0.44284700000000005	0.933544	0.814505	0.301645	72.608815	4.0	28.916809000000004	17.623493	1.0	0.038702	17.110561999999998	2.0	93.955012	18.412782	6.0	37.743247	66.743195	3.0	0.02645	5.548147	5.0	74.032441	4.338996	2.0	62.367002	0.736483	6.0	84.73975
5439.0	3.0	12.923641	15.433834	94.465211	66.375905	0.209898	0.652247	0.280495	0.11369000000000001	13.49315	2.0	49.706693	1.365742	4.0	0.012381999999999999	6.1504	3.0	88.94902900000001	17.949344	5.0	89.724905	72.732835	6.0	0.056355999999999996	2.142559	6.0	53.620224	1.875702	4.0	92.30295600000001	8.239071000000001	1.0	96.319055
5440.0	3.0	40.291754	8.472331	65.733719	32.871633	0.711508	0.918206	0.8874549999999999	0.824942	34.600459	4.0	9.962149	16.836284	2.0	0.018633	7.701923	1.0	9.957453	20.4099	6.0	89.108009	10.691241	4.0	0.045962	4.006214	6.0	84.744988	0.06605599999999999	2.0	44.231079	22.431929	5.0	21.866227
5452.0	3.0	68.10911999999999	5.6125989999999994	16.482705	97.533316	0.738201	0.682704	0.752207	0.24199099999999998	36.736067	1.0	55.506397	10.224821	5.0	0.0119	6.473944	4.0	23.69903	24.425266	4.0	63.228989	70.444084	4.0	0.012178	1.573703	1.0	36.384433	2.0121759999999997	3.0	66.428028	2.486607	4.0	70.95415200000001
5523.0	3.0	12.649617999999998	8.811275	87.001041	79.33431800000001	0.394527	0.703963	0.475421	0.35827800000000004	23.444777	1.0	28.93999	9.236366	2.0	0.019991	7.381658	5.0	14.577669	4.8484739999999995	2.0	41.653090999999996	18.649995	2.0	0.040687	5.444329	2.0	47.780297999999995	1.5062389999999999	4.0	51.196512	13.801986	5.0	5.350213
5539.0	3.0	61.44921	7.857291	14.852623999999999	54.13903199999999	0.870295	0.8925299999999999	0.799182	0.932476	18.193023999999998	1.0	92.888481	23.964716	1.0	0.011167	12.212684	2.0	48.163115000000005	9.248876	1.0	59.542939000000004	2.2925459999999998	3.0	0.061199	4.256921	4.0	26.552352000000003	0.552894	1.0	58.25291800000001	17.124675	1.0	5.981521
5577.0	3.0	5.063744	45.688371999999994	52.633251	81.393429	0.7964829999999999	0.178331	0.643177	0.7304579999999999	57.266581	1.0	8.694064	16.991542000000003	2.0	0.020013999999999997	5.43072	6.0	22.713107	16.495179	5.0	98.17819399999999	53.523931999999995	2.0	0.021186	2.727044	4.0	15.957013	5.098973	4.0	47.855758	0.58875	4.0	97.84574
5642.0	3.0	50.802048	1.0214239999999999	7.8102100000000005	11.620395	0.674736	0.38955500000000004	0.445846	0.970932	69.574779	4.0	94.217066	23.943335	6.0	0.010372	1.8454270000000002	4.0	13.718504999999999	3.7094970000000003	5.0	96.78797800000001	72.471683	4.0	0.012244	3.888189	6.0	70.112858	3.5285580000000003	5.0	1.9242720000000002	1.503147	3.0	42.585406
5751.0	3.0	27.919323	17.469817000000003	65.694532	89.37192399999999	0.852641	0.802852	0.930114	0.831987	1.785109	6.0	50.148768	11.24643	6.0	0.065755	11.391764	3.0	45.766225	13.357598999999999	4.0	53.539636	66.682529	3.0	0.125844	2.256109	1.0	81.19343	5.188025	4.0	66.089385	1.6806169999999998	5.0	39.316035
5857.0	3.0	53.83526	18.804925	39.403602	57.350970999999994	0.7134189999999999	0.908275	0.7080380000000001	0.982987	27.390772	3.0	70.18826	22.114221	3.0	0.012681	10.146527	4.0	48.005906	9.878972000000001	4.0	75.918272	2.815672	6.0	0.014953	4.92111	3.0	53.65254	5.742555	1.0	97.02886099999999	14.808791000000001	3.0	27.695816999999998
5862.0	3.0	10.878635000000001	10.034572	43.966808	70.67828	0.997833	0.338883	0.407894	0.177902	6.118829	5.0	74.734525	23.280016	1.0	0.010829	8.307833	2.0	29.528411	7.779623	1.0	57.95216	7.826203	6.0	0.010269	1.530964	5.0	91.085713	0.896618	2.0	38.059353	19.360557	4.0	31.839619
5871.0	3.0	50.272604	14.733245000000002	18.313077	36.085451	0.411941	0.379106	0.591491	0.9689040000000001	65.855981	4.0	34.624819	23.515083999999998	4.0	0.037174	16.359454	4.0	18.319236	15.668571	2.0	97.05492	72.21085699999999	1.0	0.015092	3.2554819999999998	3.0	63.831225	5.122485	6.0	2.857341	3.467864	3.0	71.026774
5965.0	3.0	17.343853	34.232696999999995	53.115643000000006	29.825957	0.591224	0.68984	0.960377	0.262614	54.288343999999995	6.0	27.629733	24.260154	3.0	0.026003	9.822567999999999	5.0	75.960415	7.810875	1.0	77.735815	51.410154	5.0	0.012689	5.448911	4.0	85.618708	0.977958	2.0	16.029854	15.264885000000001	4.0	93.316239
6033.0	3.0	39.901126	19.643296	23.955524	55.195188	0.270486	0.853614	0.646565	0.69508	4.526701	4.0	75.399773	16.606698	5.0	0.012378	7.774567	6.0	26.681942	3.5055949999999996	2.0	37.01607	75.838581	2.0	0.011609999999999999	0.698448	3.0	68.407837	1.164456	2.0	58.116364000000004	2.740164	4.0	70.53029000000001
6118.0	3.0	60.723797999999995	19.905412	27.305487	15.903143	0.195401	0.836044	0.6273340000000001	0.297867	22.414576999999998	6.0	96.079123	20.665115	3.0	0.013686000000000002	17.648160999999998	2.0	72.612183	18.541779000000002	6.0	88.559392	2.394634	4.0	0.016066	0.127077	4.0	61.321289	3.6359239999999997	5.0	75.842402	13.761935000000001	3.0	40.186615
6158.0	3.0	30.169165999999997	6.9333789999999995	4.058806	36.825753999999996	0.661833	0.9008440000000001	0.230329	0.715535	6.778528	6.0	53.420203	9.695169	2.0	0.014740000000000001	12.29327	4.0	91.985056	17.551393	6.0	60.474512	5.041007	6.0	0.280033	1.7650270000000001	3.0	48.762463000000004	5.151571	3.0	16.788934	4.667922	5.0	87.362124
6240.0	3.0	47.202432	11.111627	67.816266	22.848244	0.406617	0.493708	0.23175	0.308841	47.408590000000004	2.0	73.59634799999999	13.097961	5.0	0.011902	5.14219	6.0	36.607344	7.739749000000001	4.0	91.70452399999999	4.175599	5.0	0.011008	2.460354	4.0	99.81398100000001	2.413945	3.0	63.650688	4.536077	4.0	11.443373
6307.0	3.0	27.108846999999997	13.370251999999999	95.651841	37.022396	0.624827	0.7837390000000001	0.447267	0.944031	4.924816000000001	6.0	47.029825	9.917904	6.0	0.034674	9.627766000000001	5.0	27.378804	12.430397	3.0	63.79133100000001	16.245337	6.0	0.149527	2.631723	5.0	74.863873	2.17777	3.0	69.34293199999999	11.243041999999999	2.0	29.176771999999996
6358.0	3.0	11.871006	13.710693	58.067742	15.015314000000002	0.740479	0.657977	0.30653	0.22019499999999997	3.255102	5.0	34.893785	13.625778	3.0	0.01761	1.922811	5.0	94.620963	17.585995	2.0	10.288993	52.313788	6.0	0.020243999999999998	4.61341	4.0	81.010599	0.894149	3.0	41.455022	2.3655	4.0	15.238504
6418.0	3.0	67.740711	14.34946	62.671513	6.8521529999999995	0.5904189999999999	0.7959579999999999	0.256952	0.153476	24.036162	5.0	83.49261	13.516373999999999	3.0	0.043257	6.825181	5.0	6.1075	13.698169	2.0	71.955394	75.63304000000001	1.0	0.027681	5.889125	1.0	79.178141	5.216168	5.0	35.139691	17.370562	5.0	53.946764
6436.0	3.0	2.647527	93.65768	5.575063	89.13226999999999	0.139193	0.8290059999999999	0.758827	0.622987	47.397960999999995	5.0	72.954447	22.336863	4.0	0.010083	18.139428	1.0	9.674908	13.885067999999999	3.0	23.176859	63.423458999999994	2.0	0.010618	0.362423	5.0	86.731719	3.9885949999999997	2.0	2.261154	11.970124	5.0	40.290653000000006
6444.0	3.0	5.455968	34.485902	36.294956	86.83460699999999	0.597741	0.740654	0.9310280000000001	0.24523000000000003	46.848495	2.0	50.885579	5.765299	2.0	0.02446	3.5938480000000004	3.0	39.567199	21.164151	4.0	77.29061800000001	7.997135000000001	5.0	0.040218000000000004	3.099043	4.0	44.041837	0.696167	2.0	98.01063	2.074786	4.0	16.621285999999998
6510.0	3.0	68.826582	2.299688	9.567667	97.733274	0.30539099999999997	0.47551800000000005	0.753706	0.620947	23.585584	6.0	33.936347	16.993660000000002	6.0	0.026641	1.7415889999999998	2.0	34.396844	6.481234	6.0	72.410857	45.424763	5.0	0.016096	1.355593	6.0	74.745664	1.377456	1.0	4.8850690000000005	24.75981	2.0	11.352659
6520.0	3.0	4.565164	44.959534999999995	52.511555	38.325587	0.84293	0.890978	0.83037	0.31656999999999996	52.381518	6.0	15.514401999999999	3.073874	3.0	0.101702	12.677454	1.0	7.064877	0.32851199999999997	3.0	12.957931	58.410689	4.0	0.019941999999999998	3.026623	6.0	90.81568	5.06165	3.0	12.664651	5.682617	6.0	29.585165000000003
6573.0	3.0	58.783354	12.92709	44.845584	17.005944	0.41988500000000006	0.7981010000000001	0.665351	0.202416	63.112673	2.0	72.49401999999999	1.530242	2.0	0.131438	3.389909	4.0	51.443940999999995	3.3215480000000004	1.0	17.74194	69.538713	6.0	0.014022	0.8291440000000001	4.0	38.827576	2.9106349999999996	6.0	23.188522	20.912994	2.0	36.043882
6752.0	3.0	22.201093	20.473828	93.162273	55.360554	0.223534	0.842147	0.49353	0.475714	36.850902000000005	2.0	73.410853	23.754265	4.0	0.010957999999999999	15.924175	4.0	64.14371899999999	17.54177	4.0	66.513784	68.043986	3.0	0.028318	4.507941000000001	3.0	75.641297	1.834325	3.0	9.084661	21.386075	4.0	61.23098100000001
6793.0	3.0	29.273175	9.932075	45.325697999999996	39.243287	0.185753	0.9995790000000001	0.197287	0.273171	65.489806	1.0	69.363021	14.158404	3.0	0.014699	8.749462	6.0	84.55382900000001	2.8518220000000003	6.0	98.892905	23.872970000000002	5.0	0.035101	4.81463	3.0	94.162761	0.191999	4.0	42.995779999999996	2.7897119999999997	2.0	50.035994
6995.0	3.0	5.188725	89.504475	35.739079	73.88497	0.850249	0.815024	0.693922	0.254206	38.739419	3.0	87.528474	15.610209	1.0	0.021213	8.320321	2.0	61.27105699999999	0.3107	4.0	44.837559000000006	22.904320000000002	3.0	0.01027	5.118869	6.0	64.625033	1.235737	3.0	4.64104	17.298398000000002	6.0	23.434584
7028.0	3.0	86.202314	6.618441000000001	53.1771	54.426575	0.8764799999999999	0.847137	0.778461	0.296455	10.010453	1.0	92.550048	7.15838	1.0	0.010642	13.820820000000001	3.0	77.189778	6.446129	6.0	16.096508	13.492636	5.0	0.011276999999999999	1.663425	3.0	15.653223	2.054703	2.0	94.120705	12.136626	1.0	9.261238
7044.0	3.0	11.121734	52.171665999999995	27.994971999999997	75.530396	0.686413	0.273816	0.9409780000000001	0.15418800000000002	18.338698	1.0	22.199123	8.433535000000001	4.0	0.055745	17.112787	4.0	97.08608100000001	10.555136	1.0	76.708055	29.29209	5.0	0.014224	3.8844769999999995	6.0	25.441093	0.236418	4.0	52.195484	6.562767	3.0	48.156009999999995
7045.0	3.0	58.362753000000005	2.223023	33.318262	57.922835	0.710322	0.549683	0.932873	0.157277	38.469952	1.0	24.641641	3.5148	2.0	0.012197	3.181546	3.0	54.468028000000004	23.008496	6.0	39.232339	42.415704999999996	4.0	0.025226	5.755331	5.0	72.846057	3.592631	1.0	9.979688000000001	21.648943	4.0	93.539187
7086.0	3.0	53.674170999999994	16.221532	16.357155	30.13205	0.898674	0.608312	0.790125	0.593486	20.912326999999998	5.0	62.972728000000004	13.985948	4.0	0.022813999999999997	12.699328999999999	2.0	22.461281	4.33493	4.0	13.854011999999999	35.090925	3.0	0.010752	1.4704760000000001	4.0	74.982508	4.3624529999999995	3.0	70.661757	11.644845	5.0	30.00269
7110.0	3.0	30.586603000000004	5.580983	77.89501800000001	95.143821	0.189355	0.5753689999999999	0.88882	0.46007600000000004	11.63475	1.0	88.934174	14.601787	2.0	0.010572	16.641112	6.0	72.78953	22.067981	1.0	72.544512	19.66285	6.0	0.015944999999999997	2.641699	4.0	33.952583000000004	2.1788830000000003	2.0	60.787656999999996	22.493043	1.0	47.651968
7212.0	3.0	44.498738	2.984098	36.215302	98.55828100000001	0.53895	0.800958	0.862949	0.647374	56.792308999999996	5.0	85.414247	2.628692	4.0	0.026963	11.260381	1.0	74.841684	23.744573000000003	4.0	18.317841	60.841442	4.0	0.068564	2.016209	3.0	13.810493	4.728464	5.0	25.165967000000002	0.9642280000000001	5.0	90.913572
7297.0	3.0	28.234161	20.30521	68.23744	72.65581	0.751888	0.9019229999999999	0.8628979999999999	0.9997510000000001	16.486213	3.0	53.701851	17.76289	2.0	0.012858000000000001	10.916604	6.0	82.363652	8.265659	4.0	90.43825	57.385768999999996	5.0	0.015248	1.188978	3.0	15.562394	2.554547	4.0	78.192982	8.898612	1.0	9.708747
7325.0	3.0	39.312003999999995	3.1821900000000003	1.6849169999999998	59.675844	0.7090420000000001	0.216131	0.102247	0.345168	19.870321	2.0	47.940113000000004	21.880085	5.0	0.17810499999999999	6.901157	3.0	73.945365	14.727357000000001	3.0	57.629870999999994	33.430144	3.0	0.068502	3.036098	6.0	13.725519	5.401785	4.0	30.819946999999996	1.402847	3.0	13.822052
7343.0	3.0	45.807638	8.168909	75.446292	21.874523999999997	0.9941690000000001	0.348718	0.46089399999999997	0.466228	5.6117099999999995	5.0	18.232665	4.366804	1.0	0.019622999999999998	14.646647	2.0	80.862493	5.855974	1.0	92.214109	38.162238	1.0	0.011288	0.168278	6.0	94.587681	2.335211	4.0	73.696249	7.720341	2.0	58.698240000000006
7495.0	3.0	53.009854000000004	5.988341	59.740486	52.395483	0.781283	0.580435	0.724187	0.391467	45.89921	4.0	95.33449499999999	2.261285	6.0	0.035338	8.187947	1.0	34.641482	24.586183	5.0	68.247582	51.926428	5.0	0.014495	4.045039	6.0	66.156819	0.943825	4.0	12.529208	13.779325	2.0	65.147539
7538.0	3.0	9.521308	6.414558	23.479535000000002	65.807846	0.847933	0.937858	0.49828	0.10308800000000001	1.91808	4.0	66.832227	19.36615	1.0	0.011269	3.1013290000000002	4.0	92.095975	23.209538000000002	1.0	21.29531	64.080955	1.0	0.016357	4.313695	5.0	72.24979599999999	2.028849	5.0	74.62589100000001	0.28506	5.0	81.779189
7806.0	3.0	60.838713	23.273935	47.197767999999996	23.525117	0.7007399999999999	0.961087	0.597642	0.167094	19.301042000000002	5.0	75.55706500000001	6.885736	3.0	0.026195	2.5197380000000003	6.0	92.24130699999999	5.619208	1.0	92.217945	61.354779	3.0	0.010722	3.9454569999999998	2.0	95.51763299999999	3.20477	3.0	85.125676	11.298311	2.0	79.994299
8004.0	3.0	66.323642	11.929631	69.56123199999999	44.986695000000005	0.93505	0.833282	0.31749499999999997	0.5617840000000001	22.7579	2.0	54.420289000000004	12.450001	2.0	0.015326	8.0776	6.0	92.47282299999999	21.757816000000002	2.0	69.14972	58.290803000000004	3.0	0.022169	3.448748	1.0	43.344953000000004	1.821223	1.0	39.417663	8.391963	2.0	56.647988
8029.0	3.0	31.531496	5.991014	63.914508999999995	37.253797	0.8543229999999999	0.364162	0.669992	0.44632700000000003	12.69942	3.0	84.6532	4.306044	3.0	0.137994	3.4771650000000003	1.0	73.853308	17.280704999999998	6.0	69.266138	56.54122099999999	1.0	0.013848	5.425259	5.0	34.861921	1.411149	4.0	34.308820000000004	0.29628499999999997	6.0	76.757411
8215.0	3.0	25.014025	11.216092	74.825897	66.28359499999999	0.726052	0.369544	0.506084	0.403064	77.708334	6.0	10.205671	20.795464000000003	3.0	0.022507	8.440546000000001	2.0	95.999534	19.188747	5.0	76.246133	38.558409999999995	2.0	0.01747	3.936866	3.0	26.280245	4.437911	1.0	61.224361	1.503981	5.0	70.454674
8217.0	3.0	99.494405	5.050114	13.673929999999999	80.46749799999999	0.9922489999999999	0.38445	0.431105	0.23786500000000002	68.87635999999999	1.0	65.797145	20.23445	5.0	0.015038999999999999	7.07953	4.0	41.323419	17.968232	4.0	78.762456	68.960321	3.0	0.013494999999999998	2.8186970000000002	5.0	17.677246	1.7276220000000002	1.0	37.656052	14.039635	4.0	95.766132
8359.0	3.0	82.82466	14.841791	21.547162	31.637677000000004	0.798674	0.795339	0.157614	0.527089	28.503436999999998	3.0	74.580463	15.788326000000001	6.0	0.10996199999999999	4.990379	3.0	68.22018299999999	1.068768	4.0	66.181256	10.187314	2.0	0.015472999999999999	1.887775	2.0	7.0345949999999995	5.898934	2.0	98.001683	14.883217000000002	1.0	84.504549
8369.0	3.0	42.392288	3.737335	11.424902000000001	92.386708	0.391667	0.5452359999999999	0.970833	0.7742829999999999	5.760749	4.0	43.699989	8.296647	3.0	0.019347	13.852433999999999	6.0	85.391755	11.978812	5.0	77.56625799999999	5.303831	1.0	0.649591	5.043912000000001	3.0	13.513473999999999	4.755835	4.0	85.121565	15.854234	5.0	4.960413
8376.0	3.0	18.245221	39.932316	17.819403	12.925658	0.8860309999999999	0.5378149999999999	0.478933	0.145488	33.006723	3.0	68.994782	19.073458	6.0	0.017397	14.957282999999999	3.0	17.828685	18.016984	1.0	30.348352000000002	65.03118	3.0	0.014707	2.913774	5.0	72.68973000000001	1.6523130000000001	1.0	92.058723	1.489873	4.0	29.546089000000002
8430.0	3.0	31.115344	11.309953	29.958699	55.092704000000005	0.79689	0.645667	0.186664	0.425533	40.113831	1.0	89.064871	22.38051	6.0	0.015441999999999999	3.992553	4.0	45.003631	25.109607999999998	2.0	78.388102	23.233926	6.0	0.010731999999999998	0.724162	6.0	48.730761	3.884935	1.0	71.918654	16.765647	3.0	3.5712230000000003
8442.0	3.0	25.447135	17.655115	76.825819	24.113324	0.33156599999999997	0.899388	0.46403500000000003	0.148787	38.200121	4.0	99.30575400000001	11.579646	3.0	0.031287	8.177042	4.0	36.592115	11.915577	5.0	84.473333	9.241958	3.0	0.098357	1.001508	5.0	99.892586	1.461389	6.0	95.857842	0.487317	6.0	94.88689000000001
8444.0	3.0	39.738471999999994	25.629994	40.200862	95.319351	0.560823	0.751099	0.118522	0.327807	34.963747999999995	5.0	26.019220999999998	2.02048	5.0	0.040442	17.032948	3.0	92.481502	21.031057	6.0	91.758751	36.055889	3.0	0.053954999999999996	4.467901	5.0	48.980881	3.9423779999999997	2.0	52.206744	2.204744	6.0	40.449642
8501.0	3.0	22.470228	67.49793299999999	35.458807	98.29549300000001	0.852326	0.215048	0.730238	0.120209	51.894067	1.0	39.086042	11.384564	4.0	0.010754999999999999	3.4215739999999997	6.0	52.728685999999996	20.121128	5.0	85.100818	21.975488000000002	4.0	0.07562	4.644186	4.0	96.031634	0.89961	6.0	40.083031	4.118905000000001	6.0	4.425153
8516.0	3.0	23.212832000000002	6.948931	77.457637	73.975601	0.207242	0.441629	0.8911680000000001	0.433155	58.390570999999994	1.0	94.460245	1.786507	4.0	0.011011	11.596953	6.0	34.251829	17.847265	3.0	62.089254000000004	76.47760600000001	6.0	0.025455000000000002	0.582471	4.0	57.769087	0.467257	3.0	25.684663	20.925051	2.0	50.579793
8518.0	3.0	23.138733	14.233099	71.101438	20.773049	0.912374	0.678198	0.33314299999999997	0.208923	8.298041	3.0	47.308608	20.980106	2.0	0.191692	5.668132	2.0	13.694532	16.5669	3.0	90.04207199999999	28.591753000000004	4.0	0.029195999999999996	4.809889	4.0	23.946818	5.860844999999999	3.0	5.969112	6.43944	4.0	39.153886
8552.0	3.0	95.38408299999999	3.8502339999999995	15.614865	50.107633	0.948076	0.9864850000000001	0.606988	0.709581	55.918284	3.0	91.513584	23.805432	4.0	0.045015	18.565652	5.0	81.98778399999999	10.28855	1.0	64.09761	47.869184000000004	4.0	0.044476999999999996	3.9502800000000002	4.0	34.408498	0.064703	3.0	81.412088	19.501808999999998	3.0	74.83157
8615.0	3.0	23.85605	26.703948999999998	43.823440999999995	93.915591	0.9582139999999999	0.630097	0.6671590000000001	0.226413	43.803601	4.0	42.026284999999994	11.751935000000001	1.0	0.010759999999999999	12.837185	6.0	38.64513	24.7768	6.0	13.406917000000002	75.666776	3.0	0.01612	2.16076	5.0	97.546428	3.9953589999999997	3.0	52.563875	4.151981	6.0	94.771232
8712.0	3.0	5.553806	43.209421	13.535067999999999	82.062391	0.912781	0.671607	0.596256	0.204945	34.117235	5.0	69.536924	1.594486	6.0	0.45742	10.938402	6.0	64.015613	21.421127	5.0	19.850304	72.635125	6.0	0.027462	3.032739	3.0	91.226451	0.646989	4.0	31.730714000000003	6.848910000000001	6.0	16.576047
8766.0	3.0	96.048071	8.336704	90.147725	12.759139999999999	0.967359	0.88544	0.45679200000000003	0.988873	4.471134999999999	3.0	67.903633	6.389443	3.0	0.056186	12.303554	2.0	67.230586	13.527401999999999	6.0	27.714987	10.90975	4.0	0.022305000000000002	5.326567	2.0	87.561778	4.722082	3.0	41.529496	7.5589960000000005	6.0	84.428751
8789.0	3.0	19.48593	28.795559	29.046753999999996	93.62416400000001	0.785363	0.972615	0.77762	0.6792199999999999	54.41239	1.0	26.058579	16.274670999999998	5.0	0.021312	6.31747	5.0	94.907129	9.728289	3.0	85.206294	47.738914	5.0	0.223842	1.7782799999999999	3.0	69.550504	4.274287	3.0	93.09804	13.188882000000001	6.0	47.447344
9160.0	3.0	59.549709	1.7448110000000001	64.52936600000001	52.977215	0.990665	0.30389299999999997	0.748794	0.476034	3.133637	6.0	85.090533	2.762969	2.0	0.019743	9.608073	5.0	24.986123000000003	17.28904	6.0	39.940785	53.725841	4.0	0.013627	1.968275	1.0	5.275458	5.336606	1.0	32.155794	18.590663	5.0	50.277159999999995
9255.0	3.0	57.489299	27.854108	3.913017	90.438867	0.333355	0.789883	0.47683100000000006	0.203405	46.8303	5.0	24.829685	17.255337	2.0	0.050977999999999996	13.842456	2.0	51.773906	14.281573999999999	3.0	77.31636999999999	71.07253100000001	6.0	0.014718	5.868983	1.0	46.796794	1.008381	5.0	50.015693	3.6381010000000003	4.0	23.385089
9495.0	3.0	34.585088	11.720405	27.240237	94.080974	0.247236	0.9577260000000001	0.5401189999999999	0.31129	7.149972999999999	3.0	56.331340000000004	2.3465119999999997	5.0	0.013416999999999998	12.673134	2.0	69.640374	25.158915	5.0	18.371887	1.616741	6.0	0.03535	4.252063	3.0	64.209523	3.324153	5.0	26.568621999999998	24.579259	1.0	74.872469
9645.0	3.0	38.607874	11.410606	51.374199	74.652967	0.444557	0.52996	0.732838	0.8828239999999999	42.12243	1.0	64.010485	12.988287	2.0	0.01948	10.340859	3.0	75.991663	12.075694	3.0	42.096703000000005	15.712339000000002	6.0	0.048928	5.431895	4.0	10.857541000000001	5.245495	4.0	27.771596999999996	13.388205	6.0	48.297706
9654.0	3.0	3.0950830000000003	86.246565	32.090628	68.312599	0.5873550000000001	0.6753359999999999	0.742696	0.22613699999999998	37.835747999999995	6.0	58.64610699999999	21.484292	5.0	0.011196	18.500076	4.0	59.839698999999996	4.010742	5.0	38.300431	56.662465000000005	3.0	0.022738	4.634032	5.0	54.294965000000005	0.23563800000000001	6.0	10.569611	17.429044	2.0	19.711029999999997
9671.0	3.0	71.377022	3.804061	26.335790000000003	91.125489	0.668617	0.6754439999999999	0.773782	0.493529	62.562957	6.0	81.76394499999999	5.702469000000001	4.0	0.015544999999999998	1.9386990000000002	6.0	92.314875	9.422124	6.0	24.850107	26.51424	6.0	0.022118000000000002	0.204123	3.0	52.207714	4.582096	3.0	85.903774	24.70598	4.0	31.559777
9774.0	3.0	83.791512	9.479521	42.456226	15.78716	0.9991260000000001	0.507921	0.5997859999999999	0.499507	22.640839	1.0	65.11575500000001	7.7329039999999996	1.0	0.018586000000000002	7.569545	3.0	93.160063	12.670489	4.0	55.12723100000001	45.528008	3.0	0.359962	0.150107	5.0	51.876329	3.789257	1.0	99.062895	6.145067	4.0	56.728635
9856.0	3.0	76.18957900000001	2.483381	30.163202000000002	86.299832	0.5634680000000001	0.904694	0.6449	0.131098	17.489766	4.0	1.0265360000000001	6.099811	3.0	0.012990999999999999	11.373377	4.0	15.433623	19.508336	2.0	26.794717	13.519853	2.0	0.011881999999999998	1.089209	5.0	90.358114	2.570086	2.0	67.95260400000001	2.884382	2.0	68.85466600000001
9973.0	3.0	62.013201	4.119462	24.409155	86.831677	0.6042770000000001	0.137594	0.282172	0.9827670000000001	74.969151	3.0	8.120594	5.6714080000000004	5.0	0.016203	16.111928	4.0	57.550272	7.146616000000001	6.0	80.953683	55.094103000000004	6.0	0.010149	0.078328	4.0	74.22249000000001	4.442373	1.0	33.944195	18.273309	4.0	58.993605
9978.0	3.0	13.973447	4.578298	33.354213	8.459361	0.296993	0.290961	0.982657	0.22173	9.779557	3.0	41.235157	15.192147	4.0	0.030654	12.033438	2.0	90.00989399999999	17.403734	6.0	51.70391	4.536224	5.0	0.011258	2.739839	4.0	47.033857	0.175922	1.0	27.297102000000002	18.13728	3.0	3.242387
51.0	3.0	47.34178	8.314957000000001	40.916422999999995	16.493470000000002	0.788748	0.485092	0.715767	0.578221	10.789903	5.0	30.793843	7.450234	1.0	0.011432	12.376002	5.0	79.308014	2.166012	2.0	48.414702	53.905614	2.0	0.057291999999999996	2.071609	1.0	9.255521	2.917859	3.0	81.723157	2.132482	5.0	5.702742
164.0	3.0	4.2160150000000005	8.071407	41.358526	68.027426	0.17793599999999998	0.783913	0.811154	0.22743899999999997	50.962396000000005	6.0	89.5721	3.683323	6.0	0.011039	2.24566	2.0	28.112269	2.4945150000000003	3.0	5.5137849999999995	73.662699	3.0	0.010806	4.76609	6.0	48.979112	0.40925100000000003	5.0	66.846981	3.8582059999999996	2.0	59.503932999999996
261.0	3.0	79.652688	6.343938	17.414851000000002	76.58546	0.709472	0.290738	0.30380799999999997	0.673971	23.427960000000002	3.0	74.22614499999999	19.917053	6.0	0.047964	16.170282999999998	4.0	74.695151	6.261785	6.0	36.243477	77.827625	5.0	0.030088999999999998	5.8232669999999995	4.0	96.43123	2.997314	5.0	80.744134	12.039989	3.0	69.335977
270.0	3.0	64.715104	20.767178	25.223052	30.443559999999998	0.17794300000000002	0.7548739999999999	0.476836	0.14133800000000002	69.922718	4.0	93.571445	3.8633949999999997	2.0	0.011866	16.031142000000003	4.0	14.968329999999998	15.425578	3.0	91.42394200000001	35.070381	2.0	0.20745100000000002	4.669497	5.0	82.713471	4.516079	1.0	66.51048399999999	7.26505	5.0	49.627352
307.0	3.0	60.085402	14.177172	22.021582000000002	81.769785	0.980248	0.598001	0.443859	0.9973040000000001	74.051601	3.0	19.255218	6.34386	1.0	0.014563	12.786064999999999	5.0	33.269055	4.4850330000000005	5.0	32.959956	12.616226	2.0	0.099768	4.058927	5.0	42.466029	3.4651690000000004	1.0	62.84341800000001	3.8980660000000005	4.0	16.615181
387.0	3.0	12.15216	57.82540600000001	17.466853	87.83816	0.809038	0.9674	0.4556	0.609152	16.560571	6.0	15.016119	19.575603	5.0	0.011304999999999999	15.547922	4.0	23.787175	21.8183	3.0	24.043694	12.756917	3.0	0.011256	2.6210299999999997	1.0	62.047656	4.058609	5.0	38.795093	0.8754430000000001	4.0	79.653658
443.0	3.0	85.922877	13.281089999999999	85.135451	80.298803	0.920933	0.595342	0.940732	0.556479	35.525135999999996	2.0	42.788381	16.941129	4.0	0.013103	8.037561	2.0	52.469643000000005	21.699357	4.0	72.361654	59.979625	6.0	0.015478	5.514826	5.0	29.593768	2.6942060000000003	4.0	49.007729	22.20044	6.0	62.290103
494.0	3.0	6.2034720000000005	84.78029699999999	25.235879	89.084245	0.8009729999999999	0.964082	0.369648	0.354079	46.271824	4.0	23.24823	13.626792000000002	3.0	0.013243000000000001	17.207687	1.0	91.8014	23.221937	6.0	66.146011	6.998595	3.0	0.012024	0.176895	5.0	50.363601	4.938108000000001	2.0	64.193	14.824675	4.0	30.475888
501.0	3.0	90.281185	13.489835000000001	27.515106	81.867412	0.972168	0.97141	0.37971900000000003	0.65161	26.483864	4.0	70.3004	25.111615	5.0	0.255577	2.802458	5.0	8.642437	3.9084849999999998	4.0	33.395482	14.993816	2.0	0.011904999999999999	3.057687	4.0	5.11903	4.595541000000001	5.0	8.48881	14.368501	3.0	8.867677
502.0	3.0	18.994723	3.381175	30.658256	16.256317000000003	0.254943	0.706782	0.516691	0.239015	25.110160999999998	1.0	74.33189399999999	19.055842000000002	4.0	0.022413	7.955974	5.0	84.0447	15.310861	1.0	50.944777	35.479128	5.0	0.013994	2.654243	3.0	24.225829	3.5603059999999997	6.0	18.390468	16.652739	3.0	66.222589
715.0	3.0	92.161598	7.437533	48.131014	33.082840999999995	0.694351	0.45173	0.624274	0.327726	4.432442	3.0	51.621772	17.278316	2.0	0.014419999999999999	15.490238	5.0	42.100136	19.325885999999997	3.0	97.618145	46.851452	1.0	0.010990999999999999	1.532929	6.0	41.238168	4.653588	2.0	57.856556000000005	1.9390919999999998	4.0	49.544073
819.0	3.0	49.216590000000004	12.678887	3.019502	64.734351	0.12024000000000001	0.536467	0.5473520000000001	0.324911	72.022839	4.0	66.279028	24.640795999999998	2.0	0.025252	9.875271000000001	4.0	95.82188599999999	9.143075	4.0	3.830936	13.849070999999999	5.0	0.010704	0.769216	6.0	87.800772	3.395029	2.0	62.984421999999995	24.749668	5.0	44.381167
827.0	3.0	5.657129	67.189823	68.838225	5.396775	0.672754	0.522113	0.831075	0.151862	7.272492	2.0	73.853678	3.155599	6.0	0.011584	13.625556	3.0	36.154977	18.214699	1.0	14.759711	61.533648	2.0	0.025237	5.072881	6.0	15.441010999999998	5.592708999999999	3.0	76.56423199999999	11.012088	2.0	73.800208
829.0	3.0	29.048426	7.12925	51.580298	34.591012	0.725424	0.564576	0.241696	0.6137279999999999	45.802242	2.0	66.51841800000001	3.8569660000000003	4.0	0.012526	1.431775	3.0	62.260872	7.315416	2.0	54.03669300000001	38.180225	1.0	0.010874	3.8299730000000003	6.0	85.354908	2.457237	6.0	84.246639	24.108262	3.0	91.92285799999999
915.0	3.0	62.83811899999999	20.442724	12.025214	45.990671999999996	0.649658	0.9547540000000001	0.8732469999999999	0.540887	25.809476999999998	4.0	96.175673	0.5829310000000001	3.0	0.023893	13.661589999999999	5.0	59.923917	5.125522	5.0	36.587858000000004	48.819808	6.0	0.014055000000000002	5.412512	1.0	17.95956	0.20827800000000002	2.0	38.270501	14.251775	2.0	20.639960000000002
986.0	3.0	56.890985	3.850601	80.165603	96.48548199999999	0.316776	0.688859	0.803822	0.18165499999999998	34.358033	6.0	60.904252	18.963658	2.0	0.013721	17.321969	5.0	5.517869999999999	21.863769	6.0	4.370964	11.917676	2.0	0.024995	4.821607	6.0	90.065564	5.116078	3.0	2.79543	22.401089000000002	6.0	36.980391
1018.0	3.0	39.091403	13.345544	45.873984	63.659801	0.5952149999999999	0.948166	0.48480100000000004	0.421666	19.939424	6.0	90.776801	2.014295	4.0	0.017138999999999998	1.232364	2.0	74.599716	21.828856	1.0	87.22648199999999	57.204815	6.0	0.030135000000000002	2.409798	3.0	76.942143	4.311872	4.0	59.990951	21.547877	3.0	26.046454
1112.0	3.0	7.039523	77.683801	76.089993	88.429806	0.964326	0.309223	0.7288859999999999	0.517764	23.67148	2.0	73.703979	21.325377	5.0	0.053480999999999994	12.008113999999999	5.0	36.411242	0.788435	2.0	72.100037	73.582528	1.0	0.030952999999999998	3.6206480000000005	6.0	97.709366	3.187031	3.0	80.57946899999999	2.908019	6.0	10.338861
1113.0	3.0	41.737372	5.4263	87.12626	94.754586	0.450945	0.9506979999999999	0.355091	0.8646870000000001	5.25484	6.0	15.704103	16.505603	1.0	0.08857999999999999	12.358019	6.0	76.489799	12.395708	3.0	53.768761	17.700235	5.0	0.020095	5.340394	4.0	52.52446	1.635758	6.0	25.933742000000002	3.9969629999999996	6.0	19.098038
1198.0	3.0	81.798363	9.403868	61.697715	90.328582	0.318941	0.713819	0.549715	0.915623	15.726733	3.0	83.438098	4.177308999999999	4.0	0.011943	8.796831	6.0	81.11169699999999	20.563135	4.0	37.228609000000006	9.393137	5.0	0.017796	5.386068	6.0	10.64003	3.3139510000000003	2.0	60.240023	24.41765	3.0	78.764588
1221.0	3.0	7.113275999999999	21.405898999999998	48.016464	22.089419	0.67087	0.7521399999999999	0.861958	0.46786300000000003	60.533494	1.0	31.246256	5.465126000000001	2.0	0.010754000000000001	3.192286	5.0	88.65383800000001	21.130495	3.0	22.582652	53.449298	2.0	0.010137	5.337418	6.0	84.926808	0.31106999999999996	6.0	33.271027000000004	15.290756	4.0	91.52609
1275.0	3.0	24.743165	12.388411999999999	77.254522	32.780229	0.190472	0.576391	0.694361	0.22801300000000002	9.995332000000001	6.0	37.117422999999995	9.393222	3.0	0.018303	15.049930999999999	4.0	50.315982	20.432392999999998	6.0	24.386210000000002	62.46193100000001	4.0	0.029986000000000002	2.167891	6.0	95.24256700000001	0.606011	6.0	95.485407	15.536783999999999	2.0	97.747059
1279.0	3.0	67.834018	21.120309	47.255604	32.310709	0.196225	0.886598	0.145803	0.28975500000000004	18.811704000000002	4.0	97.528087	18.881577	2.0	0.021249	11.452999	3.0	14.349644	13.709925	2.0	21.494975	18.801896	3.0	0.015033000000000001	3.007621	5.0	78.084477	1.977265	4.0	82.93001	13.799971	6.0	1.832359
1656.0	3.0	25.172036	1.823289	21.978714	54.319509	0.8662540000000001	0.791998	0.279152	0.517544	49.405704	6.0	2.500285	8.234308	6.0	0.011271999999999999	1.296751	2.0	74.236098	5.078175	6.0	59.913594999999994	20.991848	4.0	0.028546	0.392289	3.0	98.590866	5.754472	3.0	1.8947450000000001	10.685283	3.0	96.16486
1687.0	3.0	3.80735	95.674008	11.370994999999999	5.498398	0.373763	0.787691	0.301965	0.11284300000000001	54.741925	6.0	52.665886	11.162163	2.0	0.011831999999999999	12.721452000000001	1.0	78.680384	1.956184	2.0	84.08345200000001	51.23165	3.0	0.028068	4.543998	5.0	85.716528	0.599629	3.0	58.786343	5.004951999999999	3.0	74.11773199999999
1782.0	3.0	49.199911	6.123202	21.598694000000002	61.582671999999995	0.676746	0.710498	0.8921129999999999	0.26770700000000003	11.726111999999999	2.0	78.580453	5.640031	3.0	0.016076	10.093411	3.0	24.495839	5.477791000000001	3.0	88.91855	30.461071	1.0	0.010247	3.964208	3.0	78.84636	4.934812	6.0	75.809612	15.546276	5.0	49.262244
1802.0	3.0	99.089191	19.273112	67.12406700000001	85.99686700000001	0.420105	0.8470200000000001	0.7691680000000001	0.511675	12.735109	5.0	25.309009	12.568997999999999	2.0	0.282154	1.354177	1.0	74.63323199999999	7.527781	5.0	41.035135	11.801291	1.0	0.054686	4.474928	1.0	8.069792	3.6931160000000003	6.0	77.29037	0.66728	3.0	85.566802
1873.0	3.0	62.388643	7.500559	34.163074	99.393728	0.623529	0.675141	0.8375950000000001	0.23755	45.861661	4.0	41.371486	4.877773	1.0	0.019249000000000002	15.251437	3.0	33.127179999999996	20.781786	5.0	63.09333	39.330138	5.0	0.09146699999999999	3.85008	4.0	50.088499	1.8033290000000002	4.0	10.727894000000001	11.564132	6.0	9.188678
2007.0	3.0	37.668279	2.896635	70.7043	96.97205	0.9919979999999999	0.193279	0.474578	0.49413199999999996	34.059571999999996	1.0	63.64094300000001	17.898369	6.0	0.013413999999999999	2.722284	6.0	60.821966	16.206630999999998	6.0	92.02032700000001	60.705498999999996	6.0	0.010017	5.670157	5.0	85.572542	4.187099	2.0	61.036999	23.749604	1.0	49.098079999999996
2149.0	3.0	22.068315	14.829779	55.11098199999999	7.269011999999999	0.687671	0.679716	0.610254	0.720232	17.302626	6.0	81.476945	3.457649	6.0	0.010392	2.840919	3.0	73.856677	6.360392	5.0	55.329311	18.499654	1.0	0.013502000000000002	5.700101	5.0	9.263599000000001	0.59242	5.0	89.196021	0.728865	5.0	32.580694
2174.0	3.0	38.190155	20.139311	55.226078	65.852147	0.781115	0.959507	0.7371270000000001	0.25609499999999996	8.130417	4.0	71.328618	10.649067	2.0	0.028258999999999996	13.021495	3.0	61.034318000000006	16.953879	4.0	98.317945	37.631499	4.0	0.010758	3.3066129999999996	4.0	73.109431	3.215663	4.0	65.879592	3.060737	3.0	36.215374
2180.0	3.0	49.129042	5.73615	22.039123	83.319213	0.312263	0.390246	0.991758	0.52165	15.46982	4.0	90.95848000000001	1.370534	1.0	0.011136	10.086815	1.0	16.045663	15.535517	6.0	36.184199	35.864477	1.0	0.22163899999999997	0.277825	2.0	3.8431919999999997	2.709495	5.0	92.93004	14.368507999999999	2.0	4.860314
2309.0	3.0	85.38292	5.861223000000001	60.790493999999995	81.817094	0.501416	0.26931	0.564166	0.556602	29.350254	4.0	60.073842000000006	18.179585999999997	5.0	0.028638	9.510116	2.0	81.29715999999999	9.270558	3.0	55.200753000000006	61.780174	4.0	0.010652	2.499998	5.0	62.877761	2.182077	1.0	92.803609	12.11153	2.0	33.172979999999995
2343.0	3.0	28.213711	13.824639999999999	74.05724599999999	24.758019	0.721437	0.37561700000000003	0.785076	0.6668229999999999	41.970005	4.0	78.090565	7.300944	1.0	0.016202	9.293252	4.0	35.510894	15.773515	2.0	17.316019	44.570791	5.0	0.011221	4.3685279999999995	5.0	68.436196	2.00267	4.0	2.401677	6.822367999999999	6.0	5.991621
2385.0	3.0	7.581907000000001	19.067989	45.989676	68.972487	0.9852360000000001	0.337462	0.7330770000000001	0.43640200000000007	23.577092	5.0	24.546464999999998	3.108095	2.0	0.025882	16.734201000000002	3.0	85.889607	4.118967	6.0	96.117024	3.5909190000000004	5.0	0.04865	5.886093	4.0	59.082694999999994	1.854216	3.0	69.490938	10.861464999999999	4.0	98.31694
2482.0	3.0	45.113432	5.916315	3.7567269999999997	22.066348	0.7299329999999999	0.789329	0.438075	0.292799	5.761879	5.0	44.756133	1.683693	5.0	0.162908	7.441922	2.0	51.603904	2.213283	5.0	19.611275	44.84453	1.0	0.01444	2.095589	3.0	17.183125	1.9519259999999998	4.0	46.557251	19.664414999999998	2.0	1.740143
2486.0	3.0	30.758088	39.965523	83.448126	16.055961	0.44734399999999996	0.933574	0.926175	0.41138500000000006	38.694585	3.0	52.216881	16.126126	6.0	0.029954	15.783427	1.0	77.89089799999999	24.796017000000003	1.0	54.242576	70.61077399999999	3.0	0.021994999999999997	4.292377	6.0	52.663986	0.14565999999999998	3.0	35.907231	16.999249	4.0	30.494161
2710.0	3.0	39.610656	15.399314000000002	27.543252000000003	60.255455000000005	0.9659559999999999	0.909693	0.638813	0.51617	7.9910429999999995	3.0	26.381306	18.339626000000003	6.0	0.021223	11.513373	5.0	93.813028	12.046239	4.0	51.561156	33.577037	2.0	0.026238	0.105215	1.0	86.463531	1.534726	4.0	58.384426	22.857398999999997	1.0	97.105535
2728.0	3.0	19.579606	23.814482	54.635597	35.722592999999996	0.560192	0.919149	0.760917	0.47897700000000004	13.753535999999999	4.0	39.967746000000005	18.207058	2.0	0.034157	15.600853	1.0	32.96812	23.872732	1.0	78.494037	25.378413000000002	6.0	0.085963	2.715881	5.0	17.865173000000002	3.130974	1.0	64.363457	22.260339000000002	1.0	63.950864
2734.0	3.0	72.796	8.093128	45.68489	89.008441	0.40701	0.326743	0.223504	0.18498599999999998	32.063387	6.0	55.426114	11.47719	5.0	0.023083000000000003	14.379494000000001	6.0	49.326817999999996	12.566175999999999	6.0	92.530178	45.211382	5.0	0.025767	3.199489	4.0	95.174145	1.536841	5.0	82.530625	22.331765	2.0	55.087655000000005
2756.0	3.0	63.443247	8.27834	58.213437	10.274472	0.337958	0.48830100000000004	0.807042	0.524555	40.233334	3.0	74.170316	7.408492999999999	3.0	0.013256	4.538808	5.0	71.873473	2.741119	2.0	15.321044	30.842113	1.0	0.031886000000000005	1.592257	2.0	73.31465	4.937479	1.0	98.588264	10.608407000000001	3.0	73.66176
2914.0	3.0	91.34524300000001	14.051248999999999	78.894947	92.292115	0.7124729999999999	0.8557309999999999	0.136434	0.839499	27.208214	4.0	41.015947	7.449403	1.0	0.083262	9.164383	6.0	66.485619	23.61894	4.0	15.026844	1.635921	3.0	0.138784	3.757342	5.0	85.546102	1.891109	5.0	89.21167700000001	5.314716000000001	6.0	51.623235
2972.0	3.0	51.936768	4.7105440000000005	45.074148	52.483698	0.14035799999999998	0.676074	0.597617	0.928688	78.464792	3.0	87.650777	1.997859	5.0	0.037308999999999995	3.591525	5.0	33.677309	24.841333	5.0	97.495077	63.049875	6.0	0.016354	3.400772	2.0	53.775447	4.086396	5.0	17.173053	1.8857270000000002	4.0	25.881908
3091.0	3.0	51.63929	5.024878	35.251146999999996	91.575108	0.24597199999999997	0.6521399999999999	0.471317	0.373361	74.715868	3.0	92.760855	12.974049	6.0	0.010511	17.048536	6.0	51.849571000000005	9.569633999999999	6.0	16.948182	76.56898000000001	4.0	0.013788	2.772743	4.0	88.00344399999999	4.546998	3.0	77.684926	0.781385	6.0	94.05503
3164.0	3.0	50.038489	15.137312	60.546059	28.388310999999998	0.32618400000000003	0.701859	0.416109	0.5858939999999999	6.62447	6.0	87.68514300000001	23.517441	6.0	0.012125	11.209872	4.0	14.767522	15.532488	3.0	97.611039	76.013279	3.0	0.013757	5.30909	6.0	73.862542	2.535411	1.0	57.27659499999999	18.424904	6.0	77.18865799999999
3298.0	3.0	43.875516	2.146538	31.773961	36.611325	0.525667	0.165801	0.798024	0.172551	30.716459000000004	6.0	91.949197	17.294541	5.0	0.195009	16.069482	3.0	26.230133000000002	15.264083	5.0	31.177589	71.95910500000001	1.0	0.011414	0.4291	1.0	62.529714	4.679341	6.0	48.047201	0.44854700000000003	4.0	69.89049200000001
3311.0	3.0	56.845546	7.927967999999999	72.53720799999999	76.08133199999999	0.7309140000000001	0.7192390000000001	0.575596	0.56008	7.7151369999999995	5.0	48.666816	1.8359400000000001	3.0	0.029973000000000003	3.825018	4.0	98.153248	10.572726	5.0	82.554919	13.775720000000002	3.0	0.031876	2.316857	1.0	41.165007	1.506162	4.0	96.579722	4.338128	5.0	6.737603
3435.0	3.0	75.861522	9.142288	24.357606	6.667569	0.8816620000000001	0.678162	0.641606	0.401725	10.591607000000002	6.0	44.252607	2.729653	1.0	0.123168	9.419678999999999	1.0	38.453757	8.361164	3.0	87.427247	47.311623	3.0	0.022522	5.355375	2.0	9.467077	3.3526589999999996	5.0	97.360394	6.098993	4.0	57.277426
3450.0	3.0	34.065377000000005	32.664395	2.218642	75.882327	0.7728619999999999	0.81183	0.9095700000000001	0.17382999999999998	67.11624599999999	6.0	78.4224	13.598606	5.0	0.012654	2.6570810000000002	4.0	31.628952	1.40645	4.0	69.374251	67.571823	2.0	0.019234	0.756899	6.0	24.131324	3.026049	6.0	2.779255	20.466997	6.0	22.009326
3498.0	3.0	23.87033	13.368148000000001	51.563093	83.7069	0.314921	0.620703	0.847867	0.9644149999999999	21.083785	3.0	33.421884999999996	14.549072	2.0	0.039823000000000004	12.671965	6.0	11.406378	12.678035000000001	5.0	86.409256	52.770492000000004	4.0	0.042432	4.292991000000001	2.0	89.710109	5.441747	5.0	7.488513	5.018726	1.0	65.096666
3612.0	3.0	95.656462	2.6516189999999997	66.566903	30.495966999999997	0.632541	0.318803	0.849102	0.262504	54.386182	4.0	57.704674	18.706871	2.0	0.012292	16.117245	5.0	55.991083999999994	6.129141000000001	6.0	79.268326	40.434353	5.0	0.017475	0.425159	4.0	76.46658199999999	1.092961	3.0	76.06258100000001	23.608797	6.0	72.375552
3689.0	3.0	67.297043	9.50132	8.718697	64.773112	0.432105	0.713741	0.9522010000000001	0.918326	78.339715	1.0	68.336001	1.753595	5.0	0.046196	13.989068	6.0	76.30070699999999	7.144211	3.0	75.641434	4.377914	1.0	0.068659	0.5040180000000001	6.0	40.335174	2.0229880000000002	1.0	29.531265	15.263160999999998	5.0	9.767071000000001
3741.0	3.0	77.847872	4.09437	85.534903	86.445931	0.923958	0.252569	0.15321500000000002	0.43629300000000004	61.534288000000004	1.0	87.702069	10.720944	6.0	0.010496	9.745928999999999	5.0	96.974211	18.232357999999998	4.0	16.12453	33.653898	3.0	0.028999	5.788994000000001	5.0	53.640969999999996	4.177948000000001	1.0	94.025693	22.664824	2.0	74.705127
3761.0	3.0	6.18274	7.158189	55.257169	80.013836	0.48722200000000004	0.5541050000000001	0.6686310000000001	0.575735	69.412695	6.0	69.682271	23.560354999999998	3.0	0.019043	18.42215	5.0	13.881302999999999	12.186923	1.0	34.7087	6.218858999999999	3.0	0.016375	5.573116000000001	5.0	91.065012	1.943136	1.0	65.58462800000001	2.602257	3.0	21.4632
3883.0	3.0	24.166114	22.602211999999998	45.053832	86.75173199999999	0.42973199999999995	0.8959159999999999	0.937241	0.321827	8.55061	6.0	55.74791	9.136367	5.0	0.043878	10.495275	2.0	90.573521	10.757045	2.0	21.574897	4.74946	4.0	0.013687000000000001	4.176279	1.0	61.741814	1.474277	3.0	50.667722999999995	3.00801	2.0	94.451247
3915.0	3.0	16.285189000000003	11.863937	20.089292999999998	90.19925	0.991266	0.657315	0.77413	0.775245	44.793708	2.0	8.908633	4.5975470000000005	4.0	0.016168000000000002	12.168144999999999	6.0	56.842597	18.568248	5.0	41.688401	47.888141999999995	2.0	0.012477	3.470481	3.0	73.843225	0.13239	6.0	87.011984	16.691285999999998	2.0	79.632002
3961.0	3.0	23.501089	39.271442	99.28714599999999	19.904529	0.808806	0.983935	0.664618	0.27416999999999997	45.636967	5.0	48.13584	21.07173	5.0	0.016234000000000002	14.671298	1.0	2.152085	24.728604	6.0	68.394959	24.329903	4.0	0.017991	0.112028	6.0	93.013081	3.15082	1.0	43.81407	4.658677	3.0	97.09385999999999
3969.0	3.0	96.62068599999999	14.756209	42.999241	72.04445600000001	0.9879100000000001	0.84364	0.282036	0.893083	17.610132999999998	6.0	20.4908	11.880821000000001	1.0	0.014874	6.523621	6.0	68.72544599999999	5.458913	6.0	97.387608	43.140066	5.0	0.04364	1.82624	4.0	49.536982	4.155408	6.0	36.834617	5.0344690000000005	2.0	99.535483
3986.0	3.0	23.640681	10.407501	85.905454	86.027061	0.9759899999999999	0.704804	0.605165	0.867292	13.556555	3.0	21.691696	18.237975	6.0	0.022068	7.006819	5.0	86.563193	22.345603	3.0	46.510008	2.0883990000000003	1.0	0.015347	4.771893	1.0	11.994522	3.7768349999999997	4.0	10.999833	25.002497	2.0	87.372732
4366.0	3.0	9.309534	5.465858	8.179014	63.558214	0.945835	0.321006	0.713997	0.387324	36.253177	2.0	89.092824	8.88515	4.0	0.018290999999999998	4.564495	1.0	62.351183	15.904865	5.0	88.83855600000001	52.648235	2.0	0.033604	5.076371	5.0	27.479635	4.576896	3.0	27.225921000000003	2.450717	5.0	30.940107
4423.0	3.0	32.286352	1.408866	38.226464	28.076717	0.8827229999999999	0.7424810000000001	0.8611989999999999	0.184148	8.43375	1.0	52.351271999999994	21.275725	2.0	0.026102999999999998	17.332812	2.0	28.529465000000002	13.093821	2.0	43.603288	21.023294	5.0	0.012327	2.5718080000000003	5.0	95.22391	5.652603	1.0	13.911104000000002	4.48458	6.0	99.661788
4719.0	3.0	92.10700899999999	5.1302449999999995	12.764107000000001	52.597342000000005	0.587238	0.26113200000000003	0.486932	0.34868899999999997	66.039113	6.0	61.187104000000005	4.700794999999999	4.0	0.014462000000000001	5.976861	1.0	40.507098	20.726260999999997	6.0	64.92504	75.411468	2.0	0.011626000000000001	1.323841	4.0	72.212166	1.9663689999999998	3.0	16.620655	1.653934	3.0	39.771904
4766.0	3.0	18.911763	6.671107000000001	34.340475	91.433462	0.445795	0.310284	0.482846	0.211358	16.217949	5.0	79.023081	19.959976	4.0	0.496457	13.554484	5.0	60.806952	12.018495	3.0	84.387817	69.118585	4.0	0.217677	1.756341	4.0	78.5735	2.390095	2.0	74.027991	18.253826999999998	2.0	80.813558
4893.0	3.0	50.439093	10.919242	7.567186	89.699409	0.631508	0.862044	0.48165600000000003	0.71845	4.402998999999999	6.0	90.990442	12.586082000000001	6.0	0.021618000000000002	8.508173	5.0	79.71628299999999	2.3487560000000003	6.0	68.682497	52.791676	3.0	0.011071	1.407435	3.0	86.529398	2.128113	6.0	69.162309	10.611539	5.0	99.945798
4922.0	3.0	29.182093	7.1360339999999995	18.89709	12.977886999999999	0.768859	0.6389670000000001	0.947951	0.448613	42.643767	5.0	33.479564	5.835267	2.0	0.08801	1.916363	1.0	4.806033	9.683501	2.0	16.08735	29.176099	1.0	0.010097	3.109742	2.0	11.513705	2.705988	5.0	7.503128	1.689013	6.0	62.261979000000004
4937.0	3.0	85.536015	16.617466	93.250865	11.688065	0.965198	0.8447100000000001	0.7625970000000001	0.172708	8.085571	6.0	86.78826600000001	12.265184	3.0	0.011284	15.684029	2.0	39.178829	9.17782	3.0	81.553846	32.615377	5.0	0.020794999999999998	4.794395	3.0	71.023328	3.167009	5.0	20.567872	11.151900999999999	2.0	31.558175
4954.0	3.0	76.731463	20.218203	83.687547	97.439586	0.795473	0.502881	0.5191979999999999	0.798481	58.702290000000005	6.0	50.273274	19.992028	3.0	0.082673	14.930916	3.0	68.22538399999999	20.712	6.0	16.600120999999998	25.443182999999998	6.0	0.010361	5.3570839999999995	2.0	63.666208999999995	5.564598	5.0	65.69994100000001	0.9133879999999999	3.0	62.02190600000001
4995.0	3.0	33.040112	20.196116	6.702603999999999	69.387354	0.20433800000000002	0.8339850000000001	0.109077	0.613317	59.534052	5.0	84.663554	9.300299	4.0	0.01241	8.030185000000001	6.0	81.325724	10.387924	2.0	47.364186	78.255804	6.0	0.019604	4.3886519999999996	6.0	83.57065899999999	0.29028200000000004	2.0	76.086487	5.556437	5.0	38.381037
5007.0	3.0	65.311298	1.312117	22.756527	38.536605	0.404414	0.37408800000000003	0.966261	0.244668	24.048217	4.0	8.984094	21.820511	3.0	0.010192	16.704348	6.0	81.776016	17.803504999999998	3.0	87.340282	28.588268	6.0	0.030614999999999996	5.077113	5.0	41.859567999999996	0.16404200000000002	1.0	35.810686	19.224737	1.0	23.803949
5071.0	3.0	9.616647	35.279059000000004	17.653072	44.507013	0.861191	0.5791930000000001	0.467609	0.538916	58.126358999999994	3.0	56.658840000000005	12.415411	5.0	0.080152	13.550635	6.0	15.865785999999998	2.9927669999999997	6.0	28.309375	52.299147999999995	2.0	0.011120999999999999	0.812757	6.0	97.94171700000001	5.690094	2.0	62.518802	5.619171	4.0	44.087002000000005
5080.0	3.0	83.78064300000001	13.510098000000001	26.069646	81.772086	0.599025	0.994341	0.335354	0.17310599999999998	35.103962	5.0	14.863403	6.351116	2.0	0.027712	12.73479	1.0	46.993728999999995	16.615238	5.0	77.90961899999999	21.246602	4.0	0.011523	5.80776	6.0	72.708862	0.334032	5.0	74.760988	9.670663000000001	5.0	23.53356
5158.0	3.0	54.335955000000006	27.830145	82.16545500000001	75.71349599999999	0.215915	0.972059	0.18325999999999998	0.689159	43.49216	5.0	51.880392	21.453095	4.0	0.418601	17.925963	2.0	46.447336	18.806916	6.0	88.55677800000001	67.013552	4.0	0.011887	4.768298000000001	5.0	30.860153999999998	0.984408	4.0	18.394509	2.22637	3.0	71.736308
5232.0	3.0	14.986295000000002	17.337745	63.133653	90.78240500000001	0.539666	0.901201	0.305865	0.961045	2.845193	4.0	12.769934	14.449957999999999	2.0	0.011364	6.4065959999999995	4.0	81.429762	17.768688	6.0	79.64784300000001	51.684160999999996	4.0	0.018262	1.103961	1.0	98.33851899999999	4.312958999999999	5.0	23.03884	4.851624	3.0	54.467197
5330.0	3.0	25.60794	32.812175	76.598435	48.976175	0.44284700000000005	0.933544	0.814505	0.301645	72.608815	4.0	28.916809000000004	17.623493	1.0	0.038702	17.110561999999998	2.0	93.955012	18.412782	6.0	37.743247	66.743195	3.0	0.02645	5.548147	5.0	74.032441	4.338996	2.0	62.367002	0.736483	6.0	84.73975
5439.0	3.0	12.923641	15.433834	94.465211	66.375905	0.209898	0.652247	0.280495	0.11369000000000001	13.49315	2.0	49.706693	1.365742	4.0	0.012381999999999999	6.1504	3.0	88.94902900000001	17.949344	5.0	89.724905	72.732835	6.0	0.056355999999999996	2.142559	6.0	53.620224	1.875702	4.0	92.30295600000001	8.239071000000001	1.0	96.319055
5440.0	3.0	40.291754	8.472331	65.733719	32.871633	0.711508	0.918206	0.8874549999999999	0.824942	34.600459	4.0	9.962149	16.836284	2.0	0.018633	7.701923	1.0	9.957453	20.4099	6.0	89.108009	10.691241	4.0	0.045962	4.006214	6.0	84.744988	0.06605599999999999	2.0	44.231079	22.431929	5.0	21.866227
5452.0	3.0	68.10911999999999	5.6125989999999994	16.482705	97.533316	0.738201	0.682704	0.752207	0.24199099999999998	36.736067	1.0	55.506397	10.224821	5.0	0.0119	6.473944	4.0	23.69903	24.425266	4.0	63.228989	70.444084	4.0	0.012178	1.573703	1.0	36.384433	2.0121759999999997	3.0	66.428028	2.486607	4.0	70.95415200000001
5523.0	3.0	12.649617999999998	8.811275	87.001041	79.33431800000001	0.394527	0.703963	0.475421	0.35827800000000004	23.444777	1.0	28.93999	9.236366	2.0	0.019991	7.381658	5.0	14.577669	4.8484739999999995	2.0	41.653090999999996	18.649995	2.0	0.040687	5.444329	2.0	47.780297999999995	1.5062389999999999	4.0	51.196512	13.801986	5.0	5.350213
5539.0	3.0	61.44921	7.857291	14.852623999999999	54.13903199999999	0.870295	0.8925299999999999	0.799182	0.932476	18.193023999999998	1.0	92.888481	23.964716	1.0	0.011167	12.212684	2.0	48.163115000000005	9.248876	1.0	59.542939000000004	2.2925459999999998	3.0	0.061199	4.256921	4.0	26.552352000000003	0.552894	1.0	58.25291800000001	17.124675	1.0	5.981521
5577.0	3.0	5.063744	45.688371999999994	52.633251	81.393429	0.7964829999999999	0.178331	0.643177	0.7304579999999999	57.266581	1.0	8.694064	16.991542000000003	2.0	0.020013999999999997	5.43072	6.0	22.713107	16.495179	5.0	98.17819399999999	53.523931999999995	2.0	0.021186	2.727044	4.0	15.957013	5.098973	4.0	47.855758	0.58875	4.0	97.84574
5642.0	3.0	50.802048	1.0214239999999999	7.8102100000000005	11.620395	0.674736	0.38955500000000004	0.445846	0.970932	69.574779	4.0	94.217066	23.943335	6.0	0.010372	1.8454270000000002	4.0	13.718504999999999	3.7094970000000003	5.0	96.78797800000001	72.471683	4.0	0.012244	3.888189	6.0	70.112858	3.5285580000000003	5.0	1.9242720000000002	1.503147	3.0	42.585406
5751.0	3.0	27.919323	17.469817000000003	65.694532	89.37192399999999	0.852641	0.802852	0.930114	0.831987	1.785109	6.0	50.148768	11.24643	6.0	0.065755	11.391764	3.0	45.766225	13.357598999999999	4.0	53.539636	66.682529	3.0	0.125844	2.256109	1.0	81.19343	5.188025	4.0	66.089385	1.6806169999999998	5.0	39.316035
5857.0	3.0	53.83526	18.804925	39.403602	57.350970999999994	0.7134189999999999	0.908275	0.7080380000000001	0.982987	27.390772	3.0	70.18826	22.114221	3.0	0.012681	10.146527	4.0	48.005906	9.878972000000001	4.0	75.918272	2.815672	6.0	0.014953	4.92111	3.0	53.65254	5.742555	1.0	97.02886099999999	14.808791000000001	3.0	27.695816999999998
5862.0	3.0	10.878635000000001	10.034572	43.966808	70.67828	0.997833	0.338883	0.407894	0.177902	6.118829	5.0	74.734525	23.280016	1.0	0.010829	8.307833	2.0	29.528411	7.779623	1.0	57.95216	7.826203	6.0	0.010269	1.530964	5.0	91.085713	0.896618	2.0	38.059353	19.360557	4.0	31.839619
5871.0	3.0	50.272604	14.733245000000002	18.313077	36.085451	0.411941	0.379106	0.591491	0.9689040000000001	65.855981	4.0	34.624819	23.515083999999998	4.0	0.037174	16.359454	4.0	18.319236	15.668571	2.0	97.05492	72.21085699999999	1.0	0.015092	3.2554819999999998	3.0	63.831225	5.122485	6.0	2.857341	3.467864	3.0	71.026774
5965.0	3.0	17.343853	34.232696999999995	53.115643000000006	29.825957	0.591224	0.68984	0.960377	0.262614	54.288343999999995	6.0	27.629733	24.260154	3.0	0.026003	9.822567999999999	5.0	75.960415	7.810875	1.0	77.735815	51.410154	5.0	0.012689	5.448911	4.0	85.618708	0.977958	2.0	16.029854	15.264885000000001	4.0	93.316239
6033.0	3.0	39.901126	19.643296	23.955524	55.195188	0.270486	0.853614	0.646565	0.69508	4.526701	4.0	75.399773	16.606698	5.0	0.012378	7.774567	6.0	26.681942	3.5055949999999996	2.0	37.01607	75.838581	2.0	0.011609999999999999	0.698448	3.0	68.407837	1.164456	2.0	58.116364000000004	2.740164	4.0	70.53029000000001
6118.0	3.0	60.723797999999995	19.905412	27.305487	15.903143	0.195401	0.836044	0.6273340000000001	0.297867	22.414576999999998	6.0	96.079123	20.665115	3.0	0.013686000000000002	17.648160999999998	2.0	72.612183	18.541779000000002	6.0	88.559392	2.394634	4.0	0.016066	0.127077	4.0	61.321289	3.6359239999999997	5.0	75.842402	13.761935000000001	3.0	40.186615
6158.0	3.0	30.169165999999997	6.9333789999999995	4.058806	36.825753999999996	0.661833	0.9008440000000001	0.230329	0.715535	6.778528	6.0	53.420203	9.695169	2.0	0.014740000000000001	12.29327	4.0	91.985056	17.551393	6.0	60.474512	5.041007	6.0	0.280033	1.7650270000000001	3.0	48.762463000000004	5.151571	3.0	16.788934	4.667922	5.0	87.362124
6240.0	3.0	47.202432	11.111627	67.816266	22.848244	0.406617	0.493708	0.23175	0.308841	47.408590000000004	2.0	73.59634799999999	13.097961	5.0	0.011902	5.14219	6.0	36.607344	7.739749000000001	4.0	91.70452399999999	4.175599	5.0	0.011008	2.460354	4.0	99.81398100000001	2.413945	3.0	63.650688	4.536077	4.0	11.443373
6307.0	3.0	27.108846999999997	13.370251999999999	95.651841	37.022396	0.624827	0.7837390000000001	0.447267	0.944031	4.924816000000001	6.0	47.029825	9.917904	6.0	0.034674	9.627766000000001	5.0	27.378804	12.430397	3.0	63.79133100000001	16.245337	6.0	0.149527	2.631723	5.0	74.863873	2.17777	3.0	69.34293199999999	11.243041999999999	2.0	29.176771999999996
6358.0	3.0	11.871006	13.710693	58.067742	15.015314000000002	0.740479	0.657977	0.30653	0.22019499999999997	3.255102	5.0	34.893785	13.625778	3.0	0.01761	1.922811	5.0	94.620963	17.585995	2.0	10.288993	52.313788	6.0	0.020243999999999998	4.61341	4.0	81.010599	0.894149	3.0	41.455022	2.3655	4.0	15.238504
6418.0	3.0	67.740711	14.34946	62.671513	6.8521529999999995	0.5904189999999999	0.7959579999999999	0.256952	0.153476	24.036162	5.0	83.49261	13.516373999999999	3.0	0.043257	6.825181	5.0	6.1075	13.698169	2.0	71.955394	75.63304000000001	1.0	0.027681	5.889125	1.0	79.178141	5.216168	5.0	35.139691	17.370562	5.0	53.946764
6436.0	3.0	2.647527	93.65768	5.575063	89.13226999999999	0.139193	0.8290059999999999	0.758827	0.622987	47.397960999999995	5.0	72.954447	22.336863	4.0	0.010083	18.139428	1.0	9.674908	13.885067999999999	3.0	23.176859	63.423458999999994	2.0	0.010618	0.362423	5.0	86.731719	3.9885949999999997	2.0	2.261154	11.970124	5.0	40.290653000000006
6444.0	3.0	5.455968	34.485902	36.294956	86.83460699999999	0.597741	0.740654	0.9310280000000001	0.24523000000000003	46.848495	2.0	50.885579	5.765299	2.0	0.02446	3.5938480000000004	3.0	39.567199	21.164151	4.0	77.29061800000001	7.997135000000001	5.0	0.040218000000000004	3.099043	4.0	44.041837	0.696167	2.0	98.01063	2.074786	4.0	16.621285999999998
6510.0	3.0	68.826582	2.299688	9.567667	97.733274	0.30539099999999997	0.47551800000000005	0.753706	0.620947	23.585584	6.0	33.936347	16.993660000000002	6.0	0.026641	1.7415889999999998	2.0	34.396844	6.481234	6.0	72.410857	45.424763	5.0	0.016096	1.355593	6.0	74.745664	1.377456	1.0	4.8850690000000005	24.75981	2.0	11.352659
6520.0	3.0	4.565164	44.959534999999995	52.511555	38.325587	0.84293	0.890978	0.83037	0.31656999999999996	52.381518	6.0	15.514401999999999	3.073874	3.0	0.101702	12.677454	1.0	7.064877	0.32851199999999997	3.0	12.957931	58.410689	4.0	0.019941999999999998	3.026623	6.0	90.81568	5.06165	3.0	12.664651	5.682617	6.0	29.585165000000003
6573.0	3.0	58.783354	12.92709	44.845584	17.005944	0.41988500000000006	0.7981010000000001	0.665351	0.202416	63.112673	2.0	72.49401999999999	1.530242	2.0	0.131438	3.389909	4.0	51.443940999999995	3.3215480000000004	1.0	17.74194	69.538713	6.0	0.014022	0.8291440000000001	4.0	38.827576	2.9106349999999996	6.0	23.188522	20.912994	2.0	36.043882
6752.0	3.0	22.201093	20.473828	93.162273	55.360554	0.223534	0.842147	0.49353	0.475714	36.850902000000005	2.0	73.410853	23.754265	4.0	0.010957999999999999	15.924175	4.0	64.14371899999999	17.54177	4.0	66.513784	68.043986	3.0	0.028318	4.507941000000001	3.0	75.641297	1.834325	3.0	9.084661	21.386075	4.0	61.23098100000001
6793.0	3.0	29.273175	9.932075	45.325697999999996	39.243287	0.185753	0.9995790000000001	0.197287	0.273171	65.489806	1.0	69.363021	14.158404	3.0	0.014699	8.749462	6.0	84.55382900000001	2.8518220000000003	6.0	98.892905	23.872970000000002	5.0	0.035101	4.81463	3.0	94.162761	0.191999	4.0	42.995779999999996	2.7897119999999997	2.0	50.035994
6995.0	3.0	5.188725	89.504475	35.739079	73.88497	0.850249	0.815024	0.693922	0.254206	38.739419	3.0	87.528474	15.610209	1.0	0.021213	8.320321	2.0	61.27105699999999	0.3107	4.0	44.837559000000006	22.904320000000002	3.0	0.01027	5.118869	6.0	64.625033	1.235737	3.0	4.64104	17.298398000000002	6.0	23.434584
7028.0	3.0	86.202314	6.618441000000001	53.1771	54.426575	0.8764799999999999	0.847137	0.778461	0.296455	10.010453	1.0	92.550048	7.15838	1.0	0.010642	13.820820000000001	3.0	77.189778	6.446129	6.0	16.096508	13.492636	5.0	0.011276999999999999	1.663425	3.0	15.653223	2.054703	2.0	94.120705	12.136626	1.0	9.261238
7044.0	3.0	11.121734	52.171665999999995	27.994971999999997	75.530396	0.686413	0.273816	0.9409780000000001	0.15418800000000002	18.338698	1.0	22.199123	8.433535000000001	4.0	0.055745	17.112787	4.0	97.08608100000001	10.555136	1.0	76.708055	29.29209	5.0	0.014224	3.8844769999999995	6.0	25.441093	0.236418	4.0	52.195484	6.562767	3.0	48.156009999999995
7045.0	3.0	58.362753000000005	2.223023	33.318262	57.922835	0.710322	0.549683	0.932873	0.157277	38.469952	1.0	24.641641	3.5148	2.0	0.012197	3.181546	3.0	54.468028000000004	23.008496	6.0	39.232339	42.415704999999996	4.0	0.025226	5.755331	5.0	72.846057	3.592631	1.0	9.979688000000001	21.648943	4.0	93.539187
7086.0	3.0	53.674170999999994	16.221532	16.357155	30.13205	0.898674	0.608312	0.790125	0.593486	20.912326999999998	5.0	62.972728000000004	13.985948	4.0	0.022813999999999997	12.699328999999999	2.0	22.461281	4.33493	4.0	13.854011999999999	35.090925	3.0	0.010752	1.4704760000000001	4.0	74.982508	4.3624529999999995	3.0	70.661757	11.644845	5.0	30.00269
7110.0	3.0	30.586603000000004	5.580983	77.89501800000001	95.143821	0.189355	0.5753689999999999	0.88882	0.46007600000000004	11.63475	1.0	88.934174	14.601787	2.0	0.010572	16.641112	6.0	72.78953	22.067981	1.0	72.544512	19.66285	6.0	0.015944999999999997	2.641699	4.0	33.952583000000004	2.1788830000000003	2.0	60.787656999999996	22.493043	1.0	47.651968
7212.0	3.0	44.498738	2.984098	36.215302	98.55828100000001	0.53895	0.800958	0.862949	0.647374	56.792308999999996	5.0	85.414247	2.628692	4.0	0.026963	11.260381	1.0	74.841684	23.744573000000003	4.0	18.317841	60.841442	4.0	0.068564	2.016209	3.0	13.810493	4.728464	5.0	25.165967000000002	0.9642280000000001	5.0	90.913572
7297.0	3.0	28.234161	20.30521	68.23744	72.65581	0.751888	0.9019229999999999	0.8628979999999999	0.9997510000000001	16.486213	3.0	53.701851	17.76289	2.0	0.012858000000000001	10.916604	6.0	82.363652	8.265659	4.0	90.43825	57.385768999999996	5.0	0.015248	1.188978	3.0	15.562394	2.554547	4.0	78.192982	8.898612	1.0	9.708747
7325.0	3.0	39.312003999999995	3.1821900000000003	1.6849169999999998	59.675844	0.7090420000000001	0.216131	0.102247	0.345168	19.870321	2.0	47.940113000000004	21.880085	5.0	0.17810499999999999	6.901157	3.0	73.945365	14.727357000000001	3.0	57.629870999999994	33.430144	3.0	0.068502	3.036098	6.0	13.725519	5.401785	4.0	30.819946999999996	1.402847	3.0	13.822052
7343.0	3.0	45.807638	8.168909	75.446292	21.874523999999997	0.9941690000000001	0.348718	0.46089399999999997	0.466228	5.6117099999999995	5.0	18.232665	4.366804	1.0	0.019622999999999998	14.646647	2.0	80.862493	5.855974	1.0	92.214109	38.162238	1.0	0.011288	0.168278	6.0	94.587681	2.335211	4.0	73.696249	7.720341	2.0	58.698240000000006
7495.0	3.0	53.009854000000004	5.988341	59.740486	52.395483	0.781283	0.580435	0.724187	0.391467	45.89921	4.0	95.33449499999999	2.261285	6.0	0.035338	8.187947	1.0	34.641482	24.586183	5.0	68.247582	51.926428	5.0	0.014495	4.045039	6.0	66.156819	0.943825	4.0	12.529208	13.779325	2.0	65.147539
7538.0	3.0	9.521308	6.414558	23.479535000000002	65.807846	0.847933	0.937858	0.49828	0.10308800000000001	1.91808	4.0	66.832227	19.36615	1.0	0.011269	3.1013290000000002	4.0	92.095975	23.209538000000002	1.0	21.29531	64.080955	1.0	0.016357	4.313695	5.0	72.24979599999999	2.028849	5.0	74.62589100000001	0.28506	5.0	81.779189
7806.0	3.0	60.838713	23.273935	47.197767999999996	23.525117	0.7007399999999999	0.961087	0.597642	0.167094	19.301042000000002	5.0	75.55706500000001	6.885736	3.0	0.026195	2.5197380000000003	6.0	92.24130699999999	5.619208	1.0	92.217945	61.354779	3.0	0.010722	3.9454569999999998	2.0	95.51763299999999	3.20477	3.0	85.125676	11.298311	2.0	79.994299
8004.0	3.0	66.323642	11.929631	69.56123199999999	44.986695000000005	0.93505	0.833282	0.31749499999999997	0.5617840000000001	22.7579	2.0	54.420289000000004	12.450001	2.0	0.015326	8.0776	6.0	92.47282299999999	21.757816000000002	2.0	69.14972	58.290803000000004	3.0	0.022169	3.448748	1.0	43.344953000000004	1.821223	1.0	39.417663	8.391963	2.0	56.647988
8029.0	3.0	31.531496	5.991014	63.914508999999995	37.253797	0.8543229999999999	0.364162	0.669992	0.44632700000000003	12.69942	3.0	84.6532	4.306044	3.0	0.137994	3.4771650000000003	1.0	73.853308	17.280704999999998	6.0	69.266138	56.54122099999999	1.0	0.013848	5.425259	5.0	34.861921	1.411149	4.0	34.308820000000004	0.29628499999999997	6.0	76.757411
8215.0	3.0	25.014025	11.216092	74.825897	66.28359499999999	0.726052	0.369544	0.506084	0.403064	77.708334	6.0	10.205671	20.795464000000003	3.0	0.022507	8.440546000000001	2.0	95.999534	19.188747	5.0	76.246133	38.558409999999995	2.0	0.01747	3.936866	3.0	26.280245	4.437911	1.0	61.224361	1.503981	5.0	70.454674
8217.0	3.0	99.494405	5.050114	13.673929999999999	80.46749799999999	0.9922489999999999	0.38445	0.431105	0.23786500000000002	68.87635999999999	1.0	65.797145	20.23445	5.0	0.015038999999999999	7.07953	4.0	41.323419	17.968232	4.0	78.762456	68.960321	3.0	0.013494999999999998	2.8186970000000002	5.0	17.677246	1.7276220000000002	1.0	37.656052	14.039635	4.0	95.766132
8359.0	3.0	82.82466	14.841791	21.547162	31.637677000000004	0.798674	0.795339	0.157614	0.527089	28.503436999999998	3.0	74.580463	15.788326000000001	6.0	0.10996199999999999	4.990379	3.0	68.22018299999999	1.068768	4.0	66.181256	10.187314	2.0	0.015472999999999999	1.887775	2.0	7.0345949999999995	5.898934	2.0	98.001683	14.883217000000002	1.0	84.504549
8369.0	3.0	42.392288	3.737335	11.424902000000001	92.386708	0.391667	0.5452359999999999	0.970833	0.7742829999999999	5.760749	4.0	43.699989	8.296647	3.0	0.019347	13.852433999999999	6.0	85.391755	11.978812	5.0	77.56625799999999	5.303831	1.0	0.649591	5.043912000000001	3.0	13.513473999999999	4.755835	4.0	85.121565	15.854234	5.0	4.960413
8376.0	3.0	18.245221	39.932316	17.819403	12.925658	0.8860309999999999	0.5378149999999999	0.478933	0.145488	33.006723	3.0	68.994782	19.073458	6.0	0.017397	14.957282999999999	3.0	17.828685	18.016984	1.0	30.348352000000002	65.03118	3.0	0.014707	2.913774	5.0	72.68973000000001	1.6523130000000001	1.0	92.058723	1.489873	4.0	29.546089000000002
8430.0	3.0	31.115344	11.309953	29.958699	55.092704000000005	0.79689	0.645667	0.186664	0.425533	40.113831	1.0	89.064871	22.38051	6.0	0.015441999999999999	3.992553	4.0	45.003631	25.109607999999998	2.0	78.388102	23.233926	6.0	0.010731999999999998	0.724162	6.0	48.730761	3.884935	1.0	71.918654	16.765647	3.0	3.5712230000000003
8442.0	3.0	25.447135	17.655115	76.825819	24.113324	0.33156599999999997	0.899388	0.46403500000000003	0.148787	38.200121	4.0	99.30575400000001	11.579646	3.0	0.031287	8.177042	4.0	36.592115	11.915577	5.0	84.473333	9.241958	3.0	0.098357	1.001508	5.0	99.892586	1.461389	6.0	95.857842	0.487317	6.0	94.88689000000001
8444.0	3.0	39.738471999999994	25.629994	40.200862	95.319351	0.560823	0.751099	0.118522	0.327807	34.963747999999995	5.0	26.019220999999998	2.02048	5.0	0.040442	17.032948	3.0	92.481502	21.031057	6.0	91.758751	36.055889	3.0	0.053954999999999996	4.467901	5.0	48.980881	3.9423779999999997	2.0	52.206744	2.204744	6.0	40.449642
8501.0	3.0	22.470228	67.49793299999999	35.458807	98.29549300000001	0.852326	0.215048	0.730238	0.120209	51.894067	1.0	39.086042	11.384564	4.0	0.010754999999999999	3.4215739999999997	6.0	52.728685999999996	20.121128	5.0	85.100818	21.975488000000002	4.0	0.07562	4.644186	4.0	96.031634	0.89961	6.0	40.083031	4.118905000000001	6.0	4.425153
8516.0	3.0	23.212832000000002	6.948931	77.457637	73.975601	0.207242	0.441629	0.8911680000000001	0.433155	58.390570999999994	1.0	94.460245	1.786507	4.0	0.011011	11.596953	6.0	34.251829	17.847265	3.0	62.089254000000004	76.47760600000001	6.0	0.025455000000000002	0.582471	4.0	57.769087	0.467257	3.0	25.684663	20.925051	2.0	50.579793
8518.0	3.0	23.138733	14.233099	71.101438	20.773049	0.912374	0.678198	0.33314299999999997	0.208923	8.298041	3.0	47.308608	20.980106	2.0	0.191692	5.668132	2.0	13.694532	16.5669	3.0	90.04207199999999	28.591753000000004	4.0	0.029195999999999996	4.809889	4.0	23.946818	5.860844999999999	3.0	5.969112	6.43944	4.0	39.153886
8552.0	3.0	95.38408299999999	3.8502339999999995	15.614865	50.107633	0.948076	0.9864850000000001	0.606988	0.709581	55.918284	3.0	91.513584	23.805432	4.0	0.045015	18.565652	5.0	81.98778399999999	10.28855	1.0	64.09761	47.869184000000004	4.0	0.044476999999999996	3.9502800000000002	4.0	34.408498	0.064703	3.0	81.412088	19.501808999999998	3.0	74.83157
8615.0	3.0	23.85605	26.703948999999998	43.823440999999995	93.915591	0.9582139999999999	0.630097	0.6671590000000001	0.226413	43.803601	4.0	42.026284999999994	11.751935000000001	1.0	0.010759999999999999	12.837185	6.0	38.64513	24.7768	6.0	13.406917000000002	75.666776	3.0	0.01612	2.16076	5.0	97.546428	3.9953589999999997	3.0	52.563875	4.151981	6.0	94.771232
8712.0	3.0	5.553806	43.209421	13.535067999999999	82.062391	0.912781	0.671607	0.596256	0.204945	34.117235	5.0	69.536924	1.594486	6.0	0.45742	10.938402	6.0	64.015613	21.421127	5.0	19.850304	72.635125	6.0	0.027462	3.032739	3.0	91.226451	0.646989	4.0	31.730714000000003	6.848910000000001	6.0	16.576047
8766.0	3.0	96.048071	8.336704	90.147725	12.759139999999999	0.967359	0.88544	0.45679200000000003	0.988873	4.471134999999999	3.0	67.903633	6.389443	3.0	0.056186	12.303554	2.0	67.230586	13.527401999999999	6.0	27.714987	10.90975	4.0	0.022305000000000002	5.326567	2.0	87.561778	4.722082	3.0	41.529496	7.5589960000000005	6.0	84.428751
8789.0	3.0	19.48593	28.795559	29.046753999999996	93.62416400000001	0.785363	0.972615	0.77762	0.6792199999999999	54.41239	1.0	26.058579	16.274670999999998	5.0	0.021312	6.31747	5.0	94.907129	9.728289	3.0	85.206294	47.738914	5.0	0.223842	1.7782799999999999	3.0	69.550504	4.274287	3.0	93.09804	13.188882000000001	6.0	47.447344
9160.0	3.0	59.549709	1.7448110000000001	64.52936600000001	52.977215	0.990665	0.30389299999999997	0.748794	0.476034	3.133637	6.0	85.090533	2.762969	2.0	0.019743	9.608073	5.0	24.986123000000003	17.28904	6.0	39.940785	53.725841	4.0	0.013627	1.968275	1.0	5.275458	5.336606	1.0	32.155794	18.590663	5.0	50.277159999999995
9255.0	3.0	57.489299	27.854108	3.913017	90.438867	0.333355	0.789883	0.47683100000000006	0.203405	46.8303	5.0	24.829685	17.255337	2.0	0.050977999999999996	13.842456	2.0	51.773906	14.281573999999999	3.0	77.31636999999999	71.07253100000001	6.0	0.014718	5.868983	1.0	46.796794	1.008381	5.0	50.015693	3.6381010000000003	4.0	23.385089
9495.0	3.0	34.585088	11.720405	27.240237	94.080974	0.247236	0.9577260000000001	0.5401189999999999	0.31129	7.149972999999999	3.0	56.331340000000004	2.3465119999999997	5.0	0.013416999999999998	12.673134	2.0	69.640374	25.158915	5.0	18.371887	1.616741	6.0	0.03535	4.252063	3.0	64.209523	3.324153	5.0	26.568621999999998	24.579259	1.0	74.872469
9645.0	3.0	38.607874	11.410606	51.374199	74.652967	0.444557	0.52996	0.732838	0.8828239999999999	42.12243	1.0	64.010485	12.988287	2.0	0.01948	10.340859	3.0	75.991663	12.075694	3.0	42.096703000000005	15.712339000000002	6.0	0.048928	5.431895	4.0	10.857541000000001	5.245495	4.0	27.771596999999996	13.388205	6.0	48.297706
9654.0	3.0	3.0950830000000003	86.246565	32.090628	68.312599	0.5873550000000001	0.6753359999999999	0.742696	0.22613699999999998	37.835747999999995	6.0	58.64610699999999	21.484292	5.0	0.011196	18.500076	4.0	59.839698999999996	4.010742	5.0	38.300431	56.662465000000005	3.0	0.022738	4.634032	5.0	54.294965000000005	0.23563800000000001	6.0	10.569611	17.429044	2.0	19.711029999999997
9671.0	3.0	71.377022	3.804061	26.335790000000003	91.125489	0.668617	0.6754439999999999	0.773782	0.493529	62.562957	6.0	81.76394499999999	5.702469000000001	4.0	0.015544999999999998	1.9386990000000002	6.0	92.314875	9.422124	6.0	24.850107	26.51424	6.0	0.022118000000000002	0.204123	3.0	52.207714	4.582096	3.0	85.903774	24.70598	4.0	31.559777
9774.0	3.0	83.791512	9.479521	42.456226	15.78716	0.9991260000000001	0.507921	0.5997859999999999	0.499507	22.640839	1.0	65.11575500000001	7.7329039999999996	1.0	0.018586000000000002	7.569545	3.0	93.160063	12.670489	4.0	55.12723100000001	45.528008	3.0	0.359962	0.150107	5.0	51.876329	3.789257	1.0	99.062895	6.145067	4.0	56.728635
9856.0	3.0	76.18957900000001	2.483381	30.163202000000002	86.299832	0.5634680000000001	0.904694	0.6449	0.131098	17.489766	4.0	1.0265360000000001	6.099811	3.0	0.012990999999999999	11.373377	4.0	15.433623	19.508336	2.0	26.794717	13.519853	2.0	0.011881999999999998	1.089209	5.0	90.358114	2.570086	2.0	67.95260400000001	2.884382	2.0	68.85466600000001
9973.0	3.0	62.013201	4.119462	24.409155	86.831677	0.6042770000000001	0.137594	0.282172	0.9827670000000001	74.969151	3.0	8.120594	5.6714080000000004	5.0	0.016203	16.111928	4.0	57.550272	7.146616000000001	6.0	80.953683	55.094103000000004	6.0	0.010149	0.078328	4.0	74.22249000000001	4.442373	1.0	33.944195	18.273309	4.0	58.993605
9978.0	3.0	13.973447	4.578298	33.354213	8.459361	0.296993	0.290961	0.982657	0.22173	9.779557	3.0	41.235157	15.192147	4.0	0.030654	12.033438	2.0	90.00989399999999	17.403734	6.0	51.70391	4.536224	5.0	0.011258	2.739839	4.0	47.033857	0.175922	1.0	27.297102000000002	18.13728	3.0	3.242387
