314.0	3.0	84.198167	59.286488	95.610941	17.279476000000003	0.882918	0.9292100000000001	0.586653	0.380075	55.08085	5.0	34.448828000000006	10.516876	5.0	0.014884	15.286222	3.0	1.221495	8.740655	6.0	13.881282	58.33751899999999	2.0	0.39133	1.9371770000000001	3.0	62.18775600000001	0.8224239999999999	1.0	92.896178	12.406407000000002	4.0	10.845125
322.0	3.0	32.605136	33.658916	36.656087	33.143008	0.30378099999999997	0.19946	0.10799700000000001	0.72423	52.675298	6.0	33.163401	15.718418	3.0	0.010265	17.656879	6.0	1.744594	5.89463	2.0	9.884853	38.399938	1.0	0.024446000000000002	2.712543	6.0	52.47765	5.127436	6.0	18.899701999999998	3.477694	5.0	76.31298100000001
988.0	3.0	63.414381999999996	85.38014799999999	80.99222900000001	12.963066	0.764972	0.242731	0.506959	0.141875	8.791011	1.0	8.361094	6.272664	1.0	0.01312	0.769084	2.0	28.427071	0.44401999999999997	2.0	66.175379	18.85662	5.0	0.057244	2.438391	4.0	58.236185	1.8125229999999999	1.0	19.183798	14.081141	6.0	77.199835
1354.0	3.0	35.095081	38.217073	63.11376800000001	67.605552	0.19596	0.1808	0.409934	0.887317	19.738058	4.0	17.561014	5.694476	1.0	0.016311000000000003	2.821878	4.0	2.194613	2.168759	2.0	88.696258	63.391641	1.0	0.012306999999999998	1.286165	6.0	70.88686700000001	3.317069	3.0	26.353817	17.291732	6.0	49.303816
1722.0	3.0	56.997707	82.834772	62.729980000000005	91.23219499999999	0.7364470000000001	0.764083	0.309874	0.813983	53.486656	3.0	58.976383999999996	23.326455	2.0	0.061775	0.9921969999999999	1.0	70.894352	0.45356599999999997	2.0	20.097095	37.716891	6.0	0.011079	0.785905	5.0	43.910802000000004	1.337969	2.0	91.89192800000001	5.052005	6.0	84.885616
1743.0	3.0	55.41613100000001	48.780033	61.037191	40.149305	0.266872	0.8862690000000001	0.748042	0.376934	40.173935	2.0	68.18966999999999	23.042821	1.0	0.016401	3.44386	5.0	2.552554	2.222021	1.0	49.568593	39.103459	3.0	0.013189	2.5660950000000002	4.0	50.818113000000004	0.6414340000000001	4.0	74.908212	16.745898	6.0	48.243342
2012.0	3.0	58.278763	67.288302	34.556707	29.543153000000004	0.9922639999999999	0.50842	0.114253	0.9439040000000001	59.940979000000006	2.0	22.709349	1.6123040000000002	2.0	0.066852	0.578183	3.0	38.079859	11.631625999999999	4.0	47.54846	58.647119999999994	1.0	0.019694999999999997	0.865809	4.0	36.024289	1.085223	6.0	43.645005	6.487830000000001	3.0	42.692681
2047.0	3.0	94.644483	74.451388	97.769009	77.252606	0.40026	0.543032	0.684167	0.796658	2.816416	3.0	71.00080799999999	5.681788	5.0	0.048736	0.562466	3.0	41.942152	24.652711	2.0	22.772122	47.858183000000004	1.0	0.052099	0.88045	6.0	72.140904	3.09738	4.0	72.824065	6.9640770000000005	5.0	98.465328
2169.0	3.0	79.589526	29.436605	91.599819	82.170939	0.370777	0.9250799999999999	0.56779	0.6193810000000001	10.919269	5.0	21.210792	11.090222	1.0	0.051292	1.6819689999999998	1.0	83.454373	22.944074	2.0	33.119034	30.424135999999997	2.0	0.115801	0.380037	5.0	97.400511	4.196975	5.0	65.367414	6.56084	2.0	90.46629
3078.0	3.0	51.841055	56.539823999999996	12.588441	35.384077000000005	0.202747	0.687995	0.158996	0.31508	48.374377	3.0	78.545366	9.964024	1.0	0.233744	3.757249	2.0	60.148818000000006	1.448161	4.0	40.209856	33.61269	3.0	0.014223	1.2088079999999999	3.0	19.595312	0.9973780000000001	4.0	90.803354	18.591328	5.0	44.354566999999996
3130.0	3.0	85.797313	45.260523	73.241074	68.092247	0.598188	0.183365	0.406006	0.39469699999999996	7.221166	4.0	37.794243	9.666649000000001	6.0	0.018784	0.962526	4.0	65.81636999999999	5.397151999999999	1.0	25.253135999999998	10.225512	1.0	0.016668000000000002	1.2736450000000001	6.0	7.491553999999999	3.950041	6.0	31.437116999999997	22.294943	6.0	28.602261
3246.0	3.0	56.763723999999996	50.434709999999995	40.719891	14.134113000000001	0.761596	0.715254	0.9311510000000001	0.5115770000000001	78.458663	6.0	84.78796899999999	3.071281	6.0	0.016472	13.274417999999999	5.0	2.47761	0.387462	3.0	4.233363	53.088586	6.0	0.066742	4.287447	3.0	9.857507	1.3968459999999998	4.0	3.70359	7.709511	3.0	77.756445
4373.0	3.0	82.307285	94.323468	44.57105	75.232677	0.796905	0.136679	0.27365700000000004	0.275754	44.323535	1.0	92.853836	21.857605	6.0	0.06374500000000001	5.97236	6.0	29.233594	1.792296	2.0	87.321339	13.138987	2.0	0.01204	0.086735	1.0	51.5946	1.294484	4.0	49.121577	17.602116	2.0	47.207955
4387.0	3.0	88.10375	70.969985	96.16747099999999	95.654044	0.7677189999999999	0.122002	0.45646400000000004	0.872346	69.00715799999999	6.0	82.57386	9.772105	4.0	0.019755	0.273298	3.0	23.488898000000002	24.513923000000002	5.0	9.214667	65.777773	5.0	0.029057	2.724047	5.0	33.449894	5.188079	3.0	57.155893000000006	18.535679000000002	2.0	27.126374
4512.0	3.0	85.243601	29.133532000000002	87.737666	56.799518000000006	0.13276300000000002	0.5108050000000001	0.642991	0.9979389999999999	76.665425	1.0	19.765606	19.675836999999998	1.0	0.019403	16.041849	3.0	80.112877	12.676064	5.0	3.031736	59.613960999999996	3.0	0.016212999999999998	3.6192800000000003	6.0	51.135326	3.666458	3.0	4.666022	18.523032	2.0	84.804227
5005.0	3.0	80.705148	86.51569	60.563908999999995	54.300532999999994	0.375945	0.135693	0.8763799999999999	0.127908	72.41111	6.0	75.59774	21.811144	6.0	0.015648	10.080394	1.0	25.752373000000002	13.707861999999999	2.0	44.012685999999995	16.863517	1.0	0.017592	0.8662290000000001	3.0	85.234276	2.0449990000000002	3.0	19.905518	16.082993	1.0	30.015501
5300.0	3.0	83.129593	77.514623	52.713609999999996	10.314602	0.8062199999999999	0.851527	0.195992	0.310835	33.239477	6.0	60.573021999999995	12.636746	3.0	0.018345	4.6043080000000005	1.0	4.026356	7.8320419999999995	5.0	1.598068	24.42736	3.0	0.067535	5.761357	5.0	94.70021	3.8974800000000003	4.0	50.810246	1.9959810000000002	6.0	80.926407
5653.0	3.0	79.085708	57.479223	75.752236	17.288919	0.387719	0.162431	0.7480399999999999	0.557925	17.220597	3.0	3.673692	21.800866	1.0	0.017074000000000002	1.669016	3.0	84.430008	0.296745	6.0	14.797493	22.576021	4.0	0.13503199999999999	3.9538	2.0	20.757772	1.820652	5.0	9.488161999999999	16.107382	5.0	65.281513
6151.0	3.0	41.144290999999996	89.612735	76.088724	79.251621	0.678396	0.724367	0.253594	0.62083	24.759120000000003	3.0	48.615002000000004	23.678420000000003	1.0	0.042476	4.184741000000001	2.0	20.465932000000002	13.688622	6.0	8.581476	74.881504	4.0	0.011746	1.493552	2.0	72.42256	5.893066	3.0	62.58003299999999	2.121397	4.0	93.280328
6668.0	3.0	68.507369	16.604941	59.84056999999999	3.01788	0.45613000000000004	0.562136	0.163736	0.272971	52.979746	3.0	27.281408000000003	13.333924	1.0	0.098952	3.6298730000000003	2.0	71.80996	25.213692	4.0	10.448443	23.568917000000003	3.0	0.020549	1.302917	5.0	85.09413599999999	5.665229	3.0	87.744925	6.258502	5.0	75.795643
7211.0	3.0	76.62869	71.226349	97.727114	34.604263	0.169235	0.800766	0.754066	0.512112	45.783947999999995	1.0	77.432136	18.685341	1.0	0.019653	13.191859	2.0	91.17273	17.948535	4.0	4.232903	64.247342	5.0	0.023769	2.8819060000000003	6.0	98.12356700000001	3.260593	6.0	79.595988	11.095343	6.0	41.023027
7463.0	3.0	6.818111	36.871324	81.966348	64.40718000000001	0.824117	0.23231	0.47235600000000005	0.454502	44.250584	1.0	78.059802	19.580707	4.0	0.024753	8.034085000000001	5.0	2.952613	1.294442	2.0	71.10733	38.187362	1.0	0.091048	2.044069	6.0	26.262268	0.26006799999999997	6.0	9.8358	14.86793	6.0	73.954634
8049.0	3.0	13.015928	79.206924	53.023838	75.92513000000001	0.242308	0.6932550000000001	0.125244	0.422806	19.753759	4.0	6.959356	24.419598	1.0	0.056151	0.378888	1.0	71.38669	3.49212	1.0	62.564845	50.951099	1.0	0.027030000000000002	4.589291	5.0	50.441989	3.522408	5.0	5.477678	7.2888720000000005	6.0	96.106544
8211.0	3.0	41.627677	45.901269	74.20951	70.274346	0.405179	0.167905	0.21508899999999997	0.9308290000000001	61.634391	6.0	53.772819999999996	22.543778	1.0	0.112856	0.946636	2.0	80.522511	3.2154	3.0	27.852390000000003	32.869115	2.0	0.045208	3.005661	4.0	91.59786899999999	2.728427	5.0	73.161425	23.226243	5.0	24.970682999999998
8327.0	3.0	95.387254	78.010427	98.68610799999999	63.140391	0.153899	0.874704	0.5562050000000001	0.917884	45.208459000000005	3.0	54.749526	13.364082999999999	5.0	0.010102	5.197894	3.0	2.5486459999999997	0.852352	1.0	89.590859	33.990296	4.0	0.012158	0.677237	3.0	64.415243	4.302901	1.0	86.663623	18.043978	3.0	52.556799
8659.0	3.0	68.90916700000001	31.755809999999997	14.089832000000001	20.793923	0.823584	0.714173	0.8864719999999999	0.5508529999999999	59.676551	5.0	27.773821999999996	20.118976999999997	2.0	0.010772	17.59725	6.0	1.278377	0.716966	6.0	89.447039	76.999026	1.0	0.016099000000000002	1.88868	5.0	7.826039999999999	3.4192129999999996	3.0	45.968879	23.393196	6.0	16.289839
8879.0	3.0	83.00019	73.111964	49.937695	54.341547999999996	0.23022199999999998	0.28823499999999996	0.240601	0.495246	66.79274000000001	5.0	82.525062	11.079386	1.0	0.015338999999999998	16.684409	1.0	9.387534	6.139757	4.0	64.281249	37.220659000000005	2.0	0.274311	2.433364	5.0	16.451135999999998	1.426928	3.0	94.545434	18.727485	6.0	30.560576
8968.0	3.0	74.530226	82.851869	77.147708	20.583375	0.7723720000000001	0.19578199999999998	0.257617	0.762954	18.100561	4.0	1.259334	12.051962	4.0	0.042655	6.843033	6.0	56.166363	20.045328	2.0	15.98763	9.857348	4.0	0.622379	5.041894999999999	5.0	92.108088	1.278124	2.0	63.353267	5.43015	3.0	86.872334
9131.0	3.0	87.27589499999999	60.17494	98.35584899999999	88.86925500000001	0.280359	0.361028	0.688824	0.323377	13.071501	1.0	53.241199	20.321932999999998	4.0	0.023906	0.494487	4.0	75.242257	3.4237260000000003	2.0	5.300215000000001	5.403807	1.0	0.01652	1.23663	3.0	78.988433	1.4394040000000001	5.0	27.9847	19.004737	6.0	54.954762
9241.0	3.0	95.32401800000001	80.301154	63.82632099999999	14.070996	0.819708	0.16703099999999999	0.20644200000000001	0.8963479999999999	23.34648	4.0	18.572682	8.090075	1.0	0.010136	3.818164	4.0	52.823066000000004	24.577402	6.0	20.229889	73.125811	3.0	0.185332	1.305812	3.0	63.032543000000004	1.530924	6.0	61.173438	1.2867959999999998	5.0	65.560358
9507.0	3.0	2.293603	59.54999599999999	93.295162	1.359743	0.67184	0.399029	0.62632	0.147883	69.437506	3.0	34.324733	16.296447	2.0	0.017406	10.572792999999999	5.0	4.615952	3.303526	1.0	29.260407	50.121774	5.0	0.015475999999999998	4.337162	6.0	48.273283	2.9138	5.0	47.922265	4.167513	3.0	29.611132
9523.0	3.0	15.405118	12.675066000000001	83.303936	51.79067	0.46513999999999994	0.11676500000000001	0.717067	0.254688	32.48023	5.0	70.672435	24.292239000000002	6.0	0.012837000000000001	4.873318	2.0	1.246766	4.135815	1.0	99.309887	60.827845999999994	1.0	0.033573	5.648356	2.0	5.064806	2.5564430000000002	2.0	54.580725	22.37302	5.0	87.61599100000001
9632.0	3.0	28.479239	26.18854	18.764751	17.373058	0.463333	0.718445	0.16447799999999999	0.644486	9.704969	2.0	48.813128999999996	9.705944	6.0	0.027686000000000002	0.552237	2.0	85.057576	15.437623	6.0	26.043243	51.311382	5.0	0.01197	1.0932680000000001	5.0	87.77498100000001	5.768206	5.0	77.519094	7.874811	4.0	94.96932199999999
9732.0	3.0	57.096593999999996	32.975333	66.27691	62.440332999999995	0.336916	0.13824	0.7884399999999999	0.951516	18.501499	2.0	89.271334	22.465486	4.0	0.010121999999999999	3.126824	6.0	36.896919	12.416423	4.0	40.627607	69.950788	5.0	0.131046	5.663873000000001	6.0	4.714618	0.693756	5.0	37.502367	19.643504	2.0	48.300892
9762.0	3.0	52.109639	66.899235	68.061272	31.414631	0.505469	0.25654099999999996	0.375051	0.51531	28.175385	4.0	36.977499	24.343857999999997	5.0	0.056026	15.429853	1.0	12.024733	1.089626	2.0	65.289746	78.448328	1.0	0.048014	1.444207	1.0	10.275912	2.642236	3.0	25.331678	18.404463	6.0	39.440447
314.0	3.0	84.198167	59.286488	95.610941	17.279476000000003	0.882918	0.9292100000000001	0.586653	0.380075	55.08085	5.0	34.448828000000006	10.516876	5.0	0.014884	15.286222	3.0	1.221495	8.740655	6.0	13.881282	58.33751899999999	2.0	0.39133	1.9371770000000001	3.0	62.18775600000001	0.8224239999999999	1.0	92.896178	12.406407000000002	4.0	10.845125
322.0	3.0	32.605136	33.658916	36.656087	33.143008	0.30378099999999997	0.19946	0.10799700000000001	0.72423	52.675298	6.0	33.163401	15.718418	3.0	0.010265	17.656879	6.0	1.744594	5.89463	2.0	9.884853	38.399938	1.0	0.024446000000000002	2.712543	6.0	52.47765	5.127436	6.0	18.899701999999998	3.477694	5.0	76.31298100000001
988.0	3.0	63.414381999999996	85.38014799999999	80.99222900000001	12.963066	0.764972	0.242731	0.506959	0.141875	8.791011	1.0	8.361094	6.272664	1.0	0.01312	0.769084	2.0	28.427071	0.44401999999999997	2.0	66.175379	18.85662	5.0	0.057244	2.438391	4.0	58.236185	1.8125229999999999	1.0	19.183798	14.081141	6.0	77.199835
1354.0	3.0	35.095081	38.217073	63.11376800000001	67.605552	0.19596	0.1808	0.409934	0.887317	19.738058	4.0	17.561014	5.694476	1.0	0.016311000000000003	2.821878	4.0	2.194613	2.168759	2.0	88.696258	63.391641	1.0	0.012306999999999998	1.286165	6.0	70.88686700000001	3.317069	3.0	26.353817	17.291732	6.0	49.303816
1722.0	3.0	56.997707	82.834772	62.729980000000005	91.23219499999999	0.7364470000000001	0.764083	0.309874	0.813983	53.486656	3.0	58.976383999999996	23.326455	2.0	0.061775	0.9921969999999999	1.0	70.894352	0.45356599999999997	2.0	20.097095	37.716891	6.0	0.011079	0.785905	5.0	43.910802000000004	1.337969	2.0	91.89192800000001	5.052005	6.0	84.885616
1743.0	3.0	55.41613100000001	48.780033	61.037191	40.149305	0.266872	0.8862690000000001	0.748042	0.376934	40.173935	2.0	68.18966999999999	23.042821	1.0	0.016401	3.44386	5.0	2.552554	2.222021	1.0	49.568593	39.103459	3.0	0.013189	2.5660950000000002	4.0	50.818113000000004	0.6414340000000001	4.0	74.908212	16.745898	6.0	48.243342
2012.0	3.0	58.278763	67.288302	34.556707	29.543153000000004	0.9922639999999999	0.50842	0.114253	0.9439040000000001	59.940979000000006	2.0	22.709349	1.6123040000000002	2.0	0.066852	0.578183	3.0	38.079859	11.631625999999999	4.0	47.54846	58.647119999999994	1.0	0.019694999999999997	0.865809	4.0	36.024289	1.085223	6.0	43.645005	6.487830000000001	3.0	42.692681
2047.0	3.0	94.644483	74.451388	97.769009	77.252606	0.40026	0.543032	0.684167	0.796658	2.816416	3.0	71.00080799999999	5.681788	5.0	0.048736	0.562466	3.0	41.942152	24.652711	2.0	22.772122	47.858183000000004	1.0	0.052099	0.88045	6.0	72.140904	3.09738	4.0	72.824065	6.9640770000000005	5.0	98.465328
2169.0	3.0	79.589526	29.436605	91.599819	82.170939	0.370777	0.9250799999999999	0.56779	0.6193810000000001	10.919269	5.0	21.210792	11.090222	1.0	0.051292	1.6819689999999998	1.0	83.454373	22.944074	2.0	33.119034	30.424135999999997	2.0	0.115801	0.380037	5.0	97.400511	4.196975	5.0	65.367414	6.56084	2.0	90.46629
3078.0	3.0	51.841055	56.539823999999996	12.588441	35.384077000000005	0.202747	0.687995	0.158996	0.31508	48.374377	3.0	78.545366	9.964024	1.0	0.233744	3.757249	2.0	60.148818000000006	1.448161	4.0	40.209856	33.61269	3.0	0.014223	1.2088079999999999	3.0	19.595312	0.9973780000000001	4.0	90.803354	18.591328	5.0	44.354566999999996
3130.0	3.0	85.797313	45.260523	73.241074	68.092247	0.598188	0.183365	0.406006	0.39469699999999996	7.221166	4.0	37.794243	9.666649000000001	6.0	0.018784	0.962526	4.0	65.81636999999999	5.397151999999999	1.0	25.253135999999998	10.225512	1.0	0.016668000000000002	1.2736450000000001	6.0	7.491553999999999	3.950041	6.0	31.437116999999997	22.294943	6.0	28.602261
3246.0	3.0	56.763723999999996	50.434709999999995	40.719891	14.134113000000001	0.761596	0.715254	0.9311510000000001	0.5115770000000001	78.458663	6.0	84.78796899999999	3.071281	6.0	0.016472	13.274417999999999	5.0	2.47761	0.387462	3.0	4.233363	53.088586	6.0	0.066742	4.287447	3.0	9.857507	1.3968459999999998	4.0	3.70359	7.709511	3.0	77.756445
4373.0	3.0	82.307285	94.323468	44.57105	75.232677	0.796905	0.136679	0.27365700000000004	0.275754	44.323535	1.0	92.853836	21.857605	6.0	0.06374500000000001	5.97236	6.0	29.233594	1.792296	2.0	87.321339	13.138987	2.0	0.01204	0.086735	1.0	51.5946	1.294484	4.0	49.121577	17.602116	2.0	47.207955
4387.0	3.0	88.10375	70.969985	96.16747099999999	95.654044	0.7677189999999999	0.122002	0.45646400000000004	0.872346	69.00715799999999	6.0	82.57386	9.772105	4.0	0.019755	0.273298	3.0	23.488898000000002	24.513923000000002	5.0	9.214667	65.777773	5.0	0.029057	2.724047	5.0	33.449894	5.188079	3.0	57.155893000000006	18.535679000000002	2.0	27.126374
4512.0	3.0	85.243601	29.133532000000002	87.737666	56.799518000000006	0.13276300000000002	0.5108050000000001	0.642991	0.9979389999999999	76.665425	1.0	19.765606	19.675836999999998	1.0	0.019403	16.041849	3.0	80.112877	12.676064	5.0	3.031736	59.613960999999996	3.0	0.016212999999999998	3.6192800000000003	6.0	51.135326	3.666458	3.0	4.666022	18.523032	2.0	84.804227
5005.0	3.0	80.705148	86.51569	60.563908999999995	54.300532999999994	0.375945	0.135693	0.8763799999999999	0.127908	72.41111	6.0	75.59774	21.811144	6.0	0.015648	10.080394	1.0	25.752373000000002	13.707861999999999	2.0	44.012685999999995	16.863517	1.0	0.017592	0.8662290000000001	3.0	85.234276	2.0449990000000002	3.0	19.905518	16.082993	1.0	30.015501
5300.0	3.0	83.129593	77.514623	52.713609999999996	10.314602	0.8062199999999999	0.851527	0.195992	0.310835	33.239477	6.0	60.573021999999995	12.636746	3.0	0.018345	4.6043080000000005	1.0	4.026356	7.8320419999999995	5.0	1.598068	24.42736	3.0	0.067535	5.761357	5.0	94.70021	3.8974800000000003	4.0	50.810246	1.9959810000000002	6.0	80.926407
5653.0	3.0	79.085708	57.479223	75.752236	17.288919	0.387719	0.162431	0.7480399999999999	0.557925	17.220597	3.0	3.673692	21.800866	1.0	0.017074000000000002	1.669016	3.0	84.430008	0.296745	6.0	14.797493	22.576021	4.0	0.13503199999999999	3.9538	2.0	20.757772	1.820652	5.0	9.488161999999999	16.107382	5.0	65.281513
6151.0	3.0	41.144290999999996	89.612735	76.088724	79.251621	0.678396	0.724367	0.253594	0.62083	24.759120000000003	3.0	48.615002000000004	23.678420000000003	1.0	0.042476	4.184741000000001	2.0	20.465932000000002	13.688622	6.0	8.581476	74.881504	4.0	0.011746	1.493552	2.0	72.42256	5.893066	3.0	62.58003299999999	2.121397	4.0	93.280328
6668.0	3.0	68.507369	16.604941	59.84056999999999	3.01788	0.45613000000000004	0.562136	0.163736	0.272971	52.979746	3.0	27.281408000000003	13.333924	1.0	0.098952	3.6298730000000003	2.0	71.80996	25.213692	4.0	10.448443	23.568917000000003	3.0	0.020549	1.302917	5.0	85.09413599999999	5.665229	3.0	87.744925	6.258502	5.0	75.795643
7211.0	3.0	76.62869	71.226349	97.727114	34.604263	0.169235	0.800766	0.754066	0.512112	45.783947999999995	1.0	77.432136	18.685341	1.0	0.019653	13.191859	2.0	91.17273	17.948535	4.0	4.232903	64.247342	5.0	0.023769	2.8819060000000003	6.0	98.12356700000001	3.260593	6.0	79.595988	11.095343	6.0	41.023027
7463.0	3.0	6.818111	36.871324	81.966348	64.40718000000001	0.824117	0.23231	0.47235600000000005	0.454502	44.250584	1.0	78.059802	19.580707	4.0	0.024753	8.034085000000001	5.0	2.952613	1.294442	2.0	71.10733	38.187362	1.0	0.091048	2.044069	6.0	26.262268	0.26006799999999997	6.0	9.8358	14.86793	6.0	73.954634
8049.0	3.0	13.015928	79.206924	53.023838	75.92513000000001	0.242308	0.6932550000000001	0.125244	0.422806	19.753759	4.0	6.959356	24.419598	1.0	0.056151	0.378888	1.0	71.38669	3.49212	1.0	62.564845	50.951099	1.0	0.027030000000000002	4.589291	5.0	50.441989	3.522408	5.0	5.477678	7.2888720000000005	6.0	96.106544
8211.0	3.0	41.627677	45.901269	74.20951	70.274346	0.405179	0.167905	0.21508899999999997	0.9308290000000001	61.634391	6.0	53.772819999999996	22.543778	1.0	0.112856	0.946636	2.0	80.522511	3.2154	3.0	27.852390000000003	32.869115	2.0	0.045208	3.005661	4.0	91.59786899999999	2.728427	5.0	73.161425	23.226243	5.0	24.970682999999998
8327.0	3.0	95.387254	78.010427	98.68610799999999	63.140391	0.153899	0.874704	0.5562050000000001	0.917884	45.208459000000005	3.0	54.749526	13.364082999999999	5.0	0.010102	5.197894	3.0	2.5486459999999997	0.852352	1.0	89.590859	33.990296	4.0	0.012158	0.677237	3.0	64.415243	4.302901	1.0	86.663623	18.043978	3.0	52.556799
8659.0	3.0	68.90916700000001	31.755809999999997	14.089832000000001	20.793923	0.823584	0.714173	0.8864719999999999	0.5508529999999999	59.676551	5.0	27.773821999999996	20.118976999999997	2.0	0.010772	17.59725	6.0	1.278377	0.716966	6.0	89.447039	76.999026	1.0	0.016099000000000002	1.88868	5.0	7.826039999999999	3.4192129999999996	3.0	45.968879	23.393196	6.0	16.289839
8879.0	3.0	83.00019	73.111964	49.937695	54.341547999999996	0.23022199999999998	0.28823499999999996	0.240601	0.495246	66.79274000000001	5.0	82.525062	11.079386	1.0	0.015338999999999998	16.684409	1.0	9.387534	6.139757	4.0	64.281249	37.220659000000005	2.0	0.274311	2.433364	5.0	16.451135999999998	1.426928	3.0	94.545434	18.727485	6.0	30.560576
8968.0	3.0	74.530226	82.851869	77.147708	20.583375	0.7723720000000001	0.19578199999999998	0.257617	0.762954	18.100561	4.0	1.259334	12.051962	4.0	0.042655	6.843033	6.0	56.166363	20.045328	2.0	15.98763	9.857348	4.0	0.622379	5.041894999999999	5.0	92.108088	1.278124	2.0	63.353267	5.43015	3.0	86.872334
9131.0	3.0	87.27589499999999	60.17494	98.35584899999999	88.86925500000001	0.280359	0.361028	0.688824	0.323377	13.071501	1.0	53.241199	20.321932999999998	4.0	0.023906	0.494487	4.0	75.242257	3.4237260000000003	2.0	5.300215000000001	5.403807	1.0	0.01652	1.23663	3.0	78.988433	1.4394040000000001	5.0	27.9847	19.004737	6.0	54.954762
9241.0	3.0	95.32401800000001	80.301154	63.82632099999999	14.070996	0.819708	0.16703099999999999	0.20644200000000001	0.8963479999999999	23.34648	4.0	18.572682	8.090075	1.0	0.010136	3.818164	4.0	52.823066000000004	24.577402	6.0	20.229889	73.125811	3.0	0.185332	1.305812	3.0	63.032543000000004	1.530924	6.0	61.173438	1.2867959999999998	5.0	65.560358
9507.0	3.0	2.293603	59.54999599999999	93.295162	1.359743	0.67184	0.399029	0.62632	0.147883	69.437506	3.0	34.324733	16.296447	2.0	0.017406	10.572792999999999	5.0	4.615952	3.303526	1.0	29.260407	50.121774	5.0	0.015475999999999998	4.337162	6.0	48.273283	2.9138	5.0	47.922265	4.167513	3.0	29.611132
9523.0	3.0	15.405118	12.675066000000001	83.303936	51.79067	0.46513999999999994	0.11676500000000001	0.717067	0.254688	32.48023	5.0	70.672435	24.292239000000002	6.0	0.012837000000000001	4.873318	2.0	1.246766	4.135815	1.0	99.309887	60.827845999999994	1.0	0.033573	5.648356	2.0	5.064806	2.5564430000000002	2.0	54.580725	22.37302	5.0	87.61599100000001
9632.0	3.0	28.479239	26.18854	18.764751	17.373058	0.463333	0.718445	0.16447799999999999	0.644486	9.704969	2.0	48.813128999999996	9.705944	6.0	0.027686000000000002	0.552237	2.0	85.057576	15.437623	6.0	26.043243	51.311382	5.0	0.01197	1.0932680000000001	5.0	87.77498100000001	5.768206	5.0	77.519094	7.874811	4.0	94.96932199999999
9732.0	3.0	57.096593999999996	32.975333	66.27691	62.440332999999995	0.336916	0.13824	0.7884399999999999	0.951516	18.501499	2.0	89.271334	22.465486	4.0	0.010121999999999999	3.126824	6.0	36.896919	12.416423	4.0	40.627607	69.950788	5.0	0.131046	5.663873000000001	6.0	4.714618	0.693756	5.0	37.502367	19.643504	2.0	48.300892
9762.0	3.0	52.109639	66.899235	68.061272	31.414631	0.505469	0.25654099999999996	0.375051	0.51531	28.175385	4.0	36.977499	24.343857999999997	5.0	0.056026	15.429853	1.0	12.024733	1.089626	2.0	65.289746	78.448328	1.0	0.048014	1.444207	1.0	10.275912	2.642236	3.0	25.331678	18.404463	6.0	39.440447
