3	1	6.308171	9.080511	-9.372568	-5.964813
5	1	7.328642	7.325403	-13.751923	-6.382017
12	1	-3.470917	4.797277	-6.026215	-2.942156
38	1	7.553444	0.587299	-7.306561	-8.955792
43	1	-6.109386	-9.355740	6.136557	8.111118
53	1	5.434737	8.520279	-11.489440	-5.143342
55	1	9.353602	7.688662	-3.282740	-10.494063
57	1	7.590303	7.131428	-9.911097	-3.382145
58	1	-7.551246	-6.467650	5.252482	8.259700
70	1	-11.225429	-7.880504	7.168950	6.761053
80	1	-12.274265	-2.635127	8.310918	6.278951
81	1	6.216781	8.372600	-11.092011	-4.797066
82	1	-8.961745	-7.572034	8.819557	8.341733
88	1	-8.669925	-7.213094	7.344460	8.820754
93	1	-6.047805	-9.229271	6.670174	9.209232
118	1	7.656864	7.280067	-15.801711	-4.025686
128	1	-7.337333	-5.480080	6.861699	9.067458
130	1	7.831152	8.847656	-7.622484	-1.969097
137	1	-4.822131	-9.058886	8.106736	4.925145
140	1	-7.248467	-7.161838	5.988344	8.293272
170	1	8.693688	9.641452	-10.134932	-1.527469
180	1	-13.076829	-9.237498	8.283674	7.190248
189	1	-13.173339	-6.033173	5.801299	7.434021
223	1	-2.626478	-7.161023	-1.361340	-3.754624
227	1	-10.211325	-0.881173	-7.743591	-6.883430
240	1	6.337185	7.075867	-14.496089	-8.517195
247	1	-14.026703	-3.850918	6.945615	8.660912
254	1	-14.081389	-4.935965	8.107553	9.090730
261	1	-10.542313	-10.291130	8.572644	9.352194
271	1	-6.174117	-6.158145	-4.454007	5.273824
280	1	-5.517680	-10.145015	-1.560148	-7.604727
296	1	7.783996	6.446537	-10.445234	-7.289515
306	1	-15.106197	-1.940718	8.577612	8.157313
314	1	-11.040224	-8.489459	7.493717	7.879750
323	1	7.718169	8.447666	-7.673297	-8.428300
326	1	7.308689	8.061005	-5.677747	-8.300546
334	1	-4.674689	-6.853781	-4.793066	-9.484953
351	1	7.946828	7.571225	-11.106557	-4.158439
352	1	7.567769	5.529776	-11.147958	-4.113119
353	1	6.483553	8.124599	-8.074684	-9.713529
377	1	-10.015110	-9.572062	6.764839	8.452282
379	1	7.622770	7.129432	-13.970057	-8.926426
383	1	6.686111	7.305714	-7.955951	-4.424919
392	1	6.817772	6.904181	-5.212863	-2.630704
396	1	-12.493087	-7.507510	7.530678	6.873720
407	1	6.906125	8.049158	-9.800932	-7.438407
413	1	5.291293	7.041857	-1.507792	3.400114
419	1	-6.919891	-0.152772	8.299140	4.933660
422	1	6.063947	9.341357	-9.667779	-9.381935
441	1	7.430671	8.436250	-10.483791	-5.633468
455	1	-4.693731	-6.761351	8.212617	4.499558
461	1	5.623113	6.156505	-9.651916	-8.254249
469	1	6.538717	7.136778	-7.609998	-4.694382
471	1	-12.604487	-6.138666	9.176415	6.889316
472	1	-4.594460	-7.521323	-2.834744	-6.649231
474	1	-7.814022	-6.261795	7.220903	9.222940
486	1	6.154002	6.813733	-7.437172	-7.501910
500	1	-7.131286	-7.372391	7.344766	7.091145
503	1	-6.786626	-10.498105	1.818399	-1.919488
505	1	7.667020	7.644928	-12.279950	-4.425282
520	1	5.367883	-2.162117	-8.760316	-5.018939
534	1	7.066241	7.762090	-6.029437	-4.179446
544	1	-9.622747	-7.319345	7.202419	6.430924
567	1	-3.100440	-8.483367	-4.613935	-5.637701
572	1	-8.865680	-3.643409	6.824897	8.637744
607	1	-14.539866	-4.591607	7.120499	9.665158
619	1	-10.619062	-9.031091	7.874059	6.634419
621	1	5.418023	8.897748	-10.491598	-5.720975
627	1	4.839141	4.096543	-5.638299	-4.795509
628	1	8.804801	1.780119	-6.239313	-5.182769
642	1	8.885951	6.126350	-9.885385	-7.133707
677	1	-12.602282	-6.253570	8.567074	6.804508
679	1	8.775969	6.972868	-12.905180	-8.037317
689	1	-10.662333	-5.256674	7.841253	7.511582
697	1	-6.411434	-3.845491	-2.333889	-5.579378
703	1	-11.185011	-9.057147	7.037423	7.299743
713	1	-13.109435	-2.448201	6.152487	7.424514
734	1	6.957796	7.862972	-10.923650	-5.659946
744	1	7.404152	4.162193	-7.723379	-6.748237
745	1	-5.151413	-5.850118	-1.619601	-4.706302
750	1	-9.768406	-6.177613	6.297664	7.603151
758	1	6.640333	6.980609	-9.289554	-4.677540
778	1	-8.788383	-7.746358	7.068078	8.454001
784	1	-11.736158	-8.261339	3.560131	6.784496
790	1	-0.149426	-3.756310	-5.940831	-0.583180
798	1	-9.421098	-4.393071	6.878578	7.151019
799	1	-9.651294	-9.455679	7.043916	8.829874
800	1	5.173317	8.396780	-12.180083	-7.371372
807	1	-9.825474	-10.684515	9.506569	6.639458
811	1	5.153498	7.076876	-10.145460	-3.557026
812	1	-5.495492	-1.168635	5.867768	7.022270
821	1	7.294064	7.876351	-9.019753	-4.261559
824	1	8.530272	5.931954	-10.529479	-8.273970
828	1	7.681423	6.503595	-8.650101	-5.930262
834	1	-9.156885	-5.333487	8.576326	9.370513
835	1	-3.467688	-9.796651	-3.146824	-3.176129
847	1	-3.159773	-5.516744	-7.025323	-7.292842
859	1	5.698270	6.588889	-13.153193	-2.289688
878	1	-12.513040	-4.114759	9.335021	6.731326
900	1	-7.874444	-6.053003	9.345661	6.395155
904	1	6.402330	4.912566	-9.691790	-2.980052
911	1	8.399755	8.557582	-12.020813	-4.570334
918	1	7.807532	5.715847	-8.909681	-5.361459
927	1	-9.383926	-9.654534	7.184789	8.866223
931	1	5.102264	7.262726	-8.751076	-8.322089
946	1	7.297795	9.227734	-9.104866	-4.174093
964	1	6.769236	6.554142	-9.622719	-8.669620
966	1	-2.552153	-9.015726	-10.586224	-2.274350
981	1	5.759529	5.018754	-12.700506	-8.355373
983	1	7.738391	6.291432	-8.128111	-6.705776
986	1	6.519296	7.950368	-14.269956	-5.074157
1021	1	7.360625	7.896271	-14.498174	-2.850384
1031	1	-8.931379	-0.543336	8.251934	4.153260
1034	1	-9.125751	-4.564953	9.388965	6.645853
1037	1	-8.438897	-8.239769	-7.093963	0.069877
1038	1	-10.316454	-6.300440	8.022556	6.619828
1039	1	-13.181976	-8.517265	6.476404	6.272611
1040	1	-8.910783	-6.070727	4.594912	7.014371
1052	1	9.506885	6.832729	-7.972743	-3.860043
1053	1	7.841318	6.433141	-11.441927	-1.923229
1059	1	-10.139875	-7.286100	-2.485798	-8.649563
1066	1	-7.373959	-1.771821	4.289309	8.782714
1069	1	-9.190045	-8.511101	7.935498	6.839403
1078	1	-9.441214	-2.984807	7.295581	6.188136
1080	1	7.545315	9.408026	-6.341116	-5.264174
1083	1	-6.664760	-2.841008	-7.676328	-7.375897
1099	1	-5.684309	-8.079816	-4.075966	-8.836941
1105	1	5.570116	8.929967	-11.820201	-3.195283
1139	1	7.386865	8.226471	-6.963272	-7.404344
1143	1	-8.877324	-5.119836	8.133801	6.080827
1146	1	6.473910	9.396688	-13.854456	-6.423055
1181	1	-8.934194	-2.233589	8.138473	6.646358
1199	1	-11.869120	-5.952726	7.286036	8.918567
1227	1	-5.692421	-5.633417	-10.602124	-3.034950
1230	1	7.845545	9.347094	-11.159160	-5.562226
1241	1	8.006056	6.735393	-13.246346	-6.471855
1246	1	-5.398747	-8.139708	-3.677990	-8.570098
1254	1	-3.529699	-3.386102	4.085833	-3.134020
1260	1	7.666982	7.837508	-10.289198	-3.872007
1276	1	8.273986	6.876331	-3.908206	-2.471369
1288	1	6.450216	4.238688	-12.086408	-5.793119
1298	1	-13.599386	-5.538052	5.657156	5.896325
1306	1	-6.121740	-5.797075	-7.816441	-3.090620
1333	1	-6.420280	-6.789744	-8.614792	-8.508971
1356	1	-11.862420	-6.463707	6.734167	7.587688
1374	1	8.252415	7.137156	-12.701103	-6.703636
1376	1	-5.537714	-6.839750	-4.561322	-9.022571
1383	1	-6.574473	-1.007900	6.131914	7.946969
1391	1	-7.026107	4.937933	7.324035	6.326280
1401	1	-7.282341	-6.996620	8.669874	6.595811
1402	1	-9.983910	-10.096072	8.974312	5.493417
1424	1	-2.112173	-3.735018	-8.220312	-3.409129
1431	1	-12.569816	-5.631171	8.602583	7.353980
1437	1	-8.909624	-8.090029	7.575074	6.396071
1447	1	5.140609	8.039863	-12.196152	-6.366625
1451	1	7.745644	6.744471	-13.169385	-7.681301
1454	1	9.093746	6.217931	-16.161599	-5.284250
1463	1	7.132742	8.116269	-11.987756	-5.243640
1472	1	3.450514	-4.043947	6.655798	7.723983
1479	1	6.973994	7.139245	-15.019115	-2.833078
1502	1	6.988717	7.881408	-10.706164	-4.215857
1510	1	6.476411	7.752927	-8.457982	-7.897111
1526	1	-9.927961	-7.369967	7.412714	5.652175
1541	1	-9.511647	-5.682223	6.150709	7.602683
1544	1	-7.798584	3.001500	5.085103	6.452005
1552	1	-12.037371	-5.421361	6.304260	7.973887
1599	1	-8.514010	-9.589763	8.042972	5.458478
1600	1	-5.761908	-9.081494	3.556911	-1.473255
1609	1	5.510546	1.157411	-7.885697	-3.797389
1610	1	7.118203	9.061848	-3.554803	-5.875098
1622	1	6.349875	7.067141	-5.939707	-10.914579
1623	1	-2.611150	-5.638545	-8.638009	-6.881369
1624	1	6.978722	8.903152	-9.570853	-7.442686
1631	1	-5.987944	-5.297583	1.721199	-3.614621
1676	1	7.636753	6.214937	-12.842830	-5.112962
1686	1	5.148640	8.934380	-9.071302	2.370696
1710	1	-5.583532	-9.178764	-12.222565	-6.553472
1724	1	-8.053618	-4.185298	6.643661	8.615025
1732	1	7.226795	6.431651	-10.348137	-4.001097
1736	1	-6.884977	-4.631595	-9.549051	-4.351767
1740	1	-4.506123	-10.069306	8.523925	7.624130
1765	1	7.586737	8.757835	-5.062821	-5.337234
1772	1	-4.301751	-11.006572	-7.504512	-9.201065
1780	1	7.171936	7.220440	-10.745379	-8.434201
1783	1	-12.367467	-6.185570	9.674745	7.709697
1813	1	-9.118711	-5.550587	7.800460	7.384492
1822	1	7.027518	8.734409	-11.371318	-4.770882
1823	1	-7.513075	-6.278585	6.866589	6.540241
1832	1	-7.533286	-4.779366	8.699519	7.417940
1841	1	-1.991669	-8.599961	6.425589	3.967469
1843	1	-9.645361	-3.313009	-0.831420	8.060195
1853	1	-8.640825	-4.648587	7.395469	8.937813
1863	1	5.541537	9.584865	-12.113240	-3.049616
1869	1	-2.987530	-8.099797	-4.951285	-8.827697
1876	1	7.910255	8.206885	-13.812120	-4.892510
1879	1	6.244818	8.055827	-10.139778	-1.049930
1892	1	-4.892367	-2.183625	-3.427950	-5.746678
1893	1	-11.169638	-10.230835	7.654784	8.155923
1895	1	5.714082	8.316938	-6.383396	-12.480709
1899	1	-12.340428	-6.525394	9.455480	6.299437
1909	1	-15.249670	-4.439712	8.998321	9.271438
1915	1	-2.466654	-8.920822	-6.158036	-9.006130
1932	1	-12.005911	-5.873604	6.868220	6.329485
1947	1	-9.153509	-4.801555	6.813689	6.560053
1951	1	5.425783	6.174171	-9.199724	-7.125352
1957	1	7.904892	8.549694	-8.743145	-0.494211
1964	1	6.533813	5.103322	-10.028404	-3.562672
1971	1	6.213316	8.396429	-7.538978	-4.240438
1986	1	-7.439839	-2.376734	7.438859	8.787852
2011	1	-12.082519	-1.461894	3.914274	7.284268
2030	1	-5.474498	-6.566919	5.646738	8.449730
2036	1	9.705004	6.433733	-9.741842	-8.414314
2037	1	-6.242623	-5.489303	9.120003	8.148989
2049	1	8.155578	5.093037	-11.857444	-4.549641
2051	1	-11.072910	-9.009085	7.179702	7.438080
2054	1	-10.028941	-6.860203	6.180917	7.989451
2069	1	-10.792315	-10.543514	9.168953	8.243634
2070	1	6.035555	9.291458	-7.393246	-4.915143
2071	1	-9.780414	-4.610147	5.927562	5.577276
2088	1	5.671414	5.798886	-7.336245	-1.414831
2093	1	8.935754	8.050405	-14.279660	-5.385000
2110	1	6.909785	6.114918	-9.864812	-5.955862
2151	1	5.800255	6.463333	-13.544101	-9.832553
2160	1	-10.170279	-3.551056	7.883555	6.742216
2165	1	-16.511136	-4.033045	5.558007	6.605641
2177	1	-11.222700	-11.374996	6.294441	8.001012
2187	1	7.724868	8.224614	-8.994336	-5.356582
2188	1	6.440655	6.183891	-12.608467	-3.686981
2194	1	9.002457	6.601507	-11.108900	-10.743706
2197	1	8.255112	6.479289	-7.471775	-8.253351
2198	1	-13.648720	-3.755627	6.988172	9.548264
2205	1	7.642391	8.656362	-13.853800	-3.169451
2251	1	-13.617889	-3.421122	6.675850	6.171766
2260	1	-7.186528	-7.170227	6.832768	6.743462
2271	1	5.817529	-1.183072	-7.714677	-5.045514
2283	1	8.594246	8.908538	-13.210762	-5.033995
2288	1	-8.083230	-2.580430	6.496297	4.268749
2293	1	6.571123	5.935840	-6.135634	-7.754035
2298	1	6.575880	7.892323	-8.383994	-3.963446
2326	1	5.419834	9.297326	-9.555159	-7.429259
2328	1	3.159397	6.596698	-15.664549	-7.447278
2329	1	7.860090	8.115941	-7.718023	-8.858588
2352	1	3.110493	-2.008650	9.010068	5.449079
2355	1	6.252553	6.653034	-6.004262	-7.217795
2366	1	-7.424599	-6.597864	6.514647	8.521958
2367	1	-10.170538	-5.746956	7.302521	7.006684
2374	1	-8.677001	-1.095762	5.911319	7.665647
2378	1	8.945677	7.626792	-5.481874	-7.561268
2388	1	-9.201609	-2.870595	7.059348	9.811512
2393	1	-0.555870	-8.539658	-4.243718	-7.742382
2415	1	5.777510	7.775733	-7.478241	-6.179017
2425	1	9.722980	6.038616	-9.246952	-6.519511
2431	1	5.225124	6.533448	-7.720100	-7.640576
2437	1	6.505602	5.503792	-10.106616	-1.833818
2472	1	-5.134825	-6.479289	6.469992	7.813259
2483	1	-4.604367	-9.719340	-4.903002	-9.405393
2489	1	6.998681	6.650870	-10.130301	-8.433020
2511	1	8.548461	8.936065	-10.802857	-9.094500
2516	1	-6.766368	-7.003156	-2.968279	-8.559919
2522	1	3.609860	7.578258	-9.445849	-9.978293
2523	1	6.790129	6.590498	-9.523886	-6.199045
2525	1	8.605494	6.517286	-9.841354	-10.420734
2542	1	-10.847961	-7.006577	7.956318	8.036903
2551	1	-2.614883	-4.026367	-10.203179	-1.576207
2553	1	7.005578	7.622341	-10.759619	-5.810410
2557	1	7.101617	6.662753	-10.592887	-8.944353
2572	1	6.851888	6.251051	-10.326551	-7.415805
2587	1	6.602754	6.732402	-13.561002	-7.732510
2603	1	-9.844392	-7.520608	7.820937	6.752192
2625	1	-6.150276	-6.283382	6.334623	8.002470
2628	1	5.661917	7.344526	-14.397892	-4.245340
2632	1	9.629538	4.504749	-6.783862	-5.633332
2654	1	-10.710373	-4.588215	6.110853	6.327685
2671	1	5.940174	8.689720	-7.456275	-7.796130
2685	1	9.715355	5.837603	-12.709943	-9.905033
2696	1	-10.744246	-1.594465	7.959331	7.684739
2697	1	-8.324930	-4.083474	6.402872	6.073521
2718	1	-6.677991	-7.283326	7.721249	5.676747
2772	1	9.101793	6.889970	-8.438139	-0.288552
2777	1	6.423941	8.511287	-8.792973	-7.038382
2779	1	-8.187391	-1.957798	7.178168	6.359906
2782	1	6.658622	8.481141	-10.369445	-6.342013
2789	1	-10.375742	-4.768573	6.648375	8.459405
2801	1	-11.988169	-8.368644	7.112609	8.706188
2809	1	-10.121795	-6.573973	8.473694	6.937342
2816	1	6.946960	8.936805	-11.522057	-5.719721
2824	1	-13.569368	-1.293511	6.539020	7.290526
2825	1	-9.294217	-5.697600	7.274434	5.251706
2841	1	7.760144	7.091360	-13.349684	-3.522646
2860	1	-8.387644	-5.497118	4.568883	9.073875
2862	1	7.946634	7.916647	-10.161811	-6.790517
2868	1	-7.678210	-9.892792	7.484410	7.021596
2888	1	-11.408851	-7.720278	7.522320	9.767230
2893	1	-9.752590	0.031567	-6.685368	-9.130255
2894	1	-5.618166	-8.870493	7.751979	6.241720
2907	1	-2.228232	-4.121022	7.596946	5.956369
2910	1	-10.030966	-5.005539	6.919241	7.354361
2924	1	6.630510	6.308224	-15.931736	-3.560404
2941	1	-13.087739	-4.491444	7.030790	5.683759
2948	1	-9.648930	-8.587174	-5.057779	-5.104102
2967	1	-1.884474	-5.743985	7.009651	7.649452
2969	1	-8.347563	-7.696814	8.637821	7.627701
2971	1	7.951161	6.665493	-6.250399	-6.709860
2976	1	-7.774278	-7.702994	6.674174	7.897130
2977	1	4.318753	7.688094	-11.136226	-3.372129
2984	1	6.323957	8.086474	-11.743071	-5.306510
2987	1	9.208965	6.451558	-11.589277	-10.103876
2992	1	-8.033787	-5.926225	5.961743	7.548960
2993	1	7.740597	5.126649	-7.769508	-5.924809
2998	1	-7.367708	-4.330404	-4.312544	-7.007244
2999	1	-8.575760	-1.614511	6.787312	7.762710
3010	1	-15.829958	-6.200654	5.714827	8.646521
3014	1	6.365716	7.666643	-10.724578	-7.439553
3023	1	6.051875	6.387622	-5.793147	-6.349297
3026	1	7.724852	5.068930	-12.957908	-7.184878
3033	1	-7.184537	-2.476037	4.640079	8.430154
3047	1	7.367664	8.215954	-13.224954	-5.231368
3052	1	7.050839	7.342018	-7.642514	-5.318534
3076	1	-11.328773	-5.683676	0.990748	0.024587
3098	1	7.721416	5.490258	-8.207203	-6.326856
3122	1	8.012418	6.836023	-10.014427	-7.699442
3127	1	-12.643826	-8.754597	9.144933	6.977688
3141	1	6.374074	9.257332	-7.329797	-5.255850
3143	1	-13.681594	-5.904346	7.737079	8.276096
3177	1	8.444051	7.688347	-15.275603	-6.649742
3201	1	7.540706	7.542994	-10.851548	-4.904338
3213	1	7.347820	7.220667	-6.830933	-7.940911
3218	1	6.764279	8.289053	-13.395670	-4.878372
3219	1	8.890967	8.694185	-10.067900	-5.148094
3244	1	6.441801	8.652392	-9.962760	-6.430270
3248	1	9.497344	9.009913	-9.678494	-5.972881
3257	1	-13.764549	-4.748744	5.988096	8.747369
3258	1	-11.806187	-3.173152	7.559809	7.138517
3262	1	-11.412299	-6.231102	6.476069	7.541614
3273	1	6.394264	8.702646	-9.710295	-5.970554
3279	1	-9.533817	-6.962439	7.696232	4.117917
3281	1	-10.056193	-1.783160	5.416269	8.042479
3283	1	8.926567	6.159432	-12.362999	-3.164603
3284	1	6.510272	6.226795	-12.754498	-6.732365
3286	1	7.266888	8.771044	-7.556210	-9.444920
3303	1	-9.501026	-5.234758	6.482807	6.324125
3308	1	-9.895077	-0.199220	-6.788022	-8.973796
3334	1	-11.734670	-7.176547	7.412875	8.256259
3355	1	-10.272867	-9.625454	5.893556	6.847841
3380	1	7.165433	8.564991	-7.659641	-8.148310
3415	1	-9.738966	-5.921123	-0.838261	-6.967454
3418	1	8.124885	9.374713	-12.971404	-7.734904
3427	1	-6.709949	-5.995042	7.682439	8.153412
3437	1	5.159612	6.814602	-8.742735	-5.370842
3448	1	6.814369	6.870005	-9.879094	-7.322279
3467	1	6.098155	8.269783	-13.691684	-3.543005
3480	1	-9.983280	-6.884655	7.717143	7.985427
3563	1	9.006377	6.134003	-7.850952	-3.519088
3566	1	-4.796204	-8.862476	-10.730607	-0.773753
3568	1	-6.743203	-8.034009	3.577517	7.132306
3569	1	-8.773408	-10.472921	5.536449	7.484368
3573	1	6.947184	5.965413	-3.264986	-7.243887
3577	1	-10.138346	-3.747169	5.360069	7.897758
3580	1	-7.666972	-11.565934	5.536341	7.962688
3581	1	-8.920353	-5.883796	6.527587	5.790776
3594	1	7.889008	9.209837	-9.397721	-6.339492
3601	1	6.671497	8.877625	-9.632050	-6.601885
3611	1	8.163543	9.458323	-11.147951	-5.658059
3614	1	7.214919	8.698793	-9.392481	-6.467179
3619	1	6.109303	5.645595	-10.265515	-3.500599
3637	1	-7.481824	-7.078759	8.632457	7.856897
3645	1	6.518192	6.834861	-3.544383	-4.322725
3648	1	8.033780	7.220747	-14.935593	-4.589593
3656	1	-9.906018	-9.141503	7.290636	8.294960
3664	1	-14.598322	-5.712346	7.254627	7.183028
3668	1	8.002475	7.453955	-8.963557	-5.949207
3691	1	5.993759	9.326421	-14.440170	-5.936615
3706	1	-4.295323	-4.441095	-3.724512	-7.033578
3715	1	7.682238	6.740616	-6.761290	-8.075779
3718	1	-10.853614	-4.125404	4.974668	7.989343
3725	1	4.626230	7.091974	-11.999124	-1.136230
3731	1	-3.444911	-9.974321	6.975778	4.286830
3747	1	8.846933	6.262167	-9.219382	-7.871623
3760	1	6.369332	9.540248	-13.229140	-2.314000
3770	1	6.521989	6.561629	-10.410462	-5.534628
3777	1	-13.766172	-5.955487	7.438284	6.034630
3787	1	-9.745556	-6.247416	7.681088	5.944557
3789	1	7.549163	8.179510	-9.678568	-6.293826
3793	1	6.751853	5.586947	-9.872839	-3.151429
3815	1	-5.972087	-4.059277	5.714897	8.717172
3823	1	-10.115607	-0.097327	9.575149	6.293776
3825	1	6.473173	8.885621	-11.033376	-9.065899
3834	1	-10.291200	-6.578072	6.660203	7.596284
3839	1	5.423826	6.526188	-9.594182	-8.287780
3881	1	7.148751	8.143810	-10.102800	-4.042076
3906	1	6.484766	9.290974	-15.571619	-5.198330
3918	1	5.385553	7.304983	-9.979731	-6.005432
3936	1	5.721103	7.841588	-7.962188	-5.634121
3952	1	-5.844348	-4.179365	7.057344	6.716920
3988	1	6.408292	6.783908	-7.506811	-9.317834
3994	1	8.897361	6.661300	-10.213669	-9.551677
4009	1	6.681373	6.931959	-14.462752	-6.795526
4011	1	-7.831858	-8.322752	-3.044646	-10.855733
4014	1	7.902321	8.836112	-10.490565	-3.089281
4022	1	6.233521	7.870812	-13.310793	-3.845067
4039	1	-10.456617	-4.964309	8.505036	7.531843
4040	1	8.745671	6.351834	-9.189021	-2.277877
4041	1	-8.465009	-6.037118	6.088222	7.167891
4050	1	5.558021	7.035927	-7.535376	-6.302025
4066	1	7.168429	8.120427	-6.440441	-10.343074
4069	1	-10.090746	-4.167233	7.820382	7.815890
4089	1	4.420780	-3.613596	-5.623889	-5.412273
4114	1	-6.628892	-5.640682	6.986823	7.293498
4116	1	6.767587	7.929648	-13.551668	-5.105814
4121	1	8.176439	7.949111	-12.951029	-5.654146
4126	1	-4.798794	-6.920485	5.892203	6.414799
4128	1	-12.426100	-7.162399	8.401300	6.228064
4130	1	4.473773	6.463067	-9.633250	-7.130059
4161	1	6.784843	6.825799	-10.894201	-5.479244
4179	1	-4.760104	-5.571114	-5.962063	-6.335063
4192	1	-6.104898	-9.159659	-3.417861	-8.128079
4193	1	5.276259	7.342332	-10.771229	-4.789200
4196	1	-7.555810	-8.226168	6.029654	5.938660
4206	1	-9.614816	-10.074163	-4.995758	-10.194951
4210	1	-7.611832	-4.187925	7.167711	8.562557
4222	1	-11.430627	-7.662891	6.188134	5.152695
4224	1	7.005544	6.667002	-12.004167	-6.145377
4232	1	-7.535223	-5.263463	7.841846	6.443441
4234	1	-6.325592	-8.186286	5.847583	7.013801
4236	1	7.517174	6.845010	-10.683276	-5.548143
4241	1	6.155307	6.236095	-9.176669	-5.530359
4252	1	6.731835	7.486024	-10.520303	-4.585171
4255	1	6.593498	8.261459	-10.193169	-8.693110
4259	1	-9.482348	-4.752842	5.152208	4.590322
4281	1	4.067271	9.220055	-10.458344	-0.115036
4282	1	6.651771	6.010694	-11.169216	-1.682051
4292	1	-6.386196	-4.568477	9.350535	6.591546
4303	1	7.196778	8.918099	-9.662321	-5.114424
4308	1	-9.550079	-7.594746	7.160050	8.170289
4309	1	-9.342792	-5.598045	5.533221	6.881363
4315	1	-6.189754	-6.338382	9.382932	9.232779
4330	1	6.338772	5.459694	-9.428398	-6.664481
4340	1	-2.485256	-6.661668	8.247125	6.921888
4342	1	-6.214005	-8.201326	6.302578	5.454088
4350	1	-12.132868	-6.184704	5.891709	8.855776
4353	1	-11.971383	-4.424967	8.558727	7.999833
4375	1	-5.568818	-6.924025	-6.133402	-1.132185
4381	1	9.008503	6.657404	-9.645530	-4.044011
4387	1	-4.727245	-6.063042	4.360211	7.231265
4391	1	6.445092	8.081226	-10.089991	-1.319349
4392	1	-7.068826	-8.228495	7.152709	6.517434
4400	1	8.466028	7.903117	-10.640046	-5.393571
4407	1	7.866812	8.344881	-11.575600	-4.604189
4410	1	9.176740	9.271281	-7.442953	-6.905582
4416	1	-6.419356	-5.831325	8.025726	7.585642
4418	1	5.694082	8.951600	-7.317879	2.695000
4432	1	-11.882936	-7.002738	7.156537	7.715974
4443	1	5.363092	5.621309	-11.479697	-6.372958
4444	1	5.367584	-4.979197	-4.928767	-5.798877
4452	1	-7.358695	-6.009305	6.254384	7.003393
4463	1	-8.325274	-2.662475	-8.314380	-7.583704
4477	1	-9.301515	-6.834210	8.752233	7.834579
4483	1	-13.747171	-6.673121	5.077613	6.572423
4494	1	8.078786	8.608546	-13.067291	-2.370218
4497	1	4.505931	6.659214	-6.456646	-6.625576
4501	1	8.232383	7.054353	-10.711703	-5.613137
4503	1	4.877329	7.298312	-6.018470	5.896205
4518	1	9.801965	7.132013	-8.167341	-6.725356
4545	1	-13.768950	-4.229413	8.933509	8.171265
4551	1	-10.119190	-7.703391	-8.304972	-2.015939
4552	1	-10.480482	-7.603925	6.653334	5.498510
4567	1	6.533791	7.585702	-10.633663	-10.134120
4573	1	7.861033	6.687736	-11.344751	-2.439717
4596	1	-5.436901	-5.842286	-5.921714	-9.799854
4608	1	6.757454	6.703277	-13.335385	-8.120244
4614	1	-12.691587	-6.291673	6.704771	9.136471
4621	1	7.857665	7.596055	-8.329907	-9.716627
4639	1	8.564430	7.391321	-9.398870	-4.779448
4641	1	-16.758542	-3.952780	8.633012	8.289603
4646	1	8.385492	6.470813	-4.140460	-5.827728
4652	1	-8.048090	-4.904527	6.735469	8.962249
4655	1	-11.550048	-2.901579	7.556391	8.684169
4675	1	-6.423124	-11.735990	7.072469	6.459482
4680	1	-6.556548	-8.807172	8.249772	7.294106
4681	1	-7.933118	-4.727340	-4.723652	-6.410052
4693	1	-11.389312	-6.359880	9.149991	7.245606
4718	1	-11.891046	-4.948177	6.960998	7.877825
4727	1	-7.405262	-10.325947	8.631683	6.196601
4736	1	4.317254	4.255595	-5.326968	-5.480044
4753	1	-8.831767	-2.334816	8.772898	7.061947
4758	1	-10.318970	-2.903807	4.387601	6.828793
4769	1	6.928205	5.662834	-12.764249	-5.224462
4784	1	-11.726315	-5.303735	7.741270	5.919030
4793	1	-11.468537	2.085005	8.877831	8.969391
4795	1	-15.249925	0.689318	7.918283	7.557878
4808	1	5.231008	8.605791	-7.370465	-10.469285
4818	1	-7.921776	-5.742306	6.597454	8.119297
4823	1	6.792780	7.709038	-6.624883	-6.990904
4836	1	-11.588347	-6.007997	6.982713	5.289024
4860	1	-13.041654	-8.935295	6.413325	8.151773
4876	1	6.953999	3.983090	-7.329055	-7.950653
4898	1	5.793526	8.300883	-14.211722	-7.779587
4965	1	7.351806	6.997966	-15.019679	-3.403075
4966	1	7.618856	6.930056	-10.255345	-7.416734
4969	1	-7.180494	-3.203602	-4.141396	-6.919551
4977	1	-9.305534	-4.908117	4.682949	9.216590
4981	1	6.422021	8.906823	-2.309071	3.988933
4984	1	9.278461	6.263735	-9.956364	-5.768968
5006	1	-1.308906	4.004751	5.012538	6.037295
5011	1	-13.139058	-6.237905	5.406849	9.066889
5015	1	-10.058112	-5.198166	7.778482	7.241225
5032	1	8.176505	4.309106	-8.310340	-6.951729
5033	1	7.989714	6.807986	-7.601665	2.553997
5064	1	-7.933321	-4.769386	7.497935	6.917967
5099	1	-8.801049	-3.164856	6.111243	7.013995
5133	1	-9.469135	-8.136767	6.405795	8.656664
5143	1	6.395975	8.277540	-15.757326	-5.563768
5155	1	8.744388	5.880576	-10.404780	-2.596256
5158	1	-11.401640	-5.709967	6.496865	4.722809
5188	1	6.512331	7.359002	-11.050597	-5.307116
5201	1	2.139574	7.839582	-9.715420	-4.413544
5209	1	-10.529663	-7.510001	6.898933	5.728438
5210	1	-11.394756	-5.583296	7.964371	8.380779
5248	1	-11.322042	-5.918670	4.431682	-1.056371
5250	1	-10.011226	-1.211184	7.214526	7.863787
5273	1	-5.109639	-6.414320	8.701242	6.269047
5302	1	6.635158	4.077104	-5.393618	-8.766818
5310	1	8.939952	5.703039	-10.058545	-7.241932
5315	1	-5.424487	-5.317847	-7.906934	-3.507373
5321	1	-12.367821	-3.660725	5.911827	8.206685
5326	1	-14.762695	-2.962207	5.728770	7.295128
5345	1	8.593997	8.460985	-8.083912	-8.019242
5364	1	-13.182399	-5.697301	7.486068	6.221547
5365	1	-7.556944	-8.827893	7.129177	6.429717
5376	1	6.348766	7.246862	-9.833421	-3.597169
5378	1	8.786593	8.424329	-10.804658	-3.981499
5391	1	7.119342	7.026816	-8.462647	-2.916340
5407	1	9.600655	6.698734	-11.757327	-8.086288
5410	1	-14.281925	-5.965279	7.583663	7.943088
5415	1	-11.641169	-3.336173	7.450454	6.885670
5419	1	-7.698052	-7.835738	0.480528	-5.224220
5430	1	4.434770	6.600678	-10.899422	-7.709881
5440	1	6.465241	7.220236	-8.175102	-5.763752
5444	1	-8.287583	-2.954984	7.046910	8.665245
5453	1	-11.575746	-5.891352	7.736306	5.641045
5458	1	7.337867	7.139548	-14.481868	-2.148056
5479	1	-9.870386	-5.700976	6.707371	8.417427
5487	1	-11.573601	-5.526555	9.451236	6.001076
5514	1	7.225054	8.663475	-13.385988	-5.406795
5540	1	7.163066	8.324253	-6.063933	-4.223324
5551	1	-6.559681	-5.110342	-4.041672	-1.499960
5553	1	-10.598999	-0.803132	7.150571	7.585183
5557	1	-6.089093	-9.310148	8.044526	5.863049
5558	1	8.219542	6.156683	-14.282536	-4.218482
5566	1	-9.470102	-8.142636	6.499735	7.346155
5570	1	-7.359174	-8.886323	-9.626519	-7.719052
5575	1	-9.842393	-7.480632	8.818511	8.107903
5576	1	8.242636	5.877596	-8.748175	-3.496050
5580	1	-11.492972	-6.384387	6.147561	7.378324
5589	1	-10.516998	-6.690521	6.937259	5.704871
5597	1	-7.844729	-5.373609	9.315144	6.541630
5601	1	-6.275124	-7.135656	6.757278	9.364437
5627	1	3.005042	6.555728	-1.319831	2.514700
5628	1	-8.902913	-5.293295	8.328565	5.913811
5647	1	2.424042	1.727474	1.294576	-5.834780
5650	1	-8.849070	-4.950677	-6.903144	-5.168460
5652	1	-10.384838	-0.027229	7.873387	7.193794
5690	1	-10.511720	-2.785358	7.174641	6.989918
5694	1	-9.870392	-2.763734	7.358444	6.638530
5712	1	-9.367116	-4.972356	7.188143	8.015319
5752	1	6.618794	6.917960	-10.970759	-3.235748
5754	1	-10.065562	-4.477411	6.558843	7.668571
5773	1	-5.785280	-5.853228	6.974595	9.441071
5779	1	-11.678336	-3.043222	5.121969	7.594245
5784	1	8.383669	7.220790	-10.254082	-7.173125
5793	1	5.489062	8.861644	-2.906881	-2.714982
5825	1	8.685532	8.803732	-11.234010	-2.198341
5826	1	-10.976466	-2.332912	8.641168	8.987058
5831	1	-14.123192	-4.218767	6.475921	8.797664
5837	1	6.189281	8.124857	-14.774610	-1.732512
5838	1	5.624070	8.979867	-9.670333	-7.313250
5845	1	7.197911	6.298403	-7.939840	1.788954
5848	1	8.378026	7.362494	-5.519646	0.111173
5859	1	4.370064	9.115304	-10.825851	-7.198995
5865	1	-12.731578	-8.105792	6.824304	7.883010
5867	1	9.558715	6.996372	-4.984284	0.841952
5869	1	-8.865257	-6.426360	6.896617	5.975958
5892	1	8.033567	6.349175	-10.082321	-1.722389
5901	1	-12.982991	-8.208899	8.251486	8.612136
5911	1	6.890443	8.243145	-14.526288	-2.098690
5912	1	-7.837640	-6.381434	7.517075	7.476020
5914	1	5.361475	9.041568	-11.736534	-2.760877
5922	1	-6.197336	-7.335966	-7.796233	-3.964522
5930	1	-9.766821	-8.323980	9.049025	5.351540
5943	1	-11.191175	-4.234092	5.821570	6.200585
5950	1	4.168310	6.450604	-10.345848	-4.112590
5958	1	8.833009	7.307388	-2.931673	-7.718874
5969	1	-12.465808	-5.232198	7.391181	8.657152
5974	1	7.362489	9.418006	-9.480592	-7.825149
5999	1	-6.803072	-5.872752	6.808021	7.444422
6002	1	3.717294	-3.455894	-6.765289	-0.830059
6007	1	7.613305	8.439630	-9.626692	-8.261333
6018	1	5.653757	9.366238	-11.698241	-7.971998
6023	1	-7.357565	-6.343430	8.501074	5.478873
6028	1	-13.050091	-5.688991	7.081077	4.747032
6046	1	-10.970203	-5.039408	6.566818	9.503173
6066	1	6.833688	7.503996	-17.366735	-3.955020
6078	1	-7.733045	-4.077161	8.120369	7.820234
6079	1	-6.324712	-5.527174	7.372834	6.896882
6081	1	-9.354298	-7.144046	7.211562	8.931530
6087	1	-8.252054	-3.029279	6.171321	8.657916
6089	1	7.248504	5.926247	-7.833048	-7.842305
6090	1	7.340284	8.583448	-9.681157	-4.043428
6105	1	8.691597	5.349659	-10.934020	-1.470091
6115	1	-4.391703	-7.615852	8.998114	6.014068
6125	1	-8.231804	-6.900354	7.214486	8.596412
6129	1	6.716424	6.714579	-11.400297	-8.140325
6132	1	-11.496049	-5.728512	5.710898	8.748463
6145	1	8.617043	8.422658	-13.668198	-3.943891
6148	1	-6.708563	-1.422453	-6.078960	-3.935386
6150	1	8.651564	7.725189	-16.300393	-5.440807
6157	1	8.212300	8.317092	-5.908678	-2.892481
6160	1	-5.503578	-6.698761	-5.163356	-9.721087
6173	1	9.064081	8.377299	-9.447745	-5.825586
6188	1	6.654607	6.419941	-7.392923	-6.387137
6192	1	7.758019	2.245827	-7.794856	-8.328035
6219	1	5.663272	6.454911	-12.285976	-6.992840
6235	1	-12.672050	-3.960286	7.100615	7.650635
6259	1	8.001584	6.716298	-5.525605	-3.075453
6265	1	6.422573	7.513837	-5.975770	-2.891198
6277	1	-9.838416	-4.738689	7.008302	6.041700
6291	1	-14.590646	-3.516859	8.965030	6.649715
6308	1	7.801597	7.037651	-9.501783	-1.364861
6316	1	-9.572561	-7.689545	7.846126	6.906899
6319	1	-5.593406	-4.888475	5.658516	0.227051
6320	1	6.802215	7.919435	-12.002467	-2.863510
6324	1	7.140662	6.012911	-11.571099	-4.242261
6356	1	8.604020	5.984900	-9.480573	-7.972515
6374	1	6.828814	6.208570	-10.282713	-7.522030
6405	1	-7.705189	-11.477249	7.875733	8.791047
6408	1	-12.345171	-6.670101	7.410473	7.742684
6417	1	6.815273	9.069486	-4.048867	-9.730894
6437	1	-11.140421	-3.926793	6.749068	8.591049
6445	1	9.592342	6.702945	-5.442106	-6.356277
6452	1	6.833347	8.610736	-11.010556	-6.561175
6460	1	-10.211644	-8.128351	6.100091	7.625265
6469	1	7.868732	7.523005	-11.882608	-3.680035
6470	1	-10.159153	-5.349636	6.473242	8.011406
6505	1	6.686272	6.620894	-9.693431	-7.795123
6509	1	4.084873	6.403321	4.551193	-3.686904
6511	1	-9.144233	-2.291710	6.283635	8.091751
6512	1	9.327089	8.671772	-11.691571	-4.888423
6529	1	-15.359757	-5.298065	9.146665	7.503543
6540	1	6.620030	8.081349	-11.945639	-7.015932
6542	1	-10.378413	-6.589281	4.325724	7.371282
6555	1	-5.466779	2.450642	7.220573	8.196614
6572	1	6.471246	4.367869	-8.597650	-5.804439
6574	1	3.482485	7.360827	-9.400788	-8.081600
6575	1	-10.409416	2.087848	6.006592	6.072368
6583	1	-13.761480	-4.515550	7.267476	8.561673
6587	1	7.541873	6.714060	-5.831401	-4.975198
6596	1	-2.231574	-8.979634	8.109622	5.828758
6600	1	9.651293	7.105196	-9.615097	-5.827474
6607	1	-4.385933	-6.663782	-11.473265	-4.761941
6611	1	3.873223	7.183150	-7.769688	-3.619255
6659	1	-4.340244	-7.934045	1.913888	-1.284995
6685	1	7.134742	8.809074	-9.446128	-5.151615
6704	1	7.902892	7.600369	-11.114597	-2.774402
6737	1	-10.651554	-8.990177	6.710042	6.657350
6756	1	-10.574886	-4.441258	6.874433	7.854327
6757	1	6.482947	7.259695	-11.955051	-4.797106
6770	1	-10.062988	-3.499097	7.700998	6.213859
6779	1	7.743926	6.175830	-14.966581	-5.490819
6786	1	5.526183	6.831964	-10.587237	-5.778467
6789	1	-10.717004	-7.043895	8.771077	8.085786
6794	1	-11.580277	-3.586971	8.127277	8.039965
6815	1	8.429453	6.887474	-5.419245	-7.571667
6831	1	-6.539536	-4.910293	-7.741173	-8.535208
6844	1	-8.753732	-7.333902	8.507862	7.249055
6850	1	6.237011	8.688509	-11.012213	-5.745240
6854	1	7.655555	8.416429	-6.279839	-3.897327
6856	1	-9.455847	-7.359425	5.186106	8.205211
6867	1	-8.365658	-6.218612	8.898011	5.520098
6870	1	-11.034079	-6.961069	9.699645	7.131456
6884	1	6.942684	6.156552	-11.742603	-7.814857
6894	1	-7.180118	-9.529514	-3.748725	-6.054398
6900	1	6.853992	6.576638	-8.768150	-6.787664
6902	1	-14.947857	-2.956481	-1.101605	6.784389
6928	1	6.648883	7.636844	-12.645410	-4.185093
6932	1	-7.958652	-5.785934	-5.709397	-7.079265
6951	1	-11.802659	1.540033	5.839923	8.849221
6961	1	-9.635660	-4.678889	6.728146	7.160178
7017	1	7.201474	6.830714	-10.922616	-5.525564
7044	1	-10.535722	-8.306254	6.852881	5.391625
7049	1	0.229890	-5.040671	-7.188942	-8.053007
7053	1	-13.933440	-7.527141	4.470260	8.661659
7057	1	7.976726	6.844433	-3.545651	-5.000241
7063	1	6.500203	7.471133	-6.628562	-5.144440
7072	1	8.126481	9.220961	-14.443651	-1.084659
7089	1	6.592957	9.239221	-12.023558	-8.284223
7103	1	-10.330186	-6.260465	5.598010	8.642925
7123	1	-10.537659	-8.466272	6.577912	7.717916
7129	1	8.780639	9.187390	-13.571054	-3.299177
7130	1	-11.373276	-3.900599	7.662814	7.352774
7148	1	4.156829	-3.160172	-6.959065	-8.477220
7151	1	6.451036	7.367710	-9.170436	-2.876544
7167	1	-5.094120	-11.042383	4.428940	2.268569
7168	1	5.956981	6.775804	-6.893796	-8.597621
7204	1	-7.605773	-7.433790	6.960674	8.612472
7218	1	-7.417960	-4.454963	8.560958	6.928135
7231	1	-4.007509	-8.842609	-6.058602	-0.657931
7246	1	-6.341772	-8.672103	-1.818347	-6.739688
7247	1	-10.975677	-4.309269	7.415873	6.851826
7253	1	6.696276	7.593353	-7.913921	-7.296659
7259	1	-7.151916	-9.751020	8.155424	3.154598
7261	1	-8.455544	-5.356733	6.213164	8.188080
7264	1	-6.936269	-6.950512	6.435886	5.881330
7269	1	-10.795996	-8.030258	8.168956	9.056320
7273	1	-9.446615	-4.684544	7.689900	9.447791
7297	1	8.508997	6.983571	-11.081851	-7.707841
7312	1	-8.710314	-3.317844	8.542125	8.694685
7314	1	-11.090673	-4.238800	8.257740	7.332003
7378	1	-10.161739	-6.184853	8.829362	6.966768
7391	1	2.061352	-4.567640	-6.536839	-6.695587
7400	1	7.782970	7.023992	-10.325883	-7.444474
7404	1	7.103809	9.051942	-9.532363	-2.641153
7421	1	-6.035304	2.615303	6.496001	7.792731
7427	1	-9.503482	-6.817651	6.734053	6.843617
7428	1	6.882654	9.287453	-6.940014	-5.658679
7430	1	6.701097	9.011110	-13.521641	-5.267060
7432	1	8.646535	4.702326	-12.217779	-5.554337
7433	1	-6.345417	-2.330447	8.755730	7.387405
7437	1	-12.390843	-8.501264	6.998246	8.854522
7452	1	-3.905657	-3.097403	6.960981	7.391823
7490	1	9.690581	7.288670	-14.649172	-3.087244
7498	1	-14.682529	-7.976212	0.605072	5.026629
7503	1	6.999718	8.195699	-10.564903	-5.349490
7512	1	-5.882209	-6.041598	-5.683789	-7.563206
7526	1	-12.188968	-3.865716	4.707314	7.307829
7533	1	5.623798	5.866451	-6.525285	-2.862328
7598	1	7.607654	5.509570	-11.969979	-0.619223
7616	1	7.437675	6.489983	-11.222267	-5.404399
7622	1	7.190616	8.591227	-10.521409	-2.477665
7629	1	5.924693	6.773787	-9.218235	-6.021603
7640	1	-6.428148	-8.478741	-5.914072	-7.727421
7644	1	7.731125	7.622112	-4.250510	-5.221099
7666	1	9.228989	6.986635	-3.748140	-2.928907
7674	1	5.476424	7.255378	-12.167766	-3.915001
7675	1	-11.322756	-8.529336	7.403967	7.689290
7676	1	5.771325	9.553086	-14.341352	-2.228892
7680	1	-12.611418	-4.444464	5.958521	6.530870
7681	1	-9.559701	-5.209606	7.388319	7.943015
7690	1	6.407977	8.159304	-9.724111	-3.662325
7707	1	7.805082	5.371399	-10.745112	-7.361121
7708	1	-12.580073	-7.535116	7.779668	2.804472
7749	1	-8.759405	-5.769943	8.267615	8.493284
7753	1	-4.234978	-8.655493	0.194018	-6.995270
7760	1	-14.873483	-8.281838	8.477604	7.855801
7770	1	-13.203168	-7.657186	6.861885	6.391565
7799	1	-1.572140	-5.264563	9.188649	6.863206
7808	1	-11.597312	-5.550384	3.303790	7.914660
7812	1	4.017693	7.484634	-11.091671	-6.881692
7817	1	8.086962	5.433062	-13.948037	-5.068884
7818	1	-9.622831	-7.689828	6.313412	5.183414
7826	1	2.443834	-1.595964	-8.915849	-3.966221
7840	1	5.012726	-0.761280	-11.666725	-1.378695
7860	1	8.300860	6.979915	-10.080195	-6.554822
7874	1	7.630914	7.358318	-2.410902	-6.331935
7875	1	-14.135347	-2.631154	7.456459	6.500350
7897	1	8.604164	7.430145	-7.342126	-8.402233
7904	1	-6.068200	-2.261327	8.338287	8.729775
7906	1	8.632339	9.653467	-7.992665	-8.582580
7921	1	8.731030	5.981990	-8.053574	-5.115406
7964	1	6.571690	7.402176	-12.438072	-1.151049
7970	1	-8.542957	-3.450374	8.464062	8.822403
7987	1	6.494262	6.731281	-16.944772	-5.385637
7991	1	4.104703	7.100004	6.004464	7.124273
8001	1	-6.006423	-8.608114	8.544215	6.127587
8019	1	-8.092237	-2.927688	7.490542	7.830322
8027	1	-11.178686	-7.938286	7.252155	8.247668
8030	1	6.122185	8.700732	-10.911175	-5.490931
8053	1	8.603018	9.307300	-15.221870	-3.377130
8064	1	5.444714	6.877191	-6.378639	-4.887064
8070	1	-11.351223	-6.868624	5.817278	7.995444
8079	1	6.112250	8.577001	-14.546708	-3.305670
8081	1	-12.311438	-6.109934	8.803091	6.661158
8084	1	-11.125411	-6.674218	7.108954	7.202823
8088	1	-12.271810	-5.874118	8.002546	6.072850
8091	1	1.033873	0.956685	-7.542043	-7.756374
8092	1	-4.900144	-4.544927	6.354202	6.785955
8098	1	7.363059	5.459835	-9.802448	-6.750255
8109	1	-9.349015	-6.669448	7.548522	6.245540
8114	1	-7.328701	-4.534738	6.707917	6.703490
8134	1	-8.342702	-11.094615	8.199911	7.698021
8151	1	-14.290001	-4.755890	7.537436	7.178560
8156	1	-2.998021	-5.718970	4.462737	1.752414
8157	1	9.589992	7.985114	-12.452719	-4.995147
8159	1	8.456414	6.578979	-9.981082	-5.899556
8166	1	-9.332868	-6.987016	6.837154	8.637334
8182	1	-12.404961	-7.813717	6.857776	8.187767
8184	1	-8.246603	-7.060383	-6.530687	-5.081014
8190	1	8.109788	7.981284	-9.306655	-1.853555
8219	1	7.501155	6.890906	-15.046588	-3.134667
8258	1	-6.450185	-9.802426	7.407154	8.719434
8269	1	-10.516430	-2.724761	5.364491	8.351051
8276	1	7.763616	8.702117	-9.474876	-4.448376
8285	1	-3.576853	4.769389	5.890500	6.748382
8290	1	6.811615	5.337272	-8.331597	-6.699856
8298	1	6.889856	6.378326	-13.393543	-7.412873
8300	1	-14.184221	-1.714160	4.916986	7.611656
8301	1	-9.234055	-6.311906	5.214877	7.325315
8304	1	5.870661	6.284694	-6.412677	-6.635655
8315	1	5.499413	-0.767555	-7.947636	-4.483313
8324	1	7.385920	6.041239	-8.642351	-8.715111
8327	1	7.183747	7.613591	-9.815505	-5.281907
8338	1	8.437236	5.195419	-7.374529	-1.798773
8340	1	-8.522425	-7.396177	8.298239	6.114903
8342	1	-4.360822	-6.249883	6.627408	5.663774
8345	1	-9.762901	-5.534899	7.695441	6.075981
8347	1	-13.022266	-3.976797	6.891146	6.844915
8357	1	-8.238619	-3.240299	3.204797	9.489957
8359	1	-2.563861	-4.216843	-5.231193	-6.781537
8368	1	5.077939	8.770759	-9.939521	-6.704188
8374	1	9.541673	6.901361	-7.417753	-7.207583
8375	1	-12.358271	-7.056694	6.330305	7.110213
8382	1	9.435849	8.075586	-8.309929	-5.815717
8397	1	-10.370338	-11.073092	7.180400	7.128130
8406	1	7.379992	6.880132	-9.334992	-3.000318
8407	1	7.136946	6.620041	-7.446226	-6.771640
8409	1	7.475282	6.754220	-5.758707	-6.276901
8410	1	6.902363	7.412266	-11.510249	-7.632714
8454	1	9.037954	6.810901	-3.593226	-6.737083
8481	1	7.201253	9.031585	-8.912559	-3.383638
8482	1	6.280240	7.906432	-11.018736	-5.249378
8486	1	-9.101483	-1.363322	5.165266	8.814441
8487	1	8.246564	7.970921	-2.235120	-3.751956
8489	1	-6.782014	-8.044754	7.917262	9.367963
8508	1	5.604121	7.210204	-6.415157	-8.032955
8510	1	-11.253593	-9.109693	8.848204	8.108821
8524	1	-6.581336	-4.297132	5.776769	5.899316
8548	1	5.720994	8.230753	-10.339471	-2.334798
8564	1	8.230943	6.585893	-8.611229	-2.947714
8577	1	-8.339031	-2.589175	4.699958	5.996526
8579	1	-9.931639	-9.913488	6.446009	5.500206
8580	1	-5.949343	-6.222640	8.872710	6.826197
8586	1	-9.767985	-4.285479	8.929347	8.406758
8605	1	-10.504706	-8.158127	8.505375	6.960698
8607	1	7.630650	8.901805	-8.640057	-3.683762
8608	1	-8.172685	-4.388979	-4.192425	-5.502748
8613	1	9.210900	6.569516	-4.927080	-5.935496
8628	1	-7.365720	-7.820570	5.112242	6.639741
8639	1	-11.023003	-8.750521	7.954283	6.174530
8646	1	3.737093	8.569918	-9.409778	-8.678734
8658	1	7.075450	5.880242	-11.337944	-1.076718
8668	1	7.723701	7.811922	-9.971330	-2.790001
8681	1	-11.252341	-7.143418	7.979717	6.364204
8686	1	-13.109038	-3.680970	3.105867	4.751108
8688	1	4.522803	6.379924	-3.007433	5.109339
8693	1	-9.006261	-3.122350	8.397389	7.780225
8743	1	-6.552141	-5.825166	-0.296356	-5.276654
8744	1	-5.739173	-5.970997	8.089587	6.983102
8752	1	8.153959	8.003592	-4.323479	-10.446159
8763	1	4.092311	8.450685	-12.302156	-7.738006
8778	1	-8.253408	-7.219178	9.171485	7.662153
8800	1	-11.313776	-5.123411	8.002266	6.937903
8806	1	-10.580501	-9.442627	7.539897	7.880680
8808	1	2.550395	-2.970165	-2.814463	-1.461737
8810	1	6.268941	8.322571	-14.839281	-5.676985
8812	1	7.403117	8.572801	-8.140009	-5.416812
8826	1	7.874752	5.775092	-11.602853	-8.686320
8861	1	-5.859486	-10.345822	3.705285	-1.590777
8907	1	-2.620510	-7.951096	-7.130803	-3.678905
8913	1	-9.585711	-4.642901	7.771421	7.295339
8916	1	8.714248	6.257732	-5.778504	-4.519201
8925	1	-10.660751	-6.738630	6.473882	9.221650
8926	1	6.636328	7.807744	-15.223945	-4.371958
8928	1	-12.559554	-4.440160	6.567656	7.111447
8934	1	-9.801696	-2.683945	7.219616	7.219823
8939	1	-5.435683	-7.125672	7.263448	8.090934
8944	1	-10.396419	1.099159	-10.102026	2.631897
8951	1	8.486160	7.396742	-12.160340	-3.061694
8960	1	-0.524911	-4.225171	-4.193042	-7.439559
8974	1	-11.176404	-4.691093	7.091245	6.581771
8980	1	6.170677	5.383436	-9.641370	-1.009889
8998	1	6.141370	4.889827	-5.988115	-10.539289
9010	1	5.947359	7.390646	-10.866693	-5.777733
9011	1	6.543964	6.929239	-11.632800	-7.060615
9018	1	7.638804	6.501341	-16.247068	-4.069809
9035	1	-3.823213	-8.001816	-3.503826	-6.924505
9047	1	-1.602095	-7.884834	3.405426	0.682879
9052	1	-10.582528	-3.075208	-3.044520	3.927765
9063	1	6.717042	5.391174	-10.242726	-6.685670
9072	1	6.431622	7.823204	-10.062234	-6.553180
9085	1	-11.454722	-10.803496	9.135132	7.729635
9110	1	7.060492	7.119135	-10.305179	-9.118803
9113	1	-7.643464	-8.626490	5.493530	7.247351
9118	1	-1.252704	-5.892723	-1.025386	-10.351267
9119	1	7.284764	6.032243	-5.836306	-7.429494
9125	1	-6.417471	-4.239189	-3.165886	-1.531797
9131	1	7.417690	5.034814	-8.694589	-2.378439
9140	1	8.929515	7.468800	-10.954304	-7.600457
9141	1	-7.675676	-4.761594	6.981154	7.124241
9158	1	6.940878	6.977604	-14.477041	-3.644624
9176	1	-11.989230	-5.992512	7.026479	8.436862
9189	1	5.425901	7.963575	-12.334662	-5.478861
9195	1	-9.208751	-3.503353	7.410583	8.576538
9198	1	-1.868796	-3.950148	6.462091	6.599332
9210	1	-6.624941	-7.932847	7.751020	6.686244
9211	1	6.776466	6.780484	-14.002697	-6.336468
9221	1	4.706722	8.011833	-7.790954	-6.437421
9226	1	0.384404	-0.813200	-4.110889	-4.228090
9234	1	-10.764505	-4.497946	7.270979	8.147602
9236	1	-6.123756	-0.784610	7.737397	7.500243
9245	1	-4.050155	-7.976115	6.208088	8.413522
9251	1	9.420161	9.077316	-10.548944	-2.860807
9254	1	-10.643821	-4.823285	6.773728	7.350563
9256	1	6.469465	8.976755	-8.008258	0.718987
9267	1	8.654355	9.486291	-9.225673	-7.338894
9275	1	-9.071717	-7.033497	6.659919	7.640578
9280	1	7.910170	8.160877	-13.093070	-7.851772
9282	1	-10.196486	-8.230435	6.641845	6.644520
9301	1	6.561798	6.364489	-7.094862	-6.816247
9302	1	-9.552365	-5.824462	-5.302466	-2.869851
9304	1	3.686799	-2.755653	-6.635478	-8.569241
9315	1	8.886367	7.290674	-9.374238	-4.918892
9339	1	7.031649	8.192555	-14.943577	-7.125765
9372	1	-7.779855	-8.203300	7.096418	7.189555
9392	1	8.856602	6.075819	-11.523928	-4.637434
9406	1	7.566762	6.675792	-11.226084	-5.821805
9415	1	-9.382199	-3.330867	-5.473894	-10.706999
9423	1	-6.152034	5.424322	4.217900	9.271207
9445	1	-2.367323	-1.787657	6.960558	7.799589
9465	1	-10.311451	-10.323197	6.970870	6.562944
9478	1	-9.067357	-3.773546	-1.367633	-6.032425
9495	1	-8.999575	-3.969472	8.283455	8.519818
9506	1	-13.711763	0.071069	8.753350	6.058173
9507	1	6.962544	6.433959	-10.473249	-2.464076
9509	1	7.520206	7.678357	-9.370764	-9.346300
9519	1	-15.019528	-6.198544	3.094547	5.675842
9527	1	-9.390755	-3.448490	7.940282	4.841989
9532	1	-9.582642	-0.833674	4.809910	1.044547
9535	1	-8.142121	-5.284041	7.167465	9.048574
9547	1	-5.234820	-4.960585	-7.467367	-6.589739
9548	1	-14.015794	-8.171253	7.963829	5.863871
9552	1	5.118353	8.087328	-11.085926	-5.672756
9554	1	-8.558682	-7.223873	6.741131	6.009183
9559	1	9.091310	3.714136	-5.753971	-8.510757
9569	1	-10.720494	-3.925550	9.812690	9.086699
9594	1	7.324377	6.855239	-9.907355	-2.915045
9624	1	-0.750236	5.380105	-9.836025	-7.167571
9639	1	-8.186232	-5.578978	5.562558	7.811278
9652	1	5.856187	7.198049	-9.611962	-6.821570
9657	1	-5.742590	3.541821	7.097167	8.770042
9659	1	6.318391	5.819806	-10.186335	-4.277541
9749	1	-8.243865	-4.756045	9.582284	8.918312
9750	1	6.377856	8.162264	-10.813577	-6.579802
9763	1	-5.710863	-7.612012	6.738146	6.888670
9768	1	-9.209768	-5.319346	6.288909	9.259616
9775	1	-4.467885	-5.904584	8.269081	8.335755
9797	1	5.142238	7.125585	-11.771815	-2.751521
9802	1	6.653337	6.527492	-8.910283	-5.789962
9806	1	6.706932	9.351182	-12.254372	-6.926246
9814	1	-8.862301	-6.126156	7.726572	9.496659
9832	1	-9.377563	-6.687065	5.638284	7.618972
9837	1	6.428593	4.566477	-7.446946	-5.367699
9842	1	7.549981	7.827845	-1.584069	-8.509783
9863	1	-9.111607	-7.286620	9.290197	8.056085
9866	1	-6.639596	-9.775791	7.063160	7.170644
9868	1	6.471909	8.115774	-10.182669	-7.064166
9876	1	-5.005386	-1.713492	9.039056	7.414385
9877	1	6.604672	8.675055	-14.292799	-1.383319
9882	1	7.931016	6.904079	-5.901394	-9.252443
9924	1	7.366466	8.754053	-7.530100	-7.004273
9929	1	-3.087661	3.815223	-12.224264	-6.427503
9934	1	-7.413750	-7.035859	8.503284	7.224581
9946	1	-5.072418	-4.795006	-11.456957	-7.069396
9950	1	3.426185	8.070476	-11.564117	-6.841282
9965	1	-9.431315	-2.348862	-8.745200	-3.062011
9985	1	8.577126	6.027798	-9.374917	-7.254421
9992	1	7.253623	7.475401	-8.383318	-5.556501
9999	1	-11.529296	-6.962828	8.979116	6.496615
