uid	num_states	Prod_of_HNF4A	Prod_of_HNF1A	Prod_of_PPARG	Prod_of_SREBF1	Deg_of_HNF4A	Deg_of_HNF1A	Deg_of_PPARG	Deg_of_SREBF1	Trd_of_HNF1AToHNF4A	Num_of_HNF1AToHNF4A	Act_of_HNF1AToHNF4A	Trd_of_SREBF1ToHNF4A	Num_of_SREBF1ToHNF4A	Inh_of_SREBF1ToHNF4A	Trd_of_HNF4AToHNF4A	Num_of_HNF4AToHNF4A	Act_of_HNF4AToHNF4A	Trd_of_HNF4AToHNF1A	Num_of_HNF4AToHNF1A	Act_of_HNF4AToHNF1A	Trd_of_HNF1AToHNF1A	Num_of_HNF1AToHNF1A	Act_of_HNF1AToHNF1A	Trd_of_SREBF1ToPPARG	Num_of_SREBF1ToPPARG	Act_of_SREBF1ToPPARG	Trd_of_PPARGToPPARG	Num_of_PPARGToPPARG	Act_of_PPARGToPPARG	Trd_of_PPARGToSREBF1	Num_of_PPARGToSREBF1	Act_of_PPARGToSREBF1	Trd_of_SREBF1ToSREBF1	Num_of_SREBF1ToSREBF1	Act_of_SREBF1ToSREBF1
187.0	2.0	41.930163	88.836404	98.558566	9.609946	0.8362850000000001	0.161186	0.620423	0.769934	23.784633	5.0	45.178565	13.260072000000001	6.0	0.159142	5.330878	2.0	94.31586899999999	3.4320739999999996	3.0	79.467998	20.939123000000002	3.0	65.166379	20.184735999999997	5.0	1.471866	3.018908	6.0	86.941059	21.348641	1.0	52.121054	16.126688	4.0	44.064328
269.0	2.0	14.843917999999999	34.196332	38.871846000000005	42.564567	0.15651099999999998	0.644636	0.37249299999999996	0.7072970000000001	9.848555000000001	6.0	51.715114	17.820463	1.0	0.025632	4.932951999999999	2.0	35.748247	6.24322	1.0	20.491948	10.968335	3.0	67.35072199999999	12.700553	2.0	7.876142	12.290453	5.0	3.7157769999999997	0.761646	5.0	99.002095	20.486364000000002	1.0	93.614292
338.0	2.0	44.867432	96.808821	43.546344	44.703205	0.779501	0.265394	0.856619	0.192028	6.055347	3.0	19.890419	24.578592999999998	4.0	0.010232999999999999	3.036723	6.0	57.1644	4.717723	3.0	41.931399	1.547684	3.0	77.155423	1.526485	1.0	51.536483000000004	7.690977	2.0	17.703020000000002	10.852598	4.0	95.54204	11.171438	3.0	2.986294
416.0	2.0	85.290173	71.576105	99.731328	93.516364	0.21736999999999998	0.363681	0.24297	0.302608	12.463695	3.0	25.617591	20.385005	6.0	0.021925	1.538002	3.0	67.082611	6.125483999999999	6.0	52.906518000000005	15.472509	1.0	67.17858100000001	17.500099	1.0	25.162607	7.775264999999999	3.0	14.329551	3.0255799999999997	6.0	85.484083	7.467225	4.0	4.841874
438.0	2.0	38.712931	68.920057	49.037549	64.26397800000001	0.547211	0.117381	0.23675100000000002	0.897531	7.125395	3.0	37.415725	12.030788000000001	2.0	0.024555	4.254073	4.0	88.94459599999999	1.9525919999999999	2.0	46.610857	6.964071000000001	4.0	80.09208100000001	2.546311	1.0	58.776081999999995	8.168863	3.0	29.191591	8.976614	1.0	10.780975	0.406568	4.0	96.73354499999999
474.0	2.0	71.107242	63.343499	46.056368	37.063691	0.340088	0.41262299999999996	0.19078	0.49794399999999994	4.09284	5.0	11.854325	10.300815	4.0	0.021255	2.04453	1.0	79.10440799999999	0.540817	1.0	96.662584	19.385410999999998	3.0	74.49825899999999	8.212029	2.0	3.129481	19.40693	2.0	22.53269	11.636363000000001	3.0	14.146604	7.9312380000000005	6.0	16.767626
523.0	2.0	73.548916	55.428761	68.47659499999999	76.729039	0.24921500000000002	0.41366400000000003	0.765893	0.170431	1.403584	2.0	32.973813	9.738997999999999	4.0	0.015036	2.392061	1.0	87.914411	2.5508740000000003	2.0	62.536678	13.644642999999999	5.0	30.083312	0.687891	5.0	60.164547	13.222964000000001	3.0	34.105773	20.350796	2.0	7.274112	1.147864	4.0	26.694043
548.0	2.0	39.224689	55.28549	94.04686099999999	54.877421	0.44950500000000004	0.275562	0.174173	0.626946	8.553785000000001	2.0	60.467197999999996	14.452445999999998	5.0	0.302532	2.821668	6.0	45.910633000000004	1.134622	6.0	59.39181800000001	9.000663000000001	2.0	54.34186700000001	1.9933150000000002	1.0	20.941245000000002	2.354454	3.0	10.321093	9.740148	5.0	25.707819	9.169371	6.0	14.293524
570.0	2.0	71.923209	96.387315	74.35600600000001	67.217045	0.203954	0.892921	0.12501099999999998	0.287051	2.307348	6.0	88.544576	22.385716	6.0	0.014913	2.339833	3.0	49.069276	3.712175	1.0	79.667496	21.82262	2.0	43.364649	8.955447999999999	3.0	9.770806	13.711051000000001	5.0	95.696936	1.594913	3.0	74.07553	3.073481	1.0	84.159142
633.0	2.0	49.762451	73.969854	75.050657	84.219078	0.661744	0.408359	0.101358	0.645644	12.109374	2.0	71.81235699999999	12.152121000000001	1.0	0.010676	0.45196800000000004	6.0	40.761842	2.140475	3.0	41.006405	20.967937	1.0	32.816897	5.385772	4.0	98.907738	14.013902999999999	5.0	5.247747	1.1926379999999999	6.0	56.780614	14.58555	3.0	47.077275
650.0	2.0	75.383927	46.898963	35.940443	91.485978	0.661199	0.187049	0.457379	0.510761	14.744883999999999	1.0	30.722526000000002	10.907986	4.0	0.029981	3.7600480000000003	3.0	43.273896	3.731436	5.0	9.587466000000001	8.420075	4.0	51.639128	16.2913	3.0	91.001345	6.9287160000000005	3.0	82.575075	5.257096	4.0	5.189866	1.078166	5.0	4.601099
674.0	2.0	79.593673	98.191475	95.051879	29.411503999999997	0.294578	0.271539	0.44863100000000006	0.44168500000000005	16.749852	4.0	99.60548	11.461977000000001	4.0	0.437554	1.6220370000000002	6.0	1.9991	1.982387	6.0	35.024467	3.920871	2.0	84.626559	10.125805999999999	2.0	36.465928000000005	2.6716330000000004	1.0	97.41520200000001	0.978469	2.0	39.055021	7.8109020000000005	1.0	85.462992
693.0	2.0	54.678439000000004	31.133915000000002	86.513909	9.384927000000001	0.658211	0.591825	0.356032	0.896481	22.451054	5.0	78.930444	17.202961	2.0	0.11038599999999998	5.730090000000001	1.0	36.201033	4.523193	4.0	54.768887	21.588504999999998	3.0	76.653428	13.664528	5.0	5.908618	13.327385000000001	2.0	13.335037	9.060234	1.0	86.291152	22.631455	3.0	6.385896
874.0	2.0	60.72435600000001	23.1312	32.574065999999995	68.668788	0.267206	0.847899	0.177965	0.101265	4.6477260000000005	4.0	71.808212	20.57145	5.0	0.49028900000000003	2.892159	3.0	80.390684	4.525604	6.0	92.228602	23.600504	5.0	3.237673	20.649024	5.0	24.006007	18.247783	5.0	1.05922	0.5790420000000001	5.0	57.417559999999995	11.732115	5.0	3.934966
896.0	2.0	69.32996899999999	74.705935	18.889864000000003	12.045478	0.959966	0.742021	0.25909099999999996	0.377291	21.992635999999997	2.0	34.019113	10.526197999999999	3.0	0.021703999999999998	2.768992	3.0	73.872519	2.522251	2.0	59.972962	1.7395330000000002	6.0	49.693109	3.018452	1.0	68.86788	4.58329	1.0	19.588227	9.420383000000001	2.0	68.112288	6.668978	1.0	4.599223
899.0	2.0	44.614782	24.689783	68.698134	60.5225	0.883178	0.38157399999999997	0.21782600000000002	0.8955280000000001	2.555244	3.0	59.728875	24.523183	3.0	0.01009	2.5219099999999997	1.0	28.866079	0.420857	2.0	63.375243999999995	15.426410999999998	3.0	63.914381000000006	19.436973000000002	6.0	8.077193	2.741813	3.0	94.660036	13.875274	6.0	36.37832	14.63674	1.0	21.232309
984.0	2.0	45.259883	24.273831	37.248384	67.008718	0.130056	0.16383699999999998	0.829514	0.9581879999999999	13.042488	2.0	18.435017000000002	11.045906	5.0	0.010756	1.244129	2.0	86.093137	0.6805979999999999	1.0	33.956216999999995	6.987423	1.0	26.948551000000002	1.191367	3.0	4.573674	5.676762	1.0	76.266613	0.62502	5.0	32.197876	10.390752	6.0	8.238724000000001
1076.0	2.0	53.539014	62.014065	17.413929	90.114757	0.7294109999999999	0.8631700000000001	0.347437	0.131415	3.171621	5.0	84.170896	18.845587	1.0	0.019249000000000002	0.27015100000000003	1.0	47.792775	2.336888	4.0	82.25431400000001	18.984578	2.0	55.627866000000004	5.11071	1.0	6.643592999999999	5.521594	2.0	26.2861	12.288950999999999	6.0	44.555802	11.627403	5.0	14.087679999999999
1097.0	2.0	43.052325	41.777454999999996	16.06244	29.21655	0.431129	0.983858	0.257668	0.148769	2.7864459999999998	2.0	41.311704	9.069854	6.0	0.06503400000000001	0.346028	6.0	9.15429	3.7494940000000003	6.0	15.031954	5.440035	2.0	12.129676	24.338604	2.0	3.175443	10.765738	2.0	57.888985999999996	0.9561729999999999	1.0	89.539462	3.282022	4.0	70.49126600000001
1098.0	2.0	33.97175	36.606053	79.799014	46.995699	0.989007	0.84836	0.11425999999999999	0.453171	18.322710999999998	2.0	16.17951	24.808518	1.0	0.062557	2.746444	6.0	27.434385	4.157055000000001	4.0	87.971817	6.103073999999999	6.0	85.060074	5.919461	3.0	90.481512	13.064556	3.0	15.460235	0.954131	5.0	60.519789	9.062847999999999	4.0	14.121889999999999
1123.0	2.0	19.905672	38.855478999999995	85.799131	92.132207	0.937169	0.249493	0.353258	0.20088699999999998	2.451438	5.0	5.2661739999999995	7.662975	6.0	0.040239	0.6176560000000001	1.0	98.306931	1.9065439999999998	5.0	96.15193599999999	8.344775	5.0	34.821846	16.311947	5.0	11.085703	8.522691	1.0	41.227990000000005	20.633511	2.0	95.252072	12.353060000000001	6.0	60.155384999999995
1127.0	2.0	5.209021	70.663361	23.478	69.91820600000001	0.142207	0.7464189999999999	0.147776	0.782223	16.22733	5.0	99.926626	3.178727	4.0	0.300606	3.3484800000000003	1.0	69.247608	3.90836	6.0	33.342727000000004	18.315117	5.0	68.256766	25.061925	1.0	7.424747999999999	10.297572	1.0	2.764391	15.487774	4.0	34.038472999999996	4.149525	2.0	37.150104999999996
1168.0	2.0	80.027427	74.443071	41.632019	97.470508	0.9843709999999999	0.156656	0.263104	0.198497	23.508846	4.0	7.336232000000001	22.60606	4.0	0.015391	6.02661	6.0	67.371004	2.260923	2.0	11.472852	22.468867000000003	6.0	97.966267	5.777768	1.0	32.841932	2.617995	5.0	16.922901	6.981005000000001	1.0	33.087165999999996	11.9399	2.0	10.309083
1286.0	2.0	36.182507	93.527906	53.322906	96.88240400000001	0.156359	0.636552	0.143814	0.204191	17.561848	5.0	83.441941	3.480897	2.0	0.122243	4.026822	5.0	14.430962	0.63137	1.0	8.058685	13.154534	6.0	82.114574	7.083177	6.0	69.599994	10.318323	1.0	20.737078	15.242532	1.0	22.125917	3.738585	2.0	17.504719
1307.0	2.0	53.499216000000004	34.266221	86.183934	85.898427	0.8442299999999999	0.500795	0.344033	0.20462	18.52351	6.0	45.656194	22.666076	3.0	0.018848	3.8512459999999997	2.0	10.047285	1.3197860000000001	4.0	2.462182	14.397325	5.0	67.183791	14.966823000000002	1.0	8.25077	0.524782	3.0	10.203869000000001	12.527567	3.0	62.674665000000005	6.4714529999999995	3.0	6.578742999999999
1316.0	2.0	2.927939	74.40228	89.819214	39.680535	0.9422370000000001	0.2047	0.534287	0.477516	16.476132	2.0	28.256747999999998	13.991885	4.0	0.010728	5.885064	4.0	68.745135	2.94944	3.0	50.785273	2.168432	6.0	81.341102	15.875307000000001	1.0	17.738104999999997	3.974214	2.0	5.3985959999999995	5.376799	4.0	51.917386	1.310581	4.0	62.946158999999994
1332.0	2.0	12.496713	55.761607	65.4495	4.462635	0.182023	0.49597700000000006	0.60172	0.649269	4.451249	2.0	70.584467	13.229567999999999	5.0	0.10660599999999999	4.216941	1.0	35.923266999999996	4.721721	2.0	6.176517	12.356653999999999	2.0	91.4262	16.990118	2.0	13.845347	0.6651199999999999	2.0	13.78245	5.072383	4.0	92.220003	4.778168	1.0	98.79177299999999
1345.0	2.0	81.882501	97.510953	65.147411	94.570144	0.6777850000000001	0.40437	0.30943899999999996	0.874553	18.892134	4.0	58.752184	14.618742999999998	2.0	0.027377	1.297759	2.0	52.061885	4.2739910000000005	3.0	24.540961	9.995749	5.0	47.329265	2.0046060000000003	3.0	8.034614	5.240495	2.0	9.362662	19.532657	1.0	84.806852	7.927629	1.0	8.267553
1384.0	2.0	73.04196800000001	14.155242999999999	95.504991	64.429313	0.305546	0.385657	0.512666	0.179003	14.025772	5.0	67.61107700000001	24.098364	1.0	0.01326	2.407677	3.0	34.295235999999996	1.8259720000000002	6.0	58.08388000000001	17.54475	5.0	98.855547	0.7309720000000001	4.0	80.311563	12.086006	6.0	17.08699	6.405751	5.0	3.997075	24.993853	1.0	57.407815
1431.0	2.0	86.957713	56.375052000000004	43.868359999999996	78.50826500000001	0.595696	0.473042	0.158377	0.51297	6.099899	6.0	31.9901	13.162414000000002	1.0	0.015236000000000001	2.762808	3.0	94.877931	6.126869999999999	5.0	21.672081	3.850312	6.0	11.399989999999999	22.419760999999998	1.0	2.413467	3.689083	5.0	34.726425	8.933764	2.0	44.040514	3.762432	2.0	18.558398
1493.0	2.0	64.822616	94.09694300000001	21.992849	12.530631	0.8529190000000001	0.22131199999999998	0.10463099999999999	0.673125	3.519655	2.0	37.240019000000004	14.357717999999998	1.0	0.068602	5.267976	3.0	22.270406	3.233196	2.0	35.65323	16.871457999999997	4.0	40.583943	12.945208000000001	2.0	4.2419839999999995	1.6436	4.0	49.328469	7.990214	6.0	1.2503389999999999	21.671808	4.0	89.919306
1494.0	2.0	26.391146999999997	30.905566999999998	99.330552	90.754954	0.460296	0.46380200000000005	0.528475	0.308526	21.489971	1.0	35.879034999999995	13.043426	5.0	0.034172	1.728777	6.0	6.529797	3.583884	6.0	5.543315	2.554175	5.0	33.785653	14.019809	1.0	97.930022	5.718754	1.0	94.188325	0.9491200000000001	1.0	30.793188	19.062855	5.0	37.5824
1526.0	2.0	92.723686	83.15101899999999	13.02691	99.973605	0.337294	0.9415889999999999	0.180332	0.105024	10.693482000000001	2.0	59.57427	0.973175	3.0	0.023855	1.419157	1.0	32.603827	5.959933	2.0	90.671797	14.164085	5.0	13.18249	4.416273	6.0	7.712853	5.5427800000000005	1.0	10.73709	8.265310000000001	6.0	5.856575	16.17116	6.0	85.263013
1551.0	2.0	98.355109	87.490433	16.998932999999997	16.017391	0.8270780000000001	0.8897649999999999	0.48697399999999996	0.897446	14.959835	2.0	30.579323	6.822178999999999	4.0	0.137293	3.825354	1.0	30.817237	4.276769	2.0	56.247531	9.84544	5.0	28.591203999999998	19.150207	3.0	17.684773999999997	2.648273	2.0	1.19535	1.911689	1.0	24.209426999999998	0.6176689999999999	5.0	26.996817
1736.0	2.0	80.503096	39.50193	76.68633299999999	51.962196	0.161598	0.274034	0.247792	0.151166	0.448683	4.0	29.618973999999998	5.513336	3.0	0.029349	4.029878	3.0	97.650186	3.795875	1.0	60.441079	22.791704	5.0	5.53141	0.356982	5.0	1.560605	6.751741	3.0	35.243292	15.353148999999998	2.0	59.874318	4.685417	5.0	99.343757
1946.0	2.0	60.00119	71.442235	65.04272399999999	60.21252	0.48033000000000003	0.645245	0.27314099999999997	0.114157	1.062127	1.0	10.798285	4.970022	1.0	0.34799800000000003	2.439736	5.0	33.379256	5.603428	5.0	80.91370699999999	10.494699	1.0	44.499164	15.313891	4.0	69.489951	14.85925	2.0	76.856525	2.7667200000000003	5.0	5.1628870000000004	8.237897	1.0	22.815501
1980.0	2.0	31.341136	65.77846	73.132758	89.350115	0.321025	0.983052	0.6904060000000001	0.323439	12.915005	4.0	44.824766	20.571331	4.0	0.07543	3.624859	4.0	63.397881999999996	2.757736	5.0	16.135262	4.281753	2.0	62.514137	15.404982999999998	1.0	15.205603	10.23525	1.0	44.64969	4.264581	1.0	12.552774000000001	3.4021730000000003	1.0	82.338578
2006.0	2.0	74.054858	59.61805	54.860195	1.5817139999999998	0.6160899999999999	0.890609	0.490274	0.500901	3.297747	2.0	26.489872	24.228345	5.0	0.017254	6.147695	5.0	73.07778	4.274744999999999	3.0	82.453541	4.968433999999999	3.0	45.079887	17.952631	6.0	7.087978	9.694483	1.0	16.847798	10.721925	6.0	60.678212	21.568803	4.0	67.885082
2039.0	2.0	25.620773	46.861186	54.402159999999995	19.778589	0.39236	0.728488	0.446767	0.8417969999999999	15.029036999999999	2.0	23.31914	13.933304000000001	5.0	0.017059	1.9529040000000002	1.0	20.245323000000003	4.175715	6.0	46.862854	2.208224	2.0	80.74026500000001	19.997968	1.0	15.624553	1.352524	3.0	27.862206	19.318645999999998	5.0	69.722587	25.085993	1.0	52.982926
2085.0	2.0	49.690829	6.373167	77.687205	21.105698999999998	0.10485	0.524265	0.46424799999999994	0.153199	10.170706	4.0	40.005673	1.431944	1.0	0.068377	0.844252	6.0	11.758515	3.6789370000000003	2.0	28.686602	2.8326130000000003	4.0	58.427538	2.809411	1.0	32.542613	23.592072	1.0	71.68091899999999	16.986435999999998	1.0	69.099553	7.265860000000001	2.0	1.6693369999999998
2136.0	2.0	71.056539	13.434544	97.49757199999999	22.616985999999997	0.542916	0.408478	0.195422	0.72048	20.58462	6.0	9.843889	0.375711	4.0	0.148532	5.8107120000000005	6.0	51.982126	3.1971380000000003	3.0	50.237233	18.173709	4.0	92.944029	14.137324	1.0	71.722437	5.984438	4.0	3.251429	10.037711	1.0	32.80545	6.950724	1.0	70.965052
2214.0	2.0	40.974819000000004	32.17388	22.660966000000002	83.268755	0.322361	0.165286	0.519296	0.341348	2.320379	2.0	82.004579	21.535443	1.0	0.043485	2.267398	5.0	29.610916999999997	4.633554	5.0	20.425031	7.000242999999999	3.0	87.176565	4.879768	2.0	15.715526	0.801104	2.0	47.026889000000004	9.099305000000001	5.0	4.939359	16.053135	5.0	43.08951
2283.0	2.0	60.533478	35.062087	65.663191	15.699876000000001	0.629429	0.656459	0.8476889999999999	0.9507610000000001	1.334858	6.0	94.394021	15.721874	5.0	0.018241999999999998	3.6723230000000004	5.0	49.766356	0.9723209999999999	3.0	16.945346	6.964881	6.0	16.576678	17.904870000000003	5.0	7.791527	15.968664000000002	4.0	1.241113	24.065023999999998	6.0	79.50940899999999	25.138699	6.0	10.693445
2388.0	2.0	41.474228000000004	19.887403	43.641688	38.500327	0.533895	0.729163	0.229492	0.560028	16.964769	4.0	5.015248000000001	18.476222	4.0	0.033299	0.961089	1.0	18.756475	5.809635	1.0	31.488829	1.143405	6.0	34.429562	17.39262	2.0	5.909081	17.845007	1.0	57.969863000000004	13.575701	3.0	56.49434	16.916692	3.0	80.327744
2434.0	2.0	70.246282	42.704549	74.669725	67.880504	0.664921	0.565311	0.731712	0.198433	4.464622	6.0	39.253029999999995	21.293239	3.0	0.06787699999999999	4.755058	6.0	1.350352	5.838042	2.0	74.845959	21.808460999999998	3.0	51.11654	11.580053999999999	3.0	12.888914	3.564455	1.0	5.602041000000001	18.157418	1.0	41.349435	4.117478	2.0	47.698776
2491.0	2.0	24.881841	14.339798000000002	58.165431000000005	30.162882	0.40670300000000004	0.5862970000000001	0.170543	0.627376	9.243708999999999	1.0	64.67225400000001	17.341336	1.0	0.025305	2.558154	1.0	70.165832	4.129472	6.0	21.36713	4.171146	4.0	28.967171999999998	5.946273000000001	1.0	54.244851000000004	1.425183	6.0	91.92054300000001	24.196448999999998	5.0	4.792118	19.51414	1.0	4.928128
2505.0	2.0	29.879371999999996	93.69949100000001	77.91679599999999	9.407128	0.227131	0.909186	0.129486	0.532189	9.320364	1.0	45.16148	12.654607	3.0	0.017324000000000003	0.074869	6.0	47.337343	3.241741	3.0	30.766123999999998	14.545383	5.0	50.785082	3.5498	2.0	39.950259	5.495887000000001	4.0	13.143153	4.829969999999999	2.0	78.696022	2.527212	1.0	10.5646
2518.0	2.0	69.752663	43.778209000000004	28.935986	75.657612	0.489354	0.73352	0.492375	0.541629	12.101436999999999	1.0	39.576086	8.45079	6.0	0.067133	3.060429	1.0	96.745993	1.094351	3.0	31.68742	2.656685	4.0	37.690365	6.479273	5.0	1.0885	12.590485000000001	2.0	3.883495	15.609745000000002	4.0	26.045669	15.516993	4.0	18.918753
2552.0	2.0	92.587963	75.482855	84.985215	8.060551	0.8392120000000001	0.45438599999999996	0.223462	0.251309	9.068746	2.0	30.503614000000002	13.959342000000001	3.0	0.015643	1.4931290000000002	1.0	80.470396	1.6474400000000002	5.0	33.405452000000004	4.382912	1.0	39.66245	21.835235	6.0	27.364234000000003	5.628284	1.0	2.00828	16.495456	1.0	82.991404	2.744425	1.0	40.657123999999996
2553.0	2.0	99.041072	94.68779	99.805976	70.70991	0.383797	0.100841	0.18874000000000002	0.129675	6.604759	5.0	88.780254	2.813853	1.0	0.015118000000000001	3.844983	3.0	42.420358	2.869616	3.0	13.628819	21.755453	3.0	95.306423	22.844476	2.0	32.305363	5.009375	3.0	15.758264000000002	23.978699	1.0	96.694401	24.256729	6.0	8.048452000000001
2561.0	2.0	83.397762	77.288196	43.886905	29.626989000000002	0.673535	0.391882	0.117349	0.9907879999999999	23.110629	3.0	42.455844	12.802004	4.0	0.024204	4.756003	5.0	88.15305	3.575043	3.0	16.745062	11.131299	5.0	55.32629	14.353435999999999	4.0	2.171727	10.335596	3.0	51.706373	22.653498000000003	3.0	27.050047999999997	19.161184	3.0	71.971068
2568.0	2.0	51.560263	83.100989	46.760351	23.480267	0.58531	0.26441	0.203998	0.805728	8.344117	5.0	14.572678	7.770828999999999	2.0	0.019382	4.976095	3.0	44.81904	2.34694	3.0	27.878203999999997	2.724944	3.0	37.322604999999996	18.456657999999997	4.0	1.8403	3.252386	1.0	19.157666	14.212210999999998	1.0	75.379076	22.779705	5.0	84.960571
2646.0	2.0	99.335871	78.660927	41.570166	47.010332	0.61075	0.14586400000000002	0.137774	0.48666800000000005	13.156969	4.0	91.102558	11.382595	1.0	0.01675	2.098621	1.0	24.014829000000002	6.0294099999999995	1.0	47.497267	3.0704	5.0	72.444654	0.422746	6.0	15.643617	6.551675	3.0	83.880588	7.1980710000000006	6.0	13.508011999999999	13.233982000000001	3.0	20.931344
2703.0	2.0	95.383803	47.291911999999996	80.070099	58.765471	0.206695	0.128132	0.192484	0.29491999999999996	3.059027	1.0	77.728998	6.391161	5.0	0.012634000000000001	4.084356	2.0	6.814359	4.912846	1.0	61.746701	12.67047	2.0	96.819098	19.181826	6.0	27.026278	4.262009	1.0	32.346556	22.217733	1.0	26.188281	4.973194	1.0	54.421729000000006
2746.0	2.0	46.067079	64.796651	36.48587	85.193333	0.491704	0.663543	0.561876	0.451209	0.8351559999999999	5.0	17.454766	19.23331	4.0	0.273181	1.881329	6.0	39.410337	3.6051519999999995	4.0	61.287852	14.312075	2.0	57.429188	25.261960000000002	6.0	7.273594999999999	3.2147959999999998	6.0	53.579671	21.672062	5.0	1.825879	1.3503889999999998	5.0	55.959587
2751.0	2.0	58.21175600000001	61.018138	65.65054	92.91971099999999	0.17058299999999998	0.32768400000000003	0.995352	0.25943299999999997	13.092775999999999	2.0	1.61669	19.24846	5.0	0.038955000000000004	5.9550980000000004	1.0	24.743029	5.920772	4.0	65.139195	13.91792	4.0	25.752668	21.900612	5.0	22.822670000000002	7.649592999999999	1.0	40.396252000000004	14.029882999999998	2.0	11.250424	15.502729	1.0	7.051893
2876.0	2.0	61.78838199999999	70.62687	41.37877	69.704842	0.425939	0.9765940000000001	0.741559	0.49799899999999997	16.300957	3.0	61.002302	19.875114	2.0	0.043879	4.1212860000000004	2.0	70.604104	4.763833	4.0	85.696275	23.692771	4.0	29.339230999999998	11.937702	1.0	86.496284	17.42465	1.0	67.946196	4.575259	1.0	21.481747	13.906545999999999	3.0	4.762904
2926.0	2.0	31.333657000000002	46.241089	63.17678299999999	62.607220999999996	0.967356	0.188201	0.6957409999999999	0.120899	22.932060999999997	2.0	26.412612	4.703709	1.0	0.46021599999999996	2.489315	6.0	64.034015	4.3443760000000005	3.0	37.70779	13.243398999999998	5.0	47.894315999999996	13.196017000000001	3.0	6.549291	18.928133	4.0	11.469154	14.588220999999999	6.0	7.220708	7.980053999999999	1.0	74.774404
2948.0	2.0	97.99855699999999	57.462014	89.82594499999999	77.99331600000001	0.7525649999999999	0.123393	0.54414	0.698623	6.795967	3.0	25.035087	5.700068	1.0	0.022261000000000003	3.743603	5.0	93.496525	2.0282869999999997	2.0	63.571172999999995	22.348766	3.0	41.483684999999994	5.670452	1.0	18.218714000000002	3.062305	3.0	8.599925	16.796032999999998	2.0	25.97795	15.6362	1.0	58.510284999999996
2950.0	2.0	84.349327	77.933575	14.610975	68.268074	0.951627	0.6281260000000001	0.399432	0.709547	18.777499	6.0	54.662935	6.449994	1.0	0.036081999999999996	0.606298	4.0	28.690205	4.367844	2.0	16.058526	9.925428	4.0	90.546092	6.972372999999999	4.0	84.58118	11.310047	2.0	34.654742999999996	11.698107	6.0	1.765555	25.327118	1.0	16.546597
2972.0	2.0	98.535174	90.378783	86.033226	86.920838	0.8107810000000001	0.876482	0.43931499999999996	0.40924499999999997	18.18003	1.0	93.670472	14.097363	1.0	0.033237	1.267333	4.0	70.08269399999999	0.601324	6.0	35.787306	3.059308	1.0	72.326626	14.642157999999998	3.0	16.689523	8.764709	4.0	94.168368	12.094184	2.0	2.034322	7.169073	6.0	25.325623999999998
2981.0	2.0	85.840018	71.721241	94.129931	75.669969	0.663868	0.5153270000000001	0.388004	0.11246600000000001	22.230536999999998	1.0	92.043952	9.153925	4.0	0.193919	1.4644709999999999	2.0	11.836863000000001	1.9534099999999999	3.0	44.259699	2.0069369999999997	2.0	52.782008	14.135948999999998	3.0	1.312075	20.876770999999998	3.0	59.976169999999996	14.371804999999998	2.0	99.59482	2.4825470000000003	6.0	99.412453
3056.0	2.0	24.777086999999998	56.101514	27.345629	98.24674	0.565249	0.89879	0.584368	0.922151	1.720659	1.0	70.733707	0.339088	5.0	0.08014600000000001	0.682401	5.0	74.13953000000001	4.228725	1.0	55.744701	10.767356	5.0	67.44969300000001	9.207869	2.0	27.645585999999998	22.688768	1.0	45.473038	21.549169	6.0	3.8547190000000002	2.932328	2.0	69.574989
3111.0	2.0	35.974573	55.818932	97.454595	56.574124	0.23196799999999998	0.839168	0.113907	0.697926	23.646342	6.0	9.473462	6.6382639999999995	1.0	0.012626	1.9284419999999998	3.0	62.809893	0.9584959999999999	6.0	79.634856	23.358933	5.0	86.625495	1.373235	2.0	89.300785	5.336715	1.0	49.934478000000006	19.17428	4.0	51.327264	3.6733569999999998	6.0	1.376967
3113.0	2.0	18.044396	87.171675	51.444886	30.126234999999998	0.734729	0.720675	0.28383400000000003	0.9016290000000001	10.170935	5.0	30.172790999999997	21.093867000000003	3.0	0.014301	5.23059	4.0	14.336835999999998	1.363876	1.0	16.034838	8.903	6.0	99.761054	12.057188	3.0	16.835238	13.979781	3.0	11.055961	0.845374	4.0	11.632432000000001	3.686801	3.0	37.215828
3129.0	2.0	91.54091899999999	83.258821	53.396032999999996	78.452248	0.8535020000000001	0.729646	0.192795	0.22235300000000002	3.8637050000000004	1.0	74.276374	20.013799	2.0	0.012784	4.196432	1.0	3.3603870000000002	0.43585	2.0	15.800987	20.530558	4.0	38.303095	3.964145	3.0	49.722417	17.468347	1.0	15.453698999999999	11.312261	3.0	7.363889	2.9253400000000003	1.0	66.58535400000001
3141.0	2.0	69.664434	84.443016	89.992836	15.317391	0.530085	0.9346190000000001	0.10273800000000001	0.673068	8.39197	4.0	91.190224	0.642892	1.0	0.01053	1.624282	3.0	22.329382	3.161448	3.0	14.782010999999999	5.265866	4.0	67.582722	24.504664000000002	3.0	10.837181	3.0656630000000002	4.0	68.435518	2.948518	6.0	70.803164	16.684976000000002	3.0	28.559286
3173.0	2.0	71.535483	92.349293	73.326483	25.688513	0.160968	0.34421	0.230802	0.9788120000000001	4.795451	4.0	79.74169	5.978893	2.0	0.050707999999999996	3.629605	6.0	87.92519399999999	5.945702	1.0	78.441101	20.849179	2.0	91.498077	5.284069000000001	1.0	21.983027	10.119914999999999	3.0	2.566236	6.578058	3.0	21.359515	21.250293	4.0	59.162154
3267.0	2.0	67.005811	30.792276	20.916449	4.117514	0.79186	0.241271	0.23775700000000002	0.140244	2.01527	2.0	8.497997999999999	8.820592999999999	3.0	0.022629	2.140262	1.0	31.170279999999998	3.5023230000000005	6.0	70.43571899999999	12.908638999999999	4.0	42.053446	2.171006	1.0	35.736513	1.3865120000000002	2.0	18.475904999999997	8.887831	3.0	64.223074	19.271979	1.0	25.577587
3331.0	2.0	7.896033	87.713239	51.02377	48.298624	0.560525	0.39181	0.75083	0.300568	0.460075	4.0	68.16072700000001	17.469911	5.0	0.130164	0.6374489999999999	5.0	36.605157	0.850251	2.0	34.683271999999995	7.1270809999999996	1.0	90.017072	1.930812	1.0	28.338749	2.965945	4.0	50.4837	15.309926	6.0	34.967765	0.473603	2.0	40.649605
3392.0	2.0	95.45299	40.158238	67.954711	95.581385	0.624301	0.568253	0.541038	0.347848	20.811213000000002	5.0	98.514753	15.188151999999999	2.0	0.020788	0.49376000000000003	5.0	45.935131	0.623513	2.0	74.16927700000001	20.638637	4.0	17.434644	17.201235999999998	6.0	95.908367	8.049416	6.0	5.569985	5.088661	6.0	1.560223	14.507024	1.0	92.872198
3497.0	2.0	59.792677000000005	78.272976	18.760017	56.871102	0.132162	0.403594	0.11535	0.16028699999999999	8.094016	3.0	35.944346	6.742972	4.0	0.013364	3.6068480000000003	3.0	60.717416	0.214075	2.0	96.613201	9.245299000000001	6.0	94.768153	5.056331	5.0	9.831487	0.6302989999999999	6.0	71.11227199999999	10.2219	2.0	59.311092	16.020263	5.0	87.076567
3565.0	2.0	75.6516	7.472174000000001	43.752165000000005	55.082953	0.46283599999999997	0.161828	0.387888	0.43017299999999997	17.979277	6.0	95.522983	2.312019	4.0	0.014388	0.28963099999999997	1.0	80.54674399999999	0.31960700000000003	5.0	81.29243699999999	17.646766	2.0	2.7254560000000003	12.886011	5.0	1.802604	6.932788	5.0	13.448738	23.688159	3.0	57.47181	2.978183	1.0	27.422708
3630.0	2.0	32.629311	23.117273	44.462339	74.579115	0.646177	0.246481	0.23472800000000002	0.23233499999999999	8.359352000000001	6.0	42.663277	21.500159	6.0	0.18928399999999998	4.75246	5.0	63.495477	1.6064319999999999	2.0	27.806327000000003	7.752083	1.0	76.084261	19.330392	3.0	84.879412	8.967317999999999	2.0	68.144816	5.820368	4.0	6.833823	24.344431	3.0	3.805853
3692.0	2.0	6.0815980000000005	9.012421	80.715901	14.62839	0.151725	0.167666	0.35894699999999996	0.525447	11.698253	2.0	77.971441	3.4639949999999997	2.0	0.01541	4.355789	2.0	20.407885999999998	4.984062000000001	2.0	36.827054	15.396220999999999	1.0	68.26226899999999	3.335576	3.0	7.565701	4.6723040000000005	6.0	2.975419	17.621433	4.0	20.58459	16.576557	2.0	92.8538
3720.0	2.0	85.29701999999999	90.32554300000001	60.871579000000004	92.160977	0.845245	0.285979	0.154196	0.17916700000000002	23.426775	5.0	29.52812	16.352478	1.0	0.014861000000000001	0.17870999999999998	6.0	2.883204	2.141407	3.0	94.518508	19.71658	1.0	67.466657	2.712634	3.0	29.590474	15.614258999999999	4.0	73.537243	19.719143	1.0	5.794371	17.5168	3.0	20.943682
3774.0	2.0	93.657619	40.89504	97.50830400000001	26.616245000000003	0.167978	0.834316	0.28714	0.984482	8.5371	2.0	95.408182	11.501747	2.0	0.018818	5.330179	6.0	39.233001	0.630212	3.0	36.759543	14.219157000000001	6.0	85.719729	14.666653	3.0	15.777675	7.491822	2.0	15.510914999999999	7.6547979999999995	2.0	66.813908	16.820807000000002	4.0	14.192863000000001
3850.0	2.0	98.657671	85.765489	99.161446	27.739738	0.962735	0.398217	0.9356780000000001	0.9956969999999999	10.066127	2.0	81.962973	7.130575	1.0	0.040401	2.178482	5.0	17.63786	5.5894449999999996	3.0	61.642193000000006	10.404574	3.0	20.739556	17.532631	2.0	1.0284950000000002	9.30457	1.0	86.604873	21.253152	2.0	22.639429999999997	11.958826	6.0	3.3498980000000005
3910.0	2.0	39.515549	18.302932000000002	54.449478000000006	2.8002029999999998	0.7176319999999999	0.104029	0.189245	0.254269	18.217356	6.0	15.374725	8.355392	4.0	0.150713	3.3811370000000003	5.0	18.178589000000002	6.244683	2.0	3.8380019999999995	15.70873	4.0	51.123956	10.864314	2.0	10.546491	3.781978	6.0	14.936320000000002	13.540116000000001	5.0	42.876576	19.392287	6.0	30.104447999999998
3914.0	2.0	57.747184999999995	29.053362	74.828862	76.268054	0.49226800000000004	0.44216300000000003	0.48226099999999994	0.7834909999999999	14.222026000000001	2.0	6.0632	21.436985999999997	5.0	0.148031	3.5357730000000003	2.0	57.576232999999995	0.6190439999999999	4.0	33.674399	21.891539	4.0	48.389611	15.909276	4.0	5.397149	21.069941	3.0	4.546657	6.005082	2.0	54.7225	11.077191000000001	2.0	67.377813
3945.0	2.0	50.671652	66.751824	64.26962900000001	34.520922999999996	0.518405	0.285747	0.9882540000000001	0.431918	8.521927999999999	3.0	86.52289499999999	23.567416	1.0	0.179807	1.1733850000000001	4.0	81.92456899999999	3.986013	3.0	64.267702	16.282475	3.0	94.57469300000001	18.310595000000003	5.0	30.875542	9.253463	6.0	1.13056	2.286251	1.0	81.711928	19.51374	1.0	55.4772
3962.0	2.0	97.543583	14.818562	64.39773100000001	71.930224	0.47302799999999995	0.20981599999999997	0.275001	0.12245199999999999	4.099988	6.0	92.751453	9.903122999999999	2.0	0.03283	4.326127	5.0	40.302265999999996	0.27766799999999997	4.0	9.125085	6.452652	2.0	88.590446	21.522847	5.0	72.163333	7.907534	5.0	45.902229999999996	16.732066	3.0	17.092297	2.2490509999999997	1.0	25.387797
4074.0	2.0	91.68638399999999	15.742914	67.629964	54.403859	0.176304	0.575816	0.945799	0.543496	13.991506	5.0	72.178283	12.001808	2.0	0.0553	4.464477	4.0	88.81438100000001	4.069343	5.0	76.816063	3.114682	1.0	9.810189	4.592721	2.0	34.962363	7.002439999999999	6.0	17.657804000000002	11.357667	2.0	11.976281	6.433887	1.0	12.922303999999999
4076.0	2.0	22.594898999999998	34.815404	66.256582	86.847575	0.23379899999999998	0.22147199999999997	0.535698	0.22451	8.299078	2.0	21.229741	3.689685	4.0	0.015332	2.328752	3.0	1.445179	4.546369	1.0	60.308510999999996	9.21699	5.0	65.955347	15.810247	1.0	46.346416	21.313432000000002	1.0	29.484006	0.990246	1.0	80.980747	6.595347	1.0	81.45196800000001
4101.0	2.0	34.869966999999995	96.339638	43.511578	64.43744000000001	0.907784	0.50343	0.193129	0.795949	18.82283	2.0	7.6575869999999995	24.784858	2.0	0.036645	3.4721379999999997	1.0	54.02235400000001	2.5121290000000003	1.0	42.797804	21.842043	4.0	48.992944	23.839822	6.0	77.824152	8.685014	4.0	6.676521000000001	5.157783	4.0	2.3918779999999997	2.508683	5.0	4.157654
4155.0	2.0	18.259923	22.715963000000002	92.944777	94.153194	0.184828	0.13613699999999998	0.5801390000000001	0.605042	22.529551	4.0	81.61188800000001	12.505502	1.0	0.01013	3.579797	1.0	80.281653	4.334479	2.0	28.306286	19.85876	6.0	44.310522999999996	21.656654999999997	4.0	74.133197	1.258154	5.0	87.44136400000001	24.095744	2.0	3.3701809999999996	10.572119	1.0	76.398946
4188.0	2.0	79.07508	92.024405	91.526201	97.128858	0.391756	0.939833	0.165735	0.538989	15.467628	6.0	64.04669200000001	22.592585	4.0	0.026964	1.492589	3.0	38.975235	2.943504	2.0	43.007903000000006	21.918479	6.0	23.594616000000002	1.557045	1.0	16.594588	7.687703999999999	4.0	83.11842299999999	6.445218	2.0	78.02900799999999	0.572497	3.0	42.663207
4242.0	2.0	44.488166	56.824191000000006	86.040992	45.190837	0.921844	0.39000799999999997	0.41820100000000004	0.147753	12.877324	3.0	72.604698	11.798378	2.0	0.015801	4.874507	6.0	3.645542	6.030386	4.0	12.319747	1.770359	5.0	71.086196	2.520726	2.0	19.904766	12.438436	1.0	88.776732	16.21813	5.0	30.464191999999997	7.552447	1.0	40.487783
4346.0	2.0	52.420739000000005	39.211028000000006	93.312043	87.64394	0.11413699999999999	0.780784	0.420789	0.17405199999999998	4.133129	6.0	30.961494000000002	4.639272	1.0	0.013747	5.420212	4.0	43.53589	1.863572	6.0	30.997611	20.252910999999997	1.0	79.998581	2.45211	1.0	35.754419	13.352734	2.0	71.01000400000001	2.942281	2.0	65.31213199999999	24.260422	3.0	17.560433
4348.0	2.0	52.319173	75.88437900000001	51.102511	44.044552	0.41930200000000006	0.84496	0.168962	0.696906	18.858483	5.0	6.358278	18.370165	2.0	0.014100999999999999	5.523651	3.0	83.664521	0.512483	4.0	34.194821000000005	17.122874	2.0	27.981912	8.804758999999999	4.0	34.442732	13.126562	6.0	22.528562	0.49262700000000004	6.0	35.377431	16.867789000000002	1.0	17.952996
4365.0	2.0	76.548976	42.906921000000004	73.15101700000001	91.502336	0.24519000000000002	0.6543859999999999	0.973125	0.7115520000000001	21.478610999999997	2.0	54.743145	23.54316	3.0	0.013312000000000001	2.8210509999999998	5.0	84.23470999999999	0.716082	4.0	93.913674	5.801858999999999	4.0	88.836023	8.543428	2.0	82.79849200000001	0.729881	1.0	41.515994	14.359853	3.0	12.863763	7.6769300000000005	1.0	49.357154
4375.0	2.0	74.79033100000001	25.827575	79.028155	90.2969	0.460708	0.40034400000000003	0.632475	0.11498499999999999	19.389189000000002	2.0	27.073615999999998	3.9106349999999996	5.0	0.06633	1.9070759999999998	5.0	28.185665000000004	1.965095	3.0	67.41169000000001	1.697423	2.0	32.383006	10.020028	1.0	91.200147	1.451542	3.0	47.358715999999994	20.359535	6.0	10.821991	10.646803	1.0	74.389732
4382.0	2.0	94.726576	83.000013	82.479574	49.429989	0.274433	0.602032	0.15578	0.8372200000000001	7.680652	4.0	55.238889	15.320704000000001	2.0	0.027964	5.1710449999999994	6.0	81.206314	2.230737	3.0	96.428558	17.600175	3.0	18.211589	11.48347	4.0	18.745972000000002	4.221661	3.0	50.042255	0.341276	6.0	21.182636	6.419763	2.0	63.328016000000005
4511.0	2.0	35.674626	52.012526	27.516076	97.795379	0.2529	0.35635300000000003	0.300185	0.489392	12.132757000000002	5.0	65.185838	13.025469000000001	3.0	0.08897000000000001	1.095759	3.0	34.19467	3.690088	3.0	70.713193	20.419009	4.0	81.925034	18.829508999999998	5.0	12.087595	11.576127	6.0	5.698086	1.6753939999999998	4.0	37.839009000000004	1.603759	1.0	17.73777
4585.0	2.0	98.662573	23.922636999999998	94.095628	76.650165	0.21842199999999998	0.782245	0.189245	0.695509	8.198659	2.0	74.71731700000001	5.342854	6.0	0.014672	2.649659	6.0	2.910103	0.8503370000000001	5.0	13.814865	10.603041000000001	5.0	73.707615	17.978257	4.0	13.040725	4.789454	3.0	23.636807	11.8918	3.0	6.4581230000000005	13.015596	2.0	66.53605300000001
4662.0	2.0	16.321463	94.726616	97.008362	56.766068999999995	0.28786799999999996	0.449007	0.394487	0.934262	1.6380709999999998	1.0	17.967744	19.965668	5.0	0.012763	0.9910540000000001	1.0	27.317998	4.3532269999999995	6.0	17.10014	18.170476	1.0	88.82021	20.185217	6.0	14.138647	2.652455	3.0	7.4779029999999995	16.655157	3.0	68.911465	14.490204	2.0	46.590979
4719.0	2.0	50.758576	83.725909	77.44915	88.21047	0.379031	0.49151000000000006	0.380469	0.387365	12.210822	3.0	70.36251700000001	16.711261	1.0	0.15984	1.227471	4.0	56.409974	3.075538	5.0	73.36675	20.85049	6.0	36.255728000000005	1.516039	5.0	88.724807	3.3729160000000005	1.0	63.005720999999994	4.595276	1.0	17.624323999999998	18.402537	1.0	3.0911
4727.0	2.0	29.015946000000003	66.525802	99.087763	85.010942	0.886267	0.259703	0.18924100000000002	0.671473	5.212228	1.0	4.341606	4.978921	5.0	0.05097	1.199694	6.0	55.828975	0.13538699999999998	1.0	35.389683000000005	17.486022	4.0	85.64699300000001	6.974684	5.0	45.990377	0.8611639999999999	2.0	20.635844	12.687914	5.0	16.387876000000002	19.655898	2.0	27.043917999999998
4816.0	2.0	30.756801	81.78647600000001	35.645434	62.218716	0.5352279999999999	0.398929	0.174083	0.23652800000000002	5.650727	1.0	7.904367	22.282608	4.0	0.071232	0.227363	2.0	27.861527000000002	2.604574	5.0	59.464625	13.0393	3.0	31.705158	5.744484	1.0	44.512392999999996	10.794876	1.0	25.894543	17.427131	2.0	25.526362	23.935198	2.0	76.077698
4859.0	2.0	53.240159999999996	34.08556	69.282139	29.889440999999998	0.28058	0.5097689999999999	0.350394	0.2745	6.359719	1.0	42.031459999999996	13.803206	3.0	0.044916000000000005	0.453966	1.0	70.43168399999999	3.581874	3.0	75.965722	6.9992	3.0	50.693459000000004	2.838905	1.0	57.77602099999999	4.997391	1.0	16.863867000000003	13.186143	2.0	41.842827	12.920778	1.0	54.679715
4862.0	2.0	84.905889	99.6833	97.654927	96.771495	0.20971399999999998	0.339731	0.698763	0.139472	23.554954000000002	2.0	44.086075	23.606579999999997	2.0	0.017842	3.722782	5.0	49.186974	1.086455	3.0	36.651587	13.992277	3.0	51.837113	19.059986	5.0	42.878659000000006	19.007141	3.0	25.836503	16.05685	3.0	1.37214	7.188486999999999	1.0	91.19665
4968.0	2.0	28.644913	37.594797	82.942586	89.26309	0.520424	0.155722	0.828227	0.196922	21.290838	4.0	81.796397	11.267982	6.0	0.712255	0.405777	6.0	51.42961	2.94864	5.0	4.1528279999999995	13.134967000000001	5.0	33.240961	6.793977000000001	2.0	91.883375	4.954748	1.0	83.553851	10.373648	6.0	3.542334	1.211187	6.0	1.717973
4986.0	2.0	14.511332999999999	31.941019	60.263162	14.114769	0.253677	0.771433	0.765429	0.746888	1.3684020000000001	3.0	48.735935999999995	6.365076	6.0	0.168972	1.367321	3.0	95.796883	5.555473	6.0	69.03233399999999	17.083827	1.0	42.13965	7.461921	4.0	2.3734290000000002	6.924921	1.0	97.705934	7.274882000000001	1.0	99.446795	16.618686	1.0	92.962846
5022.0	2.0	64.64493399999999	99.785377	89.29881	70.270482	0.739969	0.531366	0.79908	0.827965	21.455842999999998	4.0	79.878589	9.781642999999999	1.0	0.012325	2.508195	2.0	3.577043	0.6095689999999999	1.0	91.584777	18.844405	6.0	88.54470500000001	1.760143	4.0	36.546884000000006	5.912849	1.0	35.368345	0.586545	1.0	54.61421899999999	7.7453009999999995	4.0	8.69387
5109.0	2.0	26.661897999999997	65.87575799999999	68.46279399999999	15.407510999999998	0.305073	0.776502	0.127584	0.5165	22.072015	1.0	33.461115	20.579145	5.0	0.062856	1.5805209999999998	6.0	7.268461	1.7163810000000002	6.0	16.537064	15.98166	2.0	66.966851	23.863267	5.0	6.7723059999999995	22.664927	1.0	76.343685	16.754323	4.0	74.828058	19.645472	1.0	45.525077
5215.0	2.0	57.881744999999995	91.398199	58.970511	83.04681	0.9907030000000001	0.216678	0.613927	0.622975	1.179038	2.0	45.228097	3.03068	3.0	0.011672	6.0167980000000005	3.0	90.388989	3.326479	2.0	28.876079999999998	8.131449	6.0	67.252354	22.568998	5.0	21.959146	3.449244	5.0	71.908202	22.269934	2.0	3.119825	13.039568	5.0	3.3665519999999995
5261.0	2.0	70.48073000000001	27.865571000000003	45.821015	45.003482	0.246773	0.24720100000000003	0.164891	0.8321540000000001	10.326303	4.0	99.778725	5.743466000000001	4.0	0.110144	2.412387	1.0	97.29369100000001	1.608201	3.0	73.06704599999999	5.866416	3.0	37.457011	16.317687	1.0	52.384312	10.770667	1.0	25.459915	8.284697	4.0	43.386396999999995	8.49825	2.0	1.6418830000000002
5283.0	2.0	78.782925	31.302139	43.672714	53.054467	0.684924	0.61555	0.36874	0.710241	13.473097000000001	3.0	45.894482	1.781095	4.0	0.119102	0.6242989999999999	4.0	38.051567999999996	2.697698	4.0	83.299426	19.500821	4.0	2.061918	15.576004000000001	1.0	1.34545	22.636568	1.0	84.868211	8.240442999999999	6.0	55.056658	20.031036	1.0	39.576417
5291.0	2.0	14.660479999999998	32.35321	65.264718	93.873491	0.23620700000000003	0.564444	0.176945	0.8642559999999999	3.975454	5.0	56.444421999999996	6.365183	1.0	0.025943	1.011478	2.0	62.821064	1.062343	1.0	45.347557	8.75233	4.0	31.972084999999996	7.158085000000001	1.0	41.385645000000004	4.7108550000000005	1.0	7.09548	22.350260000000002	6.0	27.384146	12.238197	1.0	7.325417
5382.0	2.0	67.005074	60.088415000000005	87.600721	6.753189999999999	0.34986999999999996	0.887084	0.21809699999999999	0.49587600000000004	20.232582999999998	5.0	83.30013000000001	9.288399	1.0	0.021787	5.065251	5.0	84.81464	2.45201	3.0	32.783526	21.781416	4.0	56.356942000000004	22.528793	2.0	8.609679	4.821225	2.0	79.80145999999999	10.971993	1.0	43.468832	18.367209	5.0	31.491071999999996
5396.0	2.0	84.464477	43.229298	75.758769	43.406815	0.33610100000000004	0.580345	0.8355899999999999	0.260825	16.096119	6.0	67.16000600000001	16.689889	1.0	0.085347	5.5700970000000005	1.0	46.646692	2.809431	4.0	38.004622	10.914465	2.0	88.455828	24.672843	3.0	6.364198	6.545076	1.0	83.46793100000001	20.605729	2.0	84.927642	13.935172	3.0	6.228655000000001
5518.0	2.0	51.021142	81.026402	97.722451	82.53285	0.803189	0.403972	0.20940100000000003	0.419458	21.695083	3.0	14.563379999999999	15.969219	3.0	0.040734	0.57616	4.0	74.598538	3.0872740000000003	2.0	51.74091	10.486019	2.0	38.124278000000004	5.665249	6.0	41.418631	12.181022	1.0	75.587599	12.98743	2.0	76.886143	18.919819	5.0	1.8433849999999998
5580.0	2.0	56.985367000000004	58.480387	78.534798	92.683536	0.869074	0.9137700000000001	0.5314909999999999	0.132908	19.59733	4.0	31.19665	5.176494	5.0	0.196929	5.009587000000001	4.0	60.087706999999995	4.667730000000001	4.0	88.771376	13.971907999999999	6.0	30.350098	23.963567	6.0	51.930485	1.786919	3.0	30.845671999999997	6.405133999999999	6.0	20.233711	17.21754	1.0	97.176488
5631.0	2.0	82.110853	98.667212	83.683748	62.116999	0.924637	0.6400600000000001	0.191955	0.44632	19.461779	2.0	54.974864000000004	8.258444	5.0	0.119458	4.342143	1.0	81.457298	4.5319910000000005	3.0	91.157834	18.612625	4.0	39.030256	11.355725	4.0	55.101913	9.811999	1.0	89.468994	6.424698	4.0	2.498971	12.89366	3.0	16.106668
5747.0	2.0	16.103747	81.633946	55.396399	7.231281	0.577397	0.7307859999999999	0.307002	0.830624	18.541009	5.0	48.972771	8.263666	2.0	0.02715	3.5441230000000004	4.0	41.159059	4.192129	6.0	75.528708	6.196385	1.0	44.100211	0.9826290000000001	1.0	42.001509999999996	16.067783	3.0	17.194184	18.702999	1.0	33.088438000000004	17.599214	6.0	1.196847
5792.0	2.0	9.439419000000001	39.006446999999994	82.863518	13.677689	0.576968	0.393567	0.327654	0.8804790000000001	13.20638	4.0	47.052741	11.771838	4.0	0.074045	4.588979	3.0	77.547164	0.700793	4.0	66.61331	12.485249000000001	2.0	53.068849	14.135098000000001	5.0	1.208739	18.677679	3.0	82.64625500000001	15.720679999999998	5.0	61.739855000000006	9.330633	3.0	19.310367000000003
5798.0	2.0	52.532252	40.869403000000005	93.245989	81.439035	0.5771149999999999	0.18002100000000001	0.648858	0.121136	8.503994	5.0	79.587696	24.577432	6.0	0.034496	2.537608	6.0	16.712379000000002	5.785514	5.0	10.355783	4.744658	6.0	66.900715	21.596339	1.0	49.3652	0.36938499999999996	4.0	31.263906	15.039349	6.0	59.798278	11.901681	4.0	2.2699700000000003
5802.0	2.0	49.410224	70.128511	65.952612	90.68276	0.39936900000000003	0.540193	0.546745	0.354829	6.481414	1.0	6.809011999999999	12.284327000000001	2.0	0.04702	0.51807	5.0	57.500139000000004	5.947571	6.0	26.343040000000002	15.62623	5.0	25.658360000000002	13.594113	5.0	12.301839	0.289835	2.0	25.059717000000003	20.82935	4.0	16.828677	6.369789	2.0	4.308307
5809.0	2.0	70.720761	56.251994999999994	72.204567	8.006278	0.454064	0.57255	0.157925	0.148278	13.545876999999999	6.0	74.925302	23.202171	4.0	0.047014	0.147541	6.0	69.57845400000001	1.441025	3.0	90.23846999999999	23.708734	5.0	83.687073	2.404306	3.0	3.7506980000000003	11.394698	3.0	3.5654410000000003	4.690926999999999	6.0	48.284372	9.303965	2.0	71.668875
5816.0	2.0	97.143149	83.691538	75.983439	41.01627	0.734881	0.20932699999999999	0.72853	0.10674700000000001	18.644951000000002	1.0	31.399765999999996	23.060603	1.0	0.045584	0.878474	4.0	75.766459	3.4948069999999998	4.0	60.395503000000005	8.653194000000001	3.0	64.561554	25.386115	1.0	1.098458	3.015875	2.0	75.052941	14.255004999999999	2.0	40.946639000000005	14.818	1.0	19.841484
5835.0	2.0	72.497176	92.666742	31.799249	37.469899	0.387286	0.774284	0.82239	0.5298430000000001	22.204901	5.0	88.929907	16.941244	3.0	0.17891400000000002	0.662833	6.0	52.46536999999999	1.410615	1.0	19.957908	14.727569	2.0	44.946834	18.867793	1.0	2.009007	1.944386	3.0	81.245559	16.944705	2.0	19.740113	6.700975	3.0	3.8983559999999997
5924.0	2.0	35.46309	82.17608800000001	49.149189	59.152161	0.5906600000000001	0.517886	0.11873399999999999	0.21299899999999997	10.005131	3.0	31.448535999999997	19.036391000000002	2.0	0.987115	3.6455349999999997	4.0	10.340548	0.297633	6.0	37.395889000000004	17.08622	5.0	92.382267	5.841093	1.0	79.940618	5.842161	3.0	7.012946	2.579071	2.0	56.7708	0.386465	1.0	37.661901
5938.0	2.0	66.440079	85.167089	50.168229	28.727632	0.15071500000000002	0.462834	0.23566399999999998	0.7464189999999999	1.9710189999999999	3.0	20.746673	8.466311	3.0	0.024199000000000002	3.943018	3.0	98.203061	3.346058	5.0	87.09266099999999	14.624486	2.0	25.393553	4.655057	5.0	20.096410000000002	0.493861	3.0	59.807359999999996	16.145166	3.0	79.42875699999999	23.771216	2.0	99.42169799999999
6091.0	2.0	65.478429	49.378723	71.949752	56.602298	0.20399	0.5416810000000001	0.63326	0.612179	10.572194	6.0	66.624966	23.943393	4.0	0.042126	4.585516	1.0	7.009169	5.369315	1.0	24.281923000000003	17.26774	5.0	54.581125	16.722345	3.0	3.337678	2.36726	1.0	88.664928	21.861612	1.0	87.397397	24.817739000000003	1.0	95.695994
6120.0	2.0	81.08442600000001	33.007011	93.356505	64.228615	0.613236	0.244364	0.137696	0.446301	22.303901	4.0	83.683953	10.146552999999999	1.0	0.020579	2.5986849999999997	3.0	48.892196999999996	0.37892	3.0	85.740071	0.930293	4.0	92.175841	19.871634	3.0	35.690449	3.078182	1.0	71.799547	6.2115160000000005	2.0	17.059079999999998	20.914067000000003	1.0	73.10637
6138.0	2.0	97.233346	42.84214	84.641734	60.372202	0.8205290000000001	0.654042	0.853676	0.535433	14.792998999999998	2.0	55.82959399999999	24.220907999999998	4.0	0.077059	1.7090130000000001	6.0	40.121189	1.520449	2.0	79.303363	2.812563	2.0	83.359491	22.023903	5.0	1.237578	5.449867	4.0	45.877559999999995	24.01281	2.0	68.016109	7.602710000000001	1.0	46.731177
6160.0	2.0	66.619686	91.864026	91.674565	97.560587	0.18389	0.37204	0.627655	0.923393	23.841304	2.0	70.92189599999999	10.692949	2.0	0.011054999999999999	5.025778	6.0	28.287747999999997	4.998012	5.0	59.524152	4.679791000000001	1.0	21.098167	2.059412	4.0	54.654683	19.821997	3.0	43.633751000000004	23.108726	1.0	53.801228	25.284354	5.0	1.316008
6172.0	2.0	31.262390999999997	60.437562	10.15733	39.285247999999996	0.16680599999999998	0.38105900000000004	0.212689	0.23473400000000003	14.168528	1.0	19.442835000000002	2.400884	2.0	0.021859	1.709181	1.0	33.120810999999996	0.8424459999999999	3.0	63.372781	6.657723	4.0	27.715534	3.108868	4.0	20.871886	2.541935	4.0	92.549226	10.997193	4.0	4.049286	17.016645999999998	1.0	95.209278
6219.0	2.0	72.205787	87.60743599999999	94.90861	32.865701	0.9937159999999999	0.7790060000000001	0.573656	0.876973	7.989362	3.0	96.22376899999999	22.706829	3.0	0.027839	4.782928	5.0	49.793271999999995	3.329168	4.0	55.410527	11.994957000000001	6.0	83.683203	16.22956	3.0	4.0365779999999996	23.436018	6.0	11.433586	4.716895	1.0	77.51886	0.848347	4.0	55.189337
6230.0	2.0	5.015099	51.691891999999996	59.425264	5.2915160000000006	0.703843	0.90656	0.121592	0.613949	14.136895	6.0	72.12379200000001	18.983589000000002	4.0	0.018136000000000003	2.201177	6.0	62.465049	1.394327	1.0	63.98396999999999	5.4593050000000005	1.0	94.976416	4.763054	3.0	17.889343	1.811004	4.0	14.527482000000001	15.3704	2.0	32.571106	8.770464	3.0	2.0538950000000002
6385.0	2.0	29.650053999999997	64.91037299999999	59.767993000000004	85.628786	0.191887	0.812968	0.22631199999999999	0.459896	8.66568	3.0	37.216853	18.042425	1.0	0.12080199999999999	2.1608549999999997	6.0	76.204105	2.164672	2.0	93.237237	3.07934	3.0	22.000146	6.687499000000001	4.0	90.030073	1.213945	1.0	68.91810699999999	6.352861	2.0	6.2900089999999995	23.113070999999998	6.0	10.376729
6398.0	2.0	82.389979	43.022064	87.70785500000001	37.212232	0.354015	0.49733	0.237988	0.531844	13.964863000000001	1.0	31.661593	17.620917000000002	6.0	0.10546099999999999	3.3961019999999995	2.0	13.480928	1.4800209999999998	5.0	76.882496	2.88784	4.0	89.85282	4.00215	3.0	57.808226	23.602029	2.0	3.3453980000000003	11.11331	2.0	84.908	10.998371	5.0	5.051593
6413.0	2.0	61.526363	29.384318	37.159748	15.14233	0.208887	0.39012199999999997	0.102719	0.8353959999999999	9.065799	2.0	69.864126	10.108819	6.0	0.021387	3.296641	4.0	83.75151600000001	2.325053	2.0	95.333182	14.837259	3.0	22.738463	14.237046	6.0	27.044598999999998	0.501143	5.0	16.336503	9.012564999999999	3.0	26.218179	15.351132999999999	1.0	9.916742999999999
6424.0	2.0	90.740424	22.634610000000002	90.750265	1.42239	0.6002850000000001	0.452883	0.29582600000000003	0.88336	3.132841	3.0	63.28923399999999	15.188258	5.0	0.014718	1.584219	3.0	62.495630000000006	5.56101	1.0	50.118702	18.843388	6.0	94.90940400000001	1.262727	2.0	3.225286	10.541855	1.0	37.083032	5.437026	4.0	85.09700600000001	22.316342000000002	4.0	35.00589
6550.0	2.0	64.305461	47.407767	83.282028	54.503983999999996	0.717631	0.799268	0.10781500000000001	0.259392	22.894358	6.0	65.389705	25.222103	1.0	0.010806	3.60261	4.0	9.536497	5.753504	1.0	33.441736	18.759241	5.0	59.945177	13.49435	4.0	36.147507	1.1320350000000001	4.0	66.20590200000001	8.212059	6.0	30.015021	19.909491	3.0	23.901782
6734.0	2.0	87.11064300000001	34.983391	73.197233	62.475513	0.151581	0.659747	0.543743	0.603913	7.352682000000001	6.0	19.572239	3.251965	1.0	0.027288999999999997	1.650985	6.0	73.531175	1.2321600000000001	1.0	54.707689	18.768632	4.0	16.885017	18.869682	3.0	3.838598	4.294407	2.0	28.197006	6.7919220000000005	6.0	14.130293	4.823062999999999	4.0	53.372946999999996
6831.0	2.0	77.89326	5.324534	93.02102099999999	65.77164599999999	0.381949	0.165356	0.128417	0.821118	16.725782000000002	3.0	4.341906	18.617244	1.0	0.020649	0.802129	1.0	57.83257	3.6417059999999997	4.0	99.754994	8.111116	4.0	93.08807	7.14605	3.0	11.287027	5.640046	2.0	31.041532	1.3266799999999999	4.0	97.386234	10.848386	3.0	28.475337
6912.0	2.0	56.550934999999996	23.142241000000002	98.966954	85.934377	0.706104	0.5437420000000001	0.492179	0.170594	20.231721	4.0	24.66761	24.577939	1.0	0.06325900000000001	1.5621610000000001	5.0	43.370929	3.091135	2.0	41.959393	13.431543	4.0	78.98134399999999	24.166895	5.0	44.918313	17.068832	1.0	71.277484	13.7397	4.0	16.008675	3.5040949999999995	2.0	42.788263
6926.0	2.0	76.212946	72.584141	14.621288	81.213073	0.568792	0.6313310000000001	0.5528569999999999	0.33561599999999997	19.076448000000003	3.0	73.70102800000001	17.598376000000002	1.0	0.019625	4.327545	1.0	56.770814	1.573732	2.0	29.993071999999998	8.248698	2.0	90.993114	6.822012	3.0	1.434208	1.676641	3.0	35.539003	2.351238	2.0	54.115446	21.232445000000002	1.0	49.809135
6977.0	2.0	87.998551	51.579215000000005	51.173947	49.246369	0.497954	0.138767	0.384828	0.677329	21.094319	5.0	21.827342	2.876413	5.0	0.010306999999999998	0.687024	5.0	30.189834	3.1297080000000004	3.0	38.682209	9.748014	4.0	29.423686	6.443637	1.0	12.128401	18.483381	5.0	15.393442000000002	13.308333	1.0	91.73661	7.590828999999999	1.0	60.635928
6991.0	2.0	20.974595	41.068616999999996	69.469149	39.485191	0.165457	0.360207	0.621437	0.5377569999999999	10.89781	1.0	97.445432	9.224747	1.0	0.014791	0.8316870000000001	1.0	41.506738	2.434202	2.0	94.981776	13.373917	4.0	71.517481	10.150077	1.0	18.101111	0.311475	4.0	51.27285	8.993193	5.0	44.038833000000004	14.054867000000002	2.0	69.645932
7006.0	2.0	45.976737	67.872552	16.329816	73.721354	0.297455	0.464488	0.819576	0.47036400000000006	20.388291	1.0	48.211643	20.852935000000002	3.0	0.012133	1.197559	3.0	39.943009	0.5661649999999999	2.0	3.4059180000000002	11.416525	6.0	86.809766	8.30519	6.0	49.794096	5.027096	4.0	8.858933	3.056364	4.0	16.357024	4.933338	2.0	6.48492
7088.0	2.0	43.560383	87.60083900000001	96.259618	36.590410999999996	0.482333	0.932164	0.116691	0.184003	5.228462	5.0	82.524516	14.845147	1.0	0.07114	2.062704	6.0	24.215543	5.179303	4.0	16.556898	5.302674	4.0	14.680295000000001	18.650415	5.0	72.74133	0.318251	4.0	14.864585	21.324835	2.0	84.680623	3.993104	3.0	22.920251
7118.0	2.0	99.82992	54.896322999999995	26.417553	69.12732199999999	0.31396799999999997	0.9160229999999999	0.26541	0.29992399999999997	14.32024	5.0	50.373166999999995	13.206273000000001	2.0	0.32956199999999997	4.513064	4.0	92.52238	2.233952	1.0	87.043751	23.86187	4.0	32.175822	0.359003	4.0	25.938335000000002	18.055870000000002	3.0	3.054415	4.3364519999999995	3.0	18.826279	2.34408	4.0	33.699212
7236.0	2.0	82.74339300000001	35.675838	14.103736999999999	39.274415999999995	0.693615	0.350149	0.144137	0.549484	10.967703	2.0	58.099656	19.471737	6.0	0.040010000000000004	0.292175	5.0	82.167413	3.6441660000000002	5.0	43.112378	5.397837	3.0	81.927226	13.946114999999999	1.0	5.3372839999999995	10.750121	2.0	5.971152	10.326701	3.0	23.851591	3.422085	1.0	61.715827000000004
7251.0	2.0	72.790275	16.167245	52.177495	70.357186	0.187495	0.8843340000000001	0.447245	0.375833	3.0602709999999997	3.0	33.413727	7.107628	3.0	0.017521000000000002	2.4588240000000003	5.0	98.130324	4.396437000000001	6.0	29.643765999999996	8.103234	5.0	16.797138	12.381857	6.0	3.983071	0.945258	3.0	38.212177000000004	5.7870870000000005	5.0	1.134174	8.869893	1.0	6.916321000000001
7261.0	2.0	10.810402999999999	82.65670300000001	43.783366	37.786997	0.240271	0.7904439999999999	0.10620999999999998	0.670874	1.76121	6.0	74.209117	5.92018	4.0	0.011183	0.40112800000000004	1.0	14.440206	0.41184899999999997	3.0	82.83829200000001	8.034391000000001	5.0	12.863465	15.543125	6.0	14.084144	18.376878	1.0	17.081976	10.013803	1.0	93.97084	5.277118	3.0	64.191001
7314.0	2.0	81.86211999999999	91.497547	96.39071899999999	36.291731	0.797953	0.866554	0.8919360000000001	0.879791	5.2785779999999995	6.0	37.707481	11.250731	2.0	0.010043999999999999	1.7345580000000003	2.0	97.983058	0.90351	5.0	21.71242	15.842893	5.0	35.526306	2.331016	3.0	60.637603000000006	0.361222	1.0	16.97733	2.860366	1.0	91.088729	13.335157	1.0	59.769234999999995
7349.0	2.0	78.592488	85.041138	45.149631	28.159207000000002	0.409483	0.513879	0.343252	0.9453860000000001	13.096086999999999	1.0	40.831496	2.485399	2.0	0.028867	4.664516000000001	5.0	4.678369	1.917473	6.0	94.558418	7.6724380000000005	1.0	26.129457000000002	22.273168	6.0	3.461755	3.285575	2.0	33.214831	0.767806	5.0	74.978349	7.75888	3.0	78.57085500000001
7426.0	2.0	18.002851999999997	44.442139000000005	97.481282	4.572185	0.942774	0.8298200000000001	0.489084	0.424534	9.395054	3.0	86.636882	14.512123	4.0	0.053394000000000004	2.042072	3.0	93.19502	1.5564799999999999	6.0	69.308387	2.411786	5.0	76.932781	2.924566	2.0	14.355412	0.538315	3.0	44.160945	3.44541	1.0	93.00060400000001	23.519073000000002	3.0	85.336373
7525.0	2.0	98.640457	44.790516	76.23155	98.636756	0.5346	0.611271	0.625093	0.518883	18.715807	6.0	71.429542	3.40604	1.0	0.35094000000000003	3.655273	3.0	67.88260799999999	0.29490700000000003	2.0	65.406301	18.469974	4.0	67.694978	9.441116000000001	5.0	16.996739	0.955825	1.0	68.88811899999999	3.8329660000000003	5.0	45.362186	10.841745	2.0	98.26886400000001
7535.0	2.0	54.39182099999999	69.077219	90.498838	86.281973	0.606734	0.262251	0.982718	0.238389	4.8502089999999995	6.0	25.255103	3.9932550000000004	1.0	0.012114	4.649404	3.0	5.667604	1.100183	3.0	43.695786	5.282808	2.0	56.086572	15.220945	3.0	7.4736139999999995	12.470863	2.0	14.002998000000002	21.1674	1.0	7.4017800000000005	21.772376	3.0	12.479687
7637.0	2.0	84.944401	50.638665	42.509694	63.57650400000001	0.69052	0.6409560000000001	0.405221	0.110403	2.981233	6.0	39.604778	10.113887	6.0	0.040921	6.222767	6.0	55.12334	0.8153630000000001	1.0	1.340614	11.128332	5.0	93.682344	7.267123	4.0	78.34043100000001	7.15176	1.0	88.090644	23.422465	3.0	47.102783	2.5743080000000003	1.0	62.712796
7649.0	2.0	79.61699399999999	94.913005	87.147249	7.6829	0.41269799999999995	0.71183	0.808671	0.583336	16.518266	4.0	13.048584	8.863726	6.0	0.016083	5.033384	3.0	98.504847	1.947065	6.0	50.591178	1.35655	1.0	17.854482	24.684228	6.0	3.6162660000000004	4.247729	3.0	40.183071999999996	22.25005	3.0	31.109515000000002	22.071998999999998	4.0	15.013193
7653.0	2.0	23.467813	71.861241	33.5535	13.459284	0.514821	0.76436	0.405038	0.438705	8.780118	3.0	62.725660999999995	4.2277629999999995	1.0	0.05826	3.506306	2.0	14.20209	1.242588	4.0	19.349643	9.820111	5.0	91.404687	16.194226	2.0	5.013094000000001	5.328094	1.0	62.76132	7.793879	3.0	98.2809	2.041029	2.0	77.864929
7700.0	2.0	4.34068	67.986956	52.74178199999999	58.840714	0.8541	0.45527700000000004	0.842419	0.56187	12.939252999999999	5.0	87.015905	2.062344	3.0	0.010411	0.36565	4.0	19.39401	5.507225	5.0	2.979257	13.372957000000001	3.0	87.790162	10.528129	2.0	13.842395000000002	1.148441	1.0	40.094997	2.151089	4.0	56.795657999999996	24.954249	2.0	65.38435
7704.0	2.0	61.410672	13.565476	85.312151	29.490351	0.274359	0.384363	0.7329180000000001	0.407062	2.754668	5.0	44.048338	24.097504999999998	6.0	0.013603	5.063395	5.0	78.944795	3.6872730000000002	6.0	4.547447	2.600508	6.0	73.63618100000001	3.717344	2.0	56.855455000000006	24.273392	6.0	5.445825	5.722375	6.0	57.575729	15.304442000000002	6.0	1.0348389999999998
7749.0	2.0	66.177543	58.625016	79.854662	55.06253	0.796335	0.583617	0.68582	0.272856	6.6798660000000005	1.0	14.426751000000001	23.759873000000002	1.0	0.017077000000000002	4.488841000000001	6.0	79.634084	2.701219	1.0	48.598865	11.14206	2.0	20.219041	25.058173999999998	2.0	20.600967999999998	9.163037	2.0	11.643998	1.428928	1.0	20.48558	5.463114	3.0	1.489101
7796.0	2.0	46.54007	33.956016999999996	74.699056	45.655146	0.502197	0.747592	0.9719260000000001	0.184971	18.83727	6.0	2.517432	15.652666	1.0	0.015883	2.5640110000000003	2.0	26.646973	1.685707	2.0	84.191959	10.337821	4.0	43.212961	17.98147	2.0	4.368744	3.004769	1.0	3.8966190000000003	18.405717000000003	2.0	17.873641	4.587984	6.0	29.817708000000003
7852.0	2.0	61.802411	57.417798	90.634472	72.129667	0.377892	0.656184	0.977469	0.340545	14.609817000000001	4.0	43.675707	5.315571	3.0	0.040396	3.2454009999999998	6.0	37.976321999999996	3.6646019999999995	3.0	57.71481	1.661285	1.0	52.644491	13.624007	2.0	44.813125	11.617481	3.0	1.0932709999999999	16.393114999999998	2.0	63.461940000000006	1.8499150000000002	2.0	29.004452
7907.0	2.0	93.033618	16.821138	35.438743	88.117901	0.8412350000000001	0.515882	0.390475	0.688689	11.88667	4.0	90.01351600000001	25.268525	6.0	0.018938999999999998	0.8913459999999999	4.0	43.297381	1.589191	6.0	55.878276	4.521165	4.0	10.997389	9.247227	1.0	55.433797999999996	1.055112	6.0	12.686859	5.656308999999999	1.0	55.531862	4.673043	1.0	4.260514
8014.0	2.0	85.356207	49.095445	35.929533	78.592365	0.832644	0.51818	0.739309	0.893394	21.787112	4.0	5.911314	0.587871	6.0	0.193746	3.814164	4.0	36.201334	2.913679	6.0	32.769073999999996	2.5926099999999996	4.0	66.552533	6.727091000000001	2.0	3.6776949999999995	0.670238	4.0	90.536332	2.58533	5.0	7.5634380000000005	9.317146000000001	1.0	38.348346
8027.0	2.0	49.049422	69.399951	72.02623299999999	93.09042600000001	0.8920450000000001	0.24279699999999999	0.870597	0.578298	3.7998019999999997	5.0	18.611598	9.561183	5.0	0.179296	4.024677	4.0	72.076713	5.574363	1.0	63.362465	22.055626	3.0	97.424971	5.6301239999999995	1.0	41.144709999999996	5.83865	2.0	60.791761	3.8262709999999998	1.0	98.072703	5.386901	3.0	1.2978040000000002
8102.0	2.0	7.192788	42.135414000000004	86.74262900000001	11.69021	0.6602939999999999	0.16339700000000001	0.863311	0.504159	3.675245	3.0	30.472838	16.029139	3.0	0.012314	5.122115	5.0	66.52663199999999	2.205301	5.0	81.334401	6.366002	3.0	80.584342	15.271429999999999	5.0	7.671508	7.898915	2.0	2.904655	17.569422	1.0	14.867063	15.815026999999999	3.0	37.652871000000005
8108.0	2.0	53.380545	32.992261	46.470551	92.42080899999999	0.359509	0.756988	0.429037	0.171262	22.634977	1.0	10.866392999999999	15.670894	3.0	0.084847	2.9376279999999997	2.0	83.90624100000001	0.150353	5.0	44.921809	12.608621000000001	6.0	77.81505899999999	7.391511	1.0	57.050540000000005	18.883846	1.0	52.68918000000001	5.036882	5.0	13.260456	1.9611169999999998	4.0	67.280885
8116.0	2.0	38.832194	67.08962700000001	85.077189	21.094494	0.33336	0.247448	0.288544	0.588482	8.556892	4.0	32.536452000000004	2.8009720000000002	2.0	0.018003	1.461734	2.0	16.357964000000003	1.0881399999999999	5.0	61.326064	6.039606	3.0	22.862551	7.6330919999999995	1.0	10.273791000000001	11.947708	1.0	48.320217	8.870742	1.0	48.20281	16.089779999999998	1.0	64.009279
8340.0	2.0	53.961849	48.013659999999994	86.334727	26.98907	0.206929	0.191946	0.896415	0.24264499999999997	21.683301	2.0	20.949239000000002	6.097156	4.0	0.075847	3.86165	5.0	70.638184	5.2107209999999995	1.0	31.987946	5.913162000000001	2.0	14.701057999999998	1.404562	1.0	59.321179	14.790198	5.0	17.477808	8.791494	2.0	25.783712	12.489332000000001	4.0	4.169491000000001
8347.0	2.0	68.405445	60.838225	97.795035	28.198613	0.384968	0.48491999999999996	0.15675899999999998	0.76864	11.312700999999999	1.0	4.070019	16.679339000000002	4.0	0.011558	0.9445520000000001	1.0	97.623223	5.775012	5.0	88.758933	4.957283	5.0	25.343427	21.333791	5.0	22.878512	6.407026	1.0	74.509648	18.063843	6.0	94.046072	3.75734	2.0	46.788278999999996
8411.0	2.0	45.906207	54.384704000000006	94.796909	21.824213	0.9805010000000001	0.25800500000000004	0.732232	0.736053	11.829209	6.0	9.52926	0.5999260000000001	4.0	0.012334999999999999	4.336654	1.0	34.366196	5.490271	5.0	30.839194	10.803052000000001	6.0	2.140156	18.053341	5.0	5.962601	10.044083	1.0	94.358611	21.962252	4.0	6.426858	17.784109	3.0	77.859524
8606.0	2.0	44.734426	38.662762	52.341566	42.888366999999995	0.250925	0.436461	0.201548	0.414008	13.316845	4.0	23.017362	17.979567000000003	4.0	0.014405000000000001	0.476204	4.0	63.618823	2.609552	4.0	95.005438	5.382057	1.0	12.720797	19.798517	1.0	23.998316	21.820923999999998	5.0	4.489459	12.353119	4.0	85.635074	20.450017000000003	3.0	1.577126
8616.0	2.0	24.207107	82.97276600000001	77.46605799999999	78.879941	0.327675	0.726219	0.26337	0.589387	21.686564	6.0	59.85229399999999	11.309023	6.0	0.059941999999999995	0.380878	5.0	76.294521	4.709672	5.0	37.096322	10.349475	6.0	99.090985	19.421477	1.0	1.7907389999999999	19.947786999999998	1.0	44.426190000000005	10.184241	3.0	40.207008	9.114894	4.0	68.511094
8741.0	2.0	11.24465	78.721101	72.937784	97.606599	0.9501459999999999	0.174387	0.378773	0.128564	8.5046	3.0	9.993103	22.962126	5.0	0.011245	1.079012	6.0	48.731082	6.234598	3.0	28.831692999999998	7.093114	3.0	21.141728	0.726541	2.0	19.448849	20.063876999999998	5.0	29.829506	21.522465	4.0	34.597327	16.20801	1.0	83.264288
8811.0	2.0	15.180174	93.163168	58.161264	85.14769	0.110377	0.796058	0.867502	0.651705	15.248880999999999	3.0	32.278545	9.457722	1.0	0.014241	2.977306	5.0	38.484646000000005	5.120322	3.0	31.517233	5.3929279999999995	1.0	93.928493	0.4556	4.0	91.03568800000001	3.926972	6.0	47.216421999999994	23.484810999999997	1.0	26.160938	23.694802	5.0	3.905848
8846.0	2.0	28.575427	44.301438	23.464892000000003	91.076981	0.366504	0.155868	0.138054	0.9236709999999999	7.811934	4.0	45.590088	2.8960369999999998	4.0	0.014908000000000001	0.752869	6.0	51.708554	1.3770639999999998	2.0	20.193505	5.282963	4.0	21.647885000000002	0.355112	2.0	11.259337	5.529037000000001	6.0	84.732603	8.955487	4.0	16.089422	1.928563	1.0	1.6418240000000002
8923.0	2.0	84.642948	88.286309	58.31748	77.45111800000001	0.9574290000000001	0.8274819999999999	0.31960700000000003	0.528243	5.97485	3.0	68.503742	25.057075	2.0	0.08545900000000001	0.52677	1.0	8.369684	2.581191	3.0	22.776923	15.99913	4.0	88.362953	13.020301	3.0	26.139408	23.641185	2.0	63.072691000000006	13.827373999999999	4.0	1.906353	10.836343	2.0	16.631098
8925.0	2.0	20.903367000000003	68.27665400000001	77.308387	89.655396	0.265385	0.535359	0.32760500000000004	0.613872	22.919778	3.0	97.555235	16.417451999999997	2.0	0.068411	1.547899	1.0	83.287033	2.441364	1.0	37.632532	14.324307999999998	4.0	94.487195	8.307765	1.0	24.321405	22.575257999999998	6.0	10.480309	1.9841919999999997	4.0	82.005094	20.382379999999998	1.0	64.54355600000001
8928.0	2.0	76.57141999999999	45.866726	84.477006	4.204414	0.34884299999999996	0.247198	0.42366000000000004	0.30463	22.244708	6.0	80.195931	9.472163	2.0	0.05770599999999999	5.873354	5.0	89.931461	3.4145209999999997	6.0	88.787238	7.285672999999999	2.0	80.299196	6.967499	3.0	13.116239000000002	0.425311	1.0	60.568375	17.689326	6.0	65.31218299999999	11.207311	6.0	12.01394
8964.0	2.0	35.135155	78.353043	29.535788	27.060888000000002	0.118413	0.113495	0.688048	0.643402	5.460051	2.0	70.568085	18.972747000000002	4.0	0.086579	0.30501500000000004	5.0	85.212888	4.695226	3.0	29.879901	22.040878	6.0	72.862383	18.990928	6.0	1.1520270000000001	16.967893	1.0	59.925191000000005	16.554762	1.0	28.899546	0.613688	4.0	19.785763
8980.0	2.0	49.716975	52.277131	74.062559	10.423172000000001	0.27360500000000004	0.32966799999999996	0.750091	0.268367	15.639041	3.0	62.68866800000001	6.4143930000000005	3.0	0.014678	5.810135	6.0	39.453594	3.187018	6.0	93.116667	1.5768799999999998	5.0	68.795691	22.253229	6.0	10.048297	1.0251350000000001	1.0	13.962221	20.898882999999998	1.0	74.03111700000001	20.326383	2.0	44.574702
9013.0	2.0	19.061239	65.768298	54.91656700000001	2.297437	0.6045560000000001	0.249243	0.395899	0.122222	10.45041	3.0	19.228755	14.823635000000001	2.0	0.015677	1.528192	4.0	39.593057	2.7825279999999997	5.0	83.748503	2.043082	1.0	68.47874200000001	1.8731240000000002	3.0	3.836641	3.3635309999999996	4.0	33.307919	5.5036510000000005	3.0	74.051128	11.445125	1.0	84.039061
9029.0	2.0	76.709171	17.769541	39.802811	34.8341	0.14834	0.831123	0.913916	0.396981	0.573279	1.0	25.736176	4.1300669999999995	2.0	0.011503	3.179236	6.0	77.209682	4.124486	5.0	74.07785799999999	3.422193	5.0	10.247983	0.592775	3.0	65.353409	8.224277	4.0	17.327357	12.649673	1.0	37.610765	5.648267	6.0	4.018641000000001
9075.0	2.0	5.044846	64.430948	77.82785200000001	8.791689	0.72483	0.437458	0.185797	0.63908	0.4124	1.0	36.896881	22.178951	2.0	0.024297	1.6685919999999999	5.0	10.787941	5.1351830000000005	6.0	43.841881	10.008287	2.0	28.129419	25.228358	3.0	7.765202	8.960484	2.0	21.943877	7.525824000000001	5.0	98.85205400000001	10.051055	3.0	54.471315000000004
9114.0	2.0	48.783212	57.332198	83.14958	58.38544	0.137578	0.924997	0.492514	0.922817	5.022764	2.0	82.161714	19.029359	1.0	0.06541799999999999	0.133831	2.0	93.203889	5.073917	1.0	57.353533999999996	14.702385999999999	6.0	96.781637	16.918155	5.0	1.926852	4.98485	6.0	16.747382	13.4879	2.0	84.073839	0.421728	3.0	41.521834999999996
9200.0	2.0	97.143902	82.955244	48.345484	66.834575	0.534215	0.7427600000000001	0.26260300000000003	0.39633	15.935089000000001	4.0	61.745401	9.661163	3.0	0.070337	0.64896	5.0	23.709738	5.0476209999999995	5.0	21.743821	16.862441	2.0	61.812946	3.5118339999999995	6.0	37.687709000000005	13.636957999999998	2.0	48.884182	1.4952299999999998	1.0	34.112159000000005	15.251166	3.0	6.594021000000001
9231.0	2.0	19.751201000000002	99.514287	32.277949	20.980508	0.493619	0.166691	0.13733499999999998	0.488486	15.827175	5.0	84.830899	7.813461	2.0	0.018816	3.958961	6.0	6.197976000000001	5.61798	1.0	72.495542	6.370649	4.0	69.91625	8.950460000000001	4.0	1.2707700000000002	2.1668849999999997	5.0	44.121707	18.841437	4.0	70.687579	2.3800830000000004	2.0	79.473849
9237.0	2.0	97.63195400000001	19.902407999999998	85.225863	71.0823	0.23504899999999998	0.563918	0.39869899999999997	0.878725	1.075383	5.0	44.457219	20.542216	5.0	0.031414	0.950116	3.0	54.442873999999996	3.168533	3.0	8.416511999999999	2.068568	6.0	14.996288	0.743879	1.0	61.019838	17.396676	2.0	87.89740400000001	5.41639	6.0	11.791780000000001	1.4477719999999998	2.0	26.839744
9274.0	2.0	93.925784	51.39099	68.974962	79.324863	0.46345600000000003	0.452675	0.943119	0.146844	19.222926	4.0	57.22614	12.421864999999999	6.0	0.028979	0.9571120000000001	4.0	8.64359	0.394433	1.0	22.787333	3.065188	6.0	78.74078	21.028114000000002	4.0	1.529752	1.5216969999999999	2.0	35.690657	9.783827	3.0	42.246424	24.890853	3.0	90.496184
9284.0	2.0	90.25895200000001	6.115282	32.557311	92.192499	0.5647	0.167946	0.10291700000000001	0.49542200000000003	20.899662	3.0	32.910536	11.998138	5.0	0.016297	5.75201	3.0	4.964137	0.088732	5.0	56.964427	4.991825	5.0	15.387429000000001	16.653664000000003	2.0	6.509518	11.319929	1.0	12.592031	13.116313	1.0	8.558703999999999	19.097755	1.0	47.193996000000006
9325.0	2.0	73.11582	38.74273	40.422238	15.274087	0.46281700000000003	0.44092	0.7496109999999999	0.897616	4.0997	5.0	42.792749	16.799635000000002	3.0	0.341208	4.338756	5.0	28.191074	4.103315	3.0	57.800502	3.5811129999999998	2.0	64.343657	7.067519	4.0	2.300209	10.660488	1.0	11.288045	18.123257000000002	1.0	45.583574	22.730805	4.0	33.327690999999994
9409.0	2.0	24.866357999999998	93.921199	86.423088	9.659721000000001	0.519671	0.74288	0.271893	0.721749	10.523178	3.0	94.436072	13.850012	3.0	0.0105	3.4234489999999997	5.0	37.606384999999996	2.292561	4.0	55.226783	20.108985999999998	2.0	13.14691	0.41940299999999997	6.0	19.363491	5.589519999999999	5.0	9.527232000000001	3.497784	5.0	76.600448	21.361280999999998	4.0	2.832403
9414.0	2.0	46.229229	69.27475600000001	73.842112	18.821041	0.764525	0.717356	0.427767	0.995807	5.890867	4.0	24.604395999999998	6.924697999999999	5.0	0.021558	5.613903	4.0	61.318417000000004	5.527558999999999	4.0	82.446758	9.32958	6.0	23.8885	15.905522	4.0	4.854971	3.260367	2.0	80.94470799999999	22.864079	5.0	34.093502	15.90889	2.0	70.27286099999999
9496.0	2.0	98.07731700000001	44.189972999999995	68.25609	78.07880899999999	0.412616	0.9610559999999999	0.10898800000000002	0.506413	5.521192	4.0	90.606666	16.610785	1.0	0.010787999999999999	0.662003	4.0	5.255847	3.54049	4.0	94.325985	19.658815	1.0	88.692786	2.4414279999999997	2.0	21.040788	17.836175	1.0	20.94741	17.814973000000002	6.0	96.375477	12.052529	2.0	16.454107999999998
9520.0	2.0	51.7245	69.74996	74.944919	91.528892	0.284696	0.685002	0.298558	0.283699	14.850919000000001	4.0	98.03981999999999	18.595039	1.0	0.073775	3.0027	3.0	26.94772	2.363686	2.0	52.267516	17.489242	5.0	18.856616	24.844248	1.0	18.488158	4.344761	1.0	64.03189300000001	24.210433	2.0	76.351799	16.548876999999997	4.0	66.840638
9531.0	2.0	29.432578999999997	53.737646999999996	77.90183	96.969391	0.10623699999999998	0.44423900000000005	0.744116	0.214864	13.257566	2.0	61.637351	6.204073999999999	5.0	0.522672	1.730855	6.0	81.927639	0.8500850000000001	6.0	16.340877	10.55971	1.0	99.871363	1.898634	6.0	57.563356999999996	11.089166	5.0	18.313349	10.77732	4.0	36.915026	2.77042	2.0	58.698401000000004
9555.0	2.0	63.758805	95.04540300000001	66.49607900000001	70.149372	0.143537	0.33722199999999997	0.170693	0.23433800000000002	4.181244	3.0	75.563833	4.154218	2.0	0.024602000000000002	0.48624300000000004	4.0	73.715845	6.0465860000000005	1.0	91.793418	18.448666	3.0	79.800057	12.941203	2.0	32.293832	15.859841000000001	1.0	51.950308	1.455999	5.0	54.113014	17.499542	3.0	51.244541
9571.0	2.0	55.06983	72.101945	48.308609000000004	12.45986	0.8515870000000001	0.6577850000000001	0.38492	0.5312100000000001	12.536613000000001	1.0	25.698534	15.414619	5.0	0.011865	3.064295	6.0	44.785571999999995	5.577429	4.0	44.522164000000004	13.510572	3.0	11.637276	24.071510999999997	2.0	2.6158099999999997	1.053624	1.0	21.69206	12.860000999999999	4.0	13.942554999999999	23.503219	5.0	63.500797
9603.0	2.0	25.814835000000002	63.946625	31.161424	14.473720000000002	0.7650819999999999	0.195452	0.43070600000000003	0.961059	3.9864290000000002	4.0	85.413202	24.501728	5.0	0.033611	3.018575	1.0	64.122787	2.811496	1.0	34.702690999999994	18.057516	3.0	69.390573	24.018078	1.0	9.068894	3.118384	5.0	5.504230000000001	8.017602	4.0	44.448409000000005	22.098181	4.0	41.804801
9644.0	2.0	36.62777	46.66852	65.48530600000001	53.840470999999994	0.290271	0.164002	0.303359	0.46982299999999994	13.096153	6.0	24.018112	1.738075	5.0	0.023673	1.062841	5.0	30.698109000000002	2.022944	5.0	71.443061	3.077671	5.0	42.114096999999994	0.418634	3.0	37.592701	1.58503	4.0	1.8485630000000002	2.572314	1.0	8.190711	21.874719	2.0	41.467353
9651.0	2.0	49.824688	80.422515	94.54096700000001	82.23883199999999	0.131749	0.333113	0.813495	0.282129	0.8472729999999999	6.0	62.104374	8.03295	2.0	0.024994	0.996741	1.0	4.0929269999999995	4.223918	5.0	27.209981	8.685074	5.0	55.149795	4.384452	2.0	93.88552800000001	8.255997	1.0	75.679459	0.832067	2.0	53.117753	0.535349	2.0	83.458249
9794.0	2.0	58.074749	84.37043	87.7032	97.905512	0.71738	0.258103	0.21190799999999999	0.702177	8.913547	2.0	46.803783	2.997651	2.0	0.028776	3.756335	2.0	11.126650999999999	2.2476540000000003	1.0	85.532698	9.674314	1.0	54.821351	1.504337	3.0	79.841606	4.622934	3.0	99.81367	17.651621	2.0	62.012364	0.679241	1.0	63.29018000000001
9864.0	2.0	62.050532	73.331508	36.911351	87.319863	0.275681	0.321536	0.5101859999999999	0.35003	12.818764999999999	1.0	90.411928	20.331127	1.0	0.014388	4.729769	3.0	58.418263	2.04011	3.0	57.951553000000004	12.715043	3.0	44.171224	25.217543	1.0	53.570875	6.9835199999999995	1.0	88.125323	2.0552490000000003	5.0	14.735997	1.716272	2.0	90.121476
