218.0	4.0	47.474606	76.835347	78.754767	68.707475	0.109622	0.34828000000000003	0.145923	0.809474	3.050741	2.0	47.371243	63.952512	3.0	0.025112	3.388551	3.0	42.553518	4.467751	2.0	29.588617	16.388631	6.0	89.880482	23.297716	2.0	17.158355	17.609972	2.0	0.016302	3.468989	2.0	16.999917	1.265421	6.0	16.678688
385.0	4.0	90.54480699999999	37.589591	42.022487	4.419988	0.17941500000000002	0.8964790000000001	0.645632	0.161161	18.488745	1.0	20.607093	75.188103	5.0	0.010971	3.6239980000000003	5.0	64.749589	3.237568	1.0	61.31796	19.300704	2.0	91.43642	33.095273	3.0	75.508031	15.351083	1.0	0.012757	0.746953	1.0	46.763386	4.438285	6.0	2.120792
541.0	4.0	77.59291800000001	46.261755	75.743313	90.310281	0.21031999999999998	0.573705	0.81717	0.22571	1.113566	4.0	63.775383999999995	62.464445999999995	1.0	0.011308	4.417174	3.0	13.717573999999999	5.399824	3.0	3.562575	19.802564999999998	3.0	86.878342	56.874191	2.0	37.137696999999996	10.456888000000001	2.0	0.035779000000000005	0.156699	4.0	73.671974	1.2139389999999999	6.0	27.274611
786.0	4.0	86.028277	24.220756	45.338644	54.071027	0.526613	0.722332	0.139295	0.21746100000000002	11.310895	2.0	10.012107	14.948296	3.0	0.044289	2.930181	6.0	32.755072	3.344726	1.0	34.86372	0.3834	6.0	10.537543	50.402277000000005	6.0	27.953003000000002	7.0360119999999995	3.0	0.017296000000000002	0.788925	6.0	86.097409	3.3828910000000003	5.0	69.058256
820.0	4.0	51.392709	92.235561	91.98521	51.068162	0.613237	0.861382	0.9457180000000001	0.8784280000000001	6.210653	1.0	52.17281	65.54034300000001	2.0	0.01127	0.270061	6.0	55.970179	3.373674	5.0	50.965164	20.85278	1.0	77.885114	10.939964	1.0	39.422909000000004	9.928313000000001	1.0	0.012847999999999998	1.6742259999999998	2.0	11.948249	4.2020290000000005	6.0	38.341266999999995
957.0	4.0	90.311637	24.627919	14.041554999999999	69.16236500000001	0.632203	0.574665	0.7578060000000001	0.9634010000000001	0.991468	2.0	25.362009	15.495944	2.0	0.180568	3.007893	3.0	1.169118	4.972139	6.0	13.513998999999998	20.319497	2.0	61.23164499999999	14.620412	3.0	32.858763	20.575805	1.0	0.05715599999999999	0.07587	2.0	8.857483	1.167384	4.0	98.707868
1156.0	4.0	69.645705	91.718498	48.277607	40.640693	0.29288600000000004	0.29904200000000003	0.17383800000000002	0.397981	6.642235	2.0	69.88901800000001	46.554475	1.0	0.026357	3.716497	6.0	13.012445	1.902059	6.0	26.485716999999998	5.797039	4.0	90.04078	66.111623	6.0	75.552038	17.058642000000003	5.0	0.10758	1.966767	5.0	3.862946	5.383913	6.0	75.246404
1296.0	4.0	99.689243	65.670638	9.051642	63.97430500000001	0.627921	0.314255	0.415612	0.19948	20.820166	1.0	83.820363	71.18530600000001	2.0	0.043894	5.824951	1.0	18.332248	3.9355919999999998	6.0	97.78874300000001	0.465582	5.0	50.270998999999996	12.510878	1.0	81.226466	15.604566	1.0	0.013121	0.134468	5.0	49.01553	0.46535600000000005	4.0	32.745782
1810.0	4.0	34.910952	16.319789	71.207767	40.881571	0.17113299999999998	0.364098	0.499125	0.923161	8.455869	6.0	55.58728000000001	63.185762	3.0	0.017987	1.7136630000000002	3.0	11.16409	0.182233	3.0	46.305707	17.153429	2.0	25.631210999999997	13.883988	6.0	88.080967	9.505864	6.0	0.12401600000000002	2.535012	5.0	31.228348999999998	3.200929	2.0	4.888158
2095.0	4.0	26.859231	93.57670999999999	72.476262	35.289805	0.7065239999999999	0.914116	0.152205	0.239767	23.12497	5.0	7.724082000000001	39.952506	6.0	0.055300999999999996	6.094666999999999	6.0	2.392004	0.7405229999999999	3.0	65.775473	0.622254	6.0	41.361363	32.940154	5.0	7.854242999999999	9.236722	4.0	0.016775	4.416246	1.0	98.085592	1.469439	6.0	6.996808000000001
2434.0	4.0	85.816696	63.707812	9.80621	31.489169	0.527882	0.935859	0.9614590000000001	0.11710899999999999	18.850089999999998	5.0	2.575311	74.59056600000001	2.0	0.11318299999999999	0.552584	5.0	89.982168	2.924163	2.0	46.868681	7.332561	5.0	67.130768	11.670666	6.0	21.591545	3.3529949999999995	1.0	0.291333	2.714715	4.0	1.642857	4.619577	5.0	22.255751
2559.0	4.0	27.771017999999998	21.844151999999998	83.89830400000001	59.330412	0.157719	0.40819099999999997	0.116404	0.815837	1.107683	6.0	24.346441	64.166262	4.0	0.16453900000000002	0.519601	4.0	93.792787	1.0724989999999999	5.0	14.782232999999998	2.802499	6.0	88.203323	51.860778	6.0	91.355435	13.795233999999999	1.0	0.023063999999999998	2.911388	2.0	2.500826	4.320083	2.0	48.71154
2578.0	4.0	32.028451000000004	79.562608	87.927996	38.970783000000004	0.386628	0.9272309999999999	0.186348	0.6930569999999999	16.277061	1.0	61.09477	13.098251	1.0	0.012494	2.902362	1.0	11.028261	4.839951	5.0	59.609391	4.271254	2.0	74.973199	43.400331	4.0	73.367286	2.930959	5.0	0.045598	3.4631790000000002	1.0	88.49896600000001	5.068732	6.0	49.576465999999996
2775.0	4.0	85.118397	35.501829	98.437218	57.115677000000005	0.535287	0.976133	0.308767	0.26695	1.067301	1.0	78.144449	55.705338	5.0	0.265196	0.6500130000000001	6.0	61.280443999999996	4.437069999999999	1.0	8.891237	5.613799	5.0	93.38838100000001	44.789578999999996	6.0	24.415274	20.418284	2.0	0.017853	0.25724400000000003	5.0	60.647552000000005	3.778025	6.0	37.615604
2832.0	4.0	67.82484699999999	72.831052	44.147749	88.561849	0.47934099999999996	0.268442	0.159377	0.8404280000000001	11.42623	6.0	29.379329	10.337521	1.0	0.049871	0.076414	3.0	95.359939	3.63311	1.0	13.01113	19.918662	3.0	46.769366999999995	44.782872	6.0	11.024018	14.572092999999999	1.0	0.017638	4.555219	5.0	8.747662	4.877804	5.0	86.62939300000001
3035.0	4.0	56.638686	69.470433	77.241162	90.99422	0.335187	0.27003699999999997	0.246561	0.626753	3.683203	1.0	38.850311	63.849692000000005	4.0	0.013653	0.15787	3.0	75.97620500000001	5.49064	1.0	86.711444	8.808155000000001	5.0	67.993137	28.240008000000003	4.0	48.410224	16.347773999999998	6.0	0.037259	0.630023	3.0	94.092065	2.953432	5.0	37.596996000000004
3175.0	4.0	32.206111	12.889101	57.400806	86.130561	0.15239	0.373108	0.29023899999999997	0.460254	22.730004	4.0	14.091508	73.968303	5.0	0.583326	4.821805	4.0	49.030724	4.0185379999999995	5.0	37.778713	5.294468	4.0	61.326817000000005	6.567088	2.0	4.8354800000000004	19.483936	5.0	0.04125	3.771736	4.0	42.335452000000004	4.936653	5.0	38.751049
3288.0	4.0	26.698423	47.720584	48.66255	19.039178	0.8653790000000001	0.89881	0.316542	0.674189	2.225391	5.0	60.442668000000005	57.943346	1.0	0.06375800000000001	0.154593	1.0	30.779496999999996	2.367435	1.0	70.648299	3.872618	6.0	88.860938	42.413252	4.0	69.669205	23.348802	1.0	0.032869999999999996	0.5080979999999999	2.0	62.422724	2.8960470000000003	5.0	90.056097
3308.0	4.0	62.362528000000005	19.553938	72.478633	50.801337	0.729643	0.50648	0.125168	0.6023149999999999	23.274108	1.0	40.806153	7.950400999999999	2.0	0.656457	0.659061	5.0	28.539614	3.545674	2.0	44.364505	11.738726	6.0	83.60229	4.03187	1.0	75.975679	0.692148	1.0	0.013283000000000001	4.956216	3.0	72.60279	4.045411	6.0	37.522483
3395.0	4.0	53.419281000000005	79.955844	91.40045	14.052691000000001	0.7485689999999999	0.318119	0.24775999999999998	0.6306510000000001	6.4677050000000005	1.0	86.679715	20.972058999999998	2.0	0.082227	1.341726	3.0	86.47621	1.472864	1.0	94.607068	15.721556	6.0	93.92821500000001	45.82428	1.0	58.120759	15.32369	1.0	0.05247	2.9328279999999998	6.0	2.3994869999999997	3.019073	3.0	76.79664
3753.0	4.0	90.623942	26.297939000000003	88.308115	87.401021	0.982051	0.414116	0.24901900000000002	0.46599300000000005	1.562239	4.0	68.75364499999999	47.47802	6.0	0.272665	2.734309	6.0	42.586145	0.529296	4.0	52.003175	12.744912	3.0	71.17631	69.145767	4.0	47.983636	15.990566000000001	3.0	0.01871	5.895296	1.0	57.415344999999995	4.0323199999999995	6.0	52.833785999999996
3840.0	4.0	62.904528000000006	28.392269	97.417659	26.678625	0.273192	0.666971	0.138217	0.41651400000000005	21.204461	2.0	7.330394	65.742761	4.0	0.022906	5.275728	5.0	21.731392	3.763633	5.0	1.8577599999999999	12.029325	4.0	98.80610899999999	64.65389499999999	4.0	28.029883	6.720422	6.0	0.092791	1.415265	2.0	26.933003999999997	1.911671	1.0	64.908641
3853.0	4.0	38.524571	62.029897	67.292008	58.662231000000006	0.5935699999999999	0.6634359999999999	0.322934	0.24029699999999998	8.122765	1.0	50.740520000000004	42.716724	4.0	0.018508	0.21765700000000002	2.0	49.713246000000005	5.056819	1.0	41.021673	1.01306	6.0	73.860668	59.681934999999996	3.0	74.772132	8.548296	3.0	0.015002000000000001	3.26093	6.0	12.394484	1.348025	6.0	4.57319
3991.0	4.0	73.567868	65.934682	26.509227000000003	58.237317000000004	0.763169	0.9564239999999999	0.100649	0.662151	16.032874	5.0	79.29979	15.186054	3.0	0.050056	0.507339	5.0	92.737471	3.090115	3.0	41.769944	9.402495	1.0	96.889978	15.241945999999999	6.0	93.669046	23.189146	4.0	0.012959	1.0521340000000001	1.0	10.592334	4.300935	6.0	91.327246
4020.0	4.0	11.269932	50.424023999999996	35.50801	80.580557	0.20828899999999997	0.45200799999999997	0.238144	0.8177	2.326563	1.0	28.873514	72.79015	6.0	0.061322	5.155698	5.0	61.048775	5.602806	3.0	40.039035	1.003013	3.0	88.376356	1.6679240000000002	5.0	14.100706	8.583468	6.0	0.032942	1.1731280000000002	4.0	83.03135999999999	4.495786	1.0	6.103665
4843.0	4.0	95.74639300000001	68.302323	32.253997	55.731615000000005	0.337993	0.900496	0.44738599999999995	0.9734719999999999	14.591475	1.0	58.370175	37.941968	1.0	0.014684000000000001	1.434771	2.0	86.064036	3.0304729999999998	2.0	49.611212	9.322179	3.0	58.033303000000004	43.574040999999994	2.0	1.920246	12.095738	1.0	0.020873	4.411901	2.0	14.596774	1.7973599999999998	5.0	92.364517
5386.0	4.0	54.858684	93.718227	77.55501	16.310163	0.805388	0.78989	0.213923	0.261731	21.641689000000003	1.0	2.081728	15.848621	6.0	0.08955199999999999	0.9299209999999999	3.0	40.868795	3.774081	2.0	50.99481	9.730641	4.0	20.997121	8.783362	2.0	96.15760999999999	13.427807999999999	2.0	0.015332	3.504772	3.0	47.404266	4.979549	4.0	62.087759
5387.0	4.0	72.130841	77.22596800000001	57.507084	76.28597099999999	0.451952	0.332753	0.68257	0.8726209999999999	17.925945000000002	5.0	33.845034000000005	72.236243	6.0	0.016022	3.3764160000000003	1.0	57.884704000000006	3.240212	6.0	68.73271700000001	1.621905	4.0	49.633761	24.06118	6.0	12.671735	4.240075	3.0	0.091188	1.3853030000000002	2.0	91.58536099999999	0.113249	6.0	45.246226
5454.0	4.0	85.497491	48.065938	77.12114100000001	57.977312	0.178873	0.9505879999999999	0.517846	0.491025	7.8100570000000005	4.0	70.26709100000001	12.374587	2.0	0.347145	0.512905	4.0	45.834201	6.240042	2.0	92.588953	2.619684	3.0	78.72022	11.145799	6.0	10.936948	21.780376999999998	4.0	0.046208	4.793088	3.0	81.988821	3.975174	3.0	43.11821
5785.0	4.0	75.054956	47.7789	92.31395	65.477438	0.269473	0.259413	0.410854	0.9215270000000001	13.756526999999998	4.0	51.772841	47.056857	1.0	0.019299	1.140321	3.0	51.356749	4.767443	3.0	68.87496800000001	20.872823999999998	1.0	76.943247	38.549242	5.0	73.22636700000001	1.441354	1.0	0.022438	1.617983	1.0	32.747484	0.131588	2.0	73.82179599999999
5860.0	4.0	29.176679999999998	26.301693	93.384608	8.549246	0.156568	0.366338	0.12487899999999999	0.4547	0.365108	2.0	65.50980600000001	34.875759	6.0	0.012095999999999999	5.456454	2.0	71.093977	3.6678610000000003	1.0	38.563244	18.713024	3.0	95.636773	8.077312	4.0	40.196133	11.283178999999999	5.0	0.032636	3.02529	5.0	1.425714	5.6962209999999995	3.0	55.081256999999994
6042.0	4.0	57.812189000000004	10.740663	86.717342	35.499806	0.9540549999999999	0.12029300000000001	0.12286500000000002	0.8902129999999999	15.483991	4.0	4.046393	31.563643	2.0	0.032813	3.701199	6.0	97.110588	6.254256	1.0	25.807838	4.840159	4.0	69.74589300000001	11.559417	2.0	65.879855	13.111464999999999	3.0	0.012551	4.195404	1.0	56.345468000000004	1.8927720000000001	6.0	95.626292
6078.0	4.0	1.24546	94.453594	68.73458199999999	19.729837	0.49150900000000003	0.9308540000000001	0.261436	0.9333040000000001	13.379874	6.0	64.009785	73.600701	2.0	0.016949000000000002	1.757526	5.0	24.346410000000002	4.527568	3.0	15.894908	2.474226	2.0	64.470897	40.925554	4.0	84.954115	5.394813	5.0	0.013425	0.478633	1.0	20.900064	3.9520769999999996	5.0	69.60696800000001
6092.0	4.0	93.332437	28.002955	99.933626	8.825258999999999	0.543425	0.734874	0.32527399999999995	0.142101	20.630372	1.0	86.390008	73.212987	5.0	0.396513	2.504619	2.0	39.313769	4.492652	4.0	76.941942	15.822516	3.0	12.313847	59.192780000000006	5.0	6.062685	2.370231	1.0	0.07421599999999999	1.578382	2.0	84.37327900000001	0.21962600000000002	4.0	29.558885999999998
6117.0	4.0	96.700355	32.509221999999994	28.746221000000002	6.181462000000001	0.6173930000000001	0.49098100000000006	0.108856	0.364504	18.074942999999998	6.0	14.746696	25.088683	4.0	0.41366	2.09134	5.0	89.17300300000001	1.422468	2.0	11.435841	9.700434	5.0	26.907865	55.38929399999999	6.0	15.612235	11.142428	1.0	0.059990999999999996	1.531482	4.0	47.579989000000005	4.818811	4.0	91.74058000000001
6452.0	4.0	46.173688	93.33493399999999	59.053656999999994	47.217223	0.15246600000000002	0.773642	0.196744	0.8471059999999999	4.540748000000001	6.0	44.766242999999996	7.43479	1.0	0.378311	0.46328500000000006	4.0	26.080497	3.4908330000000003	4.0	93.091264	2.943015	6.0	93.56859	41.357361	4.0	62.342231000000005	22.86737	2.0	0.043559	2.181012	1.0	34.168068	1.628162	4.0	96.773678
6477.0	4.0	98.145253	76.40531	35.473428000000006	99.058573	0.41088	0.5781310000000001	0.303435	0.963226	1.833864	1.0	44.256868	68.359081	5.0	0.020013999999999997	2.5288209999999998	2.0	72.784515	6.023157	6.0	60.167562	9.506321	6.0	48.060724	52.324073999999996	6.0	1.9871990000000002	14.386860999999998	5.0	0.036987	1.7448080000000001	3.0	11.316403999999999	1.8220450000000001	2.0	33.40108
6763.0	4.0	56.680987	43.251735	45.051241	65.667868	0.153101	0.997246	0.49797299999999994	0.987519	0.673029	5.0	50.99329	28.823373999999998	4.0	0.067651	3.16643	4.0	64.926748	1.264333	1.0	41.390735	15.362691	5.0	18.555336999999998	22.330056	2.0	10.536713	5.789193	6.0	0.16358499999999998	1.014057	3.0	29.50651	2.104621	2.0	22.808464999999998
7362.0	4.0	87.403726	27.532813	43.649275	77.578503	0.219677	0.697237	0.400671	0.763371	21.230995999999998	4.0	9.088604	33.532582	1.0	0.06982200000000001	5.273934	2.0	93.880949	2.871138	6.0	67.544662	9.564312	3.0	40.891164	8.986794	3.0	4.704857	11.873586	4.0	0.079088	2.468589	4.0	38.102446	3.2783830000000003	4.0	54.597877000000004
7595.0	4.0	90.767015	97.70571899999999	76.738416	43.519366999999995	0.26909	0.941478	0.904222	0.47049300000000005	1.974752	6.0	26.373341999999997	35.7599	2.0	0.019687	0.423604	5.0	26.465090999999997	2.107277	1.0	29.587015	18.866504	3.0	39.034058	13.282778	4.0	56.104676	7.467539	3.0	0.034707999999999996	0.488461	4.0	22.612686	1.882189	6.0	40.032270000000004
7929.0	4.0	33.829654999999995	43.709075	64.259712	88.013481	0.507394	0.748843	0.21536	0.43513999999999997	0.49753800000000004	1.0	87.267966	69.459398	1.0	0.018302000000000002	0.365787	4.0	32.620144	3.711266	3.0	96.951432	19.496548999999998	6.0	55.708906000000006	7.4388179999999995	5.0	29.718358000000002	23.042632	1.0	0.011951	4.127759999999999	1.0	87.435004	1.238756	6.0	82.175072
8153.0	4.0	99.724677	12.473139	23.391613	58.952524	0.615995	0.40023400000000003	0.194683	0.497349	0.62744	2.0	53.686172	15.34055	1.0	0.019667	1.194134	6.0	27.111244	0.894496	5.0	9.661341	16.535825	4.0	82.093257	34.099883	2.0	86.48719100000001	12.901858	2.0	0.036209	1.33361	6.0	32.140074	1.319955	2.0	4.852963
8222.0	4.0	49.831682	32.876659000000004	28.663784999999997	69.116378	0.104622	0.230647	0.334947	0.8651790000000001	11.140292	4.0	38.158662	38.030608	3.0	0.010393000000000001	4.261975	2.0	30.895628000000002	2.183754	3.0	50.927718	1.1080079999999999	2.0	95.221003	4.985641	5.0	8.477022999999999	15.033891	1.0	0.014962999999999999	2.785689	6.0	88.025633	5.144586	2.0	57.278273999999996
8477.0	4.0	82.089638	64.002509	90.330934	92.473702	0.202879	0.8651639999999999	0.959622	0.434655	1.8107779999999998	5.0	62.446006999999994	70.902242	5.0	0.071064	4.672365	4.0	81.191783	3.635876	2.0	91.409879	10.782181	5.0	41.275824	66.562123	1.0	69.928977	14.776921	1.0	0.015543000000000001	4.483993	1.0	56.56294200000001	1.9520389999999999	6.0	14.433598000000002
8494.0	4.0	84.852245	25.399535	67.874016	35.770293	0.744113	0.24823699999999999	0.120502	0.217937	0.34615799999999997	2.0	52.042593	62.052203000000006	6.0	0.104921	1.4572260000000001	3.0	67.318405	3.250493	4.0	22.139685	15.029429	4.0	47.35983	62.18289	1.0	38.880688	9.052413	1.0	0.012284	3.898859	2.0	29.261295	3.501301	3.0	94.39079100000001
8689.0	4.0	97.64303100000001	15.870922	75.448936	91.577887	0.238603	0.23246399999999998	0.122902	0.357091	8.723125999999999	3.0	1.772307	65.82126600000001	3.0	0.066984	3.418032	5.0	72.837928	5.680434	6.0	1.547185	19.776475	2.0	85.95497399999999	11.562244999999999	6.0	7.368083	2.2888029999999997	5.0	0.038350999999999996	3.4968150000000002	4.0	44.772152	1.03119	5.0	69.98131
9582.0	4.0	44.557662	53.202053	98.063817	93.243038	0.322862	0.8619290000000001	0.262954	0.900544	5.549866000000001	2.0	77.57266800000001	60.948919	6.0	0.017838	2.022251	2.0	89.80562900000001	3.7505669999999998	4.0	42.268266	0.729537	4.0	95.053853	33.660908	5.0	63.382103	6.779033999999999	3.0	0.010529	1.627576	2.0	89.731663	0.8261200000000001	2.0	40.013589
9627.0	4.0	12.053355	57.600434	83.544602	95.569705	0.11183199999999999	0.259947	0.6124430000000001	0.841268	10.244252000000001	4.0	77.122778	28.372952	1.0	0.010935	6.225348	5.0	80.701207	4.195767	3.0	98.504077	18.594798	1.0	47.72645	57.413715	6.0	48.416569	19.682145000000002	5.0	0.09131900000000001	0.968342	1.0	34.801444000000004	5.431521	2.0	52.229284
218.0	4.0	47.474606	76.835347	78.754767	68.707475	0.109622	0.34828000000000003	0.145923	0.809474	3.050741	2.0	47.371243	63.952512	3.0	0.025112	3.388551	3.0	42.553518	4.467751	2.0	29.588617	16.388631	6.0	89.880482	23.297716	2.0	17.158355	17.609972	2.0	0.016302	3.468989	2.0	16.999917	1.265421	6.0	16.678688
385.0	4.0	90.54480699999999	37.589591	42.022487	4.419988	0.17941500000000002	0.8964790000000001	0.645632	0.161161	18.488745	1.0	20.607093	75.188103	5.0	0.010971	3.6239980000000003	5.0	64.749589	3.237568	1.0	61.31796	19.300704	2.0	91.43642	33.095273	3.0	75.508031	15.351083	1.0	0.012757	0.746953	1.0	46.763386	4.438285	6.0	2.120792
541.0	4.0	77.59291800000001	46.261755	75.743313	90.310281	0.21031999999999998	0.573705	0.81717	0.22571	1.113566	4.0	63.775383999999995	62.464445999999995	1.0	0.011308	4.417174	3.0	13.717573999999999	5.399824	3.0	3.562575	19.802564999999998	3.0	86.878342	56.874191	2.0	37.137696999999996	10.456888000000001	2.0	0.035779000000000005	0.156699	4.0	73.671974	1.2139389999999999	6.0	27.274611
786.0	4.0	86.028277	24.220756	45.338644	54.071027	0.526613	0.722332	0.139295	0.21746100000000002	11.310895	2.0	10.012107	14.948296	3.0	0.044289	2.930181	6.0	32.755072	3.344726	1.0	34.86372	0.3834	6.0	10.537543	50.402277000000005	6.0	27.953003000000002	7.0360119999999995	3.0	0.017296000000000002	0.788925	6.0	86.097409	3.3828910000000003	5.0	69.058256
820.0	4.0	51.392709	92.235561	91.98521	51.068162	0.613237	0.861382	0.9457180000000001	0.8784280000000001	6.210653	1.0	52.17281	65.54034300000001	2.0	0.01127	0.270061	6.0	55.970179	3.373674	5.0	50.965164	20.85278	1.0	77.885114	10.939964	1.0	39.422909000000004	9.928313000000001	1.0	0.012847999999999998	1.6742259999999998	2.0	11.948249	4.2020290000000005	6.0	38.341266999999995
957.0	4.0	90.311637	24.627919	14.041554999999999	69.16236500000001	0.632203	0.574665	0.7578060000000001	0.9634010000000001	0.991468	2.0	25.362009	15.495944	2.0	0.180568	3.007893	3.0	1.169118	4.972139	6.0	13.513998999999998	20.319497	2.0	61.23164499999999	14.620412	3.0	32.858763	20.575805	1.0	0.05715599999999999	0.07587	2.0	8.857483	1.167384	4.0	98.707868
1156.0	4.0	69.645705	91.718498	48.277607	40.640693	0.29288600000000004	0.29904200000000003	0.17383800000000002	0.397981	6.642235	2.0	69.88901800000001	46.554475	1.0	0.026357	3.716497	6.0	13.012445	1.902059	6.0	26.485716999999998	5.797039	4.0	90.04078	66.111623	6.0	75.552038	17.058642000000003	5.0	0.10758	1.966767	5.0	3.862946	5.383913	6.0	75.246404
1296.0	4.0	99.689243	65.670638	9.051642	63.97430500000001	0.627921	0.314255	0.415612	0.19948	20.820166	1.0	83.820363	71.18530600000001	2.0	0.043894	5.824951	1.0	18.332248	3.9355919999999998	6.0	97.78874300000001	0.465582	5.0	50.270998999999996	12.510878	1.0	81.226466	15.604566	1.0	0.013121	0.134468	5.0	49.01553	0.46535600000000005	4.0	32.745782
1810.0	4.0	34.910952	16.319789	71.207767	40.881571	0.17113299999999998	0.364098	0.499125	0.923161	8.455869	6.0	55.58728000000001	63.185762	3.0	0.017987	1.7136630000000002	3.0	11.16409	0.182233	3.0	46.305707	17.153429	2.0	25.631210999999997	13.883988	6.0	88.080967	9.505864	6.0	0.12401600000000002	2.535012	5.0	31.228348999999998	3.200929	2.0	4.888158
2095.0	4.0	26.859231	93.57670999999999	72.476262	35.289805	0.7065239999999999	0.914116	0.152205	0.239767	23.12497	5.0	7.724082000000001	39.952506	6.0	0.055300999999999996	6.094666999999999	6.0	2.392004	0.7405229999999999	3.0	65.775473	0.622254	6.0	41.361363	32.940154	5.0	7.854242999999999	9.236722	4.0	0.016775	4.416246	1.0	98.085592	1.469439	6.0	6.996808000000001
2434.0	4.0	85.816696	63.707812	9.80621	31.489169	0.527882	0.935859	0.9614590000000001	0.11710899999999999	18.850089999999998	5.0	2.575311	74.59056600000001	2.0	0.11318299999999999	0.552584	5.0	89.982168	2.924163	2.0	46.868681	7.332561	5.0	67.130768	11.670666	6.0	21.591545	3.3529949999999995	1.0	0.291333	2.714715	4.0	1.642857	4.619577	5.0	22.255751
2559.0	4.0	27.771017999999998	21.844151999999998	83.89830400000001	59.330412	0.157719	0.40819099999999997	0.116404	0.815837	1.107683	6.0	24.346441	64.166262	4.0	0.16453900000000002	0.519601	4.0	93.792787	1.0724989999999999	5.0	14.782232999999998	2.802499	6.0	88.203323	51.860778	6.0	91.355435	13.795233999999999	1.0	0.023063999999999998	2.911388	2.0	2.500826	4.320083	2.0	48.71154
2578.0	4.0	32.028451000000004	79.562608	87.927996	38.970783000000004	0.386628	0.9272309999999999	0.186348	0.6930569999999999	16.277061	1.0	61.09477	13.098251	1.0	0.012494	2.902362	1.0	11.028261	4.839951	5.0	59.609391	4.271254	2.0	74.973199	43.400331	4.0	73.367286	2.930959	5.0	0.045598	3.4631790000000002	1.0	88.49896600000001	5.068732	6.0	49.576465999999996
2775.0	4.0	85.118397	35.501829	98.437218	57.115677000000005	0.535287	0.976133	0.308767	0.26695	1.067301	1.0	78.144449	55.705338	5.0	0.265196	0.6500130000000001	6.0	61.280443999999996	4.437069999999999	1.0	8.891237	5.613799	5.0	93.38838100000001	44.789578999999996	6.0	24.415274	20.418284	2.0	0.017853	0.25724400000000003	5.0	60.647552000000005	3.778025	6.0	37.615604
2832.0	4.0	67.82484699999999	72.831052	44.147749	88.561849	0.47934099999999996	0.268442	0.159377	0.8404280000000001	11.42623	6.0	29.379329	10.337521	1.0	0.049871	0.076414	3.0	95.359939	3.63311	1.0	13.01113	19.918662	3.0	46.769366999999995	44.782872	6.0	11.024018	14.572092999999999	1.0	0.017638	4.555219	5.0	8.747662	4.877804	5.0	86.62939300000001
3035.0	4.0	56.638686	69.470433	77.241162	90.99422	0.335187	0.27003699999999997	0.246561	0.626753	3.683203	1.0	38.850311	63.849692000000005	4.0	0.013653	0.15787	3.0	75.97620500000001	5.49064	1.0	86.711444	8.808155000000001	5.0	67.993137	28.240008000000003	4.0	48.410224	16.347773999999998	6.0	0.037259	0.630023	3.0	94.092065	2.953432	5.0	37.596996000000004
3175.0	4.0	32.206111	12.889101	57.400806	86.130561	0.15239	0.373108	0.29023899999999997	0.460254	22.730004	4.0	14.091508	73.968303	5.0	0.583326	4.821805	4.0	49.030724	4.0185379999999995	5.0	37.778713	5.294468	4.0	61.326817000000005	6.567088	2.0	4.8354800000000004	19.483936	5.0	0.04125	3.771736	4.0	42.335452000000004	4.936653	5.0	38.751049
3288.0	4.0	26.698423	47.720584	48.66255	19.039178	0.8653790000000001	0.89881	0.316542	0.674189	2.225391	5.0	60.442668000000005	57.943346	1.0	0.06375800000000001	0.154593	1.0	30.779496999999996	2.367435	1.0	70.648299	3.872618	6.0	88.860938	42.413252	4.0	69.669205	23.348802	1.0	0.032869999999999996	0.5080979999999999	2.0	62.422724	2.8960470000000003	5.0	90.056097
3308.0	4.0	62.362528000000005	19.553938	72.478633	50.801337	0.729643	0.50648	0.125168	0.6023149999999999	23.274108	1.0	40.806153	7.950400999999999	2.0	0.656457	0.659061	5.0	28.539614	3.545674	2.0	44.364505	11.738726	6.0	83.60229	4.03187	1.0	75.975679	0.692148	1.0	0.013283000000000001	4.956216	3.0	72.60279	4.045411	6.0	37.522483
3395.0	4.0	53.419281000000005	79.955844	91.40045	14.052691000000001	0.7485689999999999	0.318119	0.24775999999999998	0.6306510000000001	6.4677050000000005	1.0	86.679715	20.972058999999998	2.0	0.082227	1.341726	3.0	86.47621	1.472864	1.0	94.607068	15.721556	6.0	93.92821500000001	45.82428	1.0	58.120759	15.32369	1.0	0.05247	2.9328279999999998	6.0	2.3994869999999997	3.019073	3.0	76.79664
3753.0	4.0	90.623942	26.297939000000003	88.308115	87.401021	0.982051	0.414116	0.24901900000000002	0.46599300000000005	1.562239	4.0	68.75364499999999	47.47802	6.0	0.272665	2.734309	6.0	42.586145	0.529296	4.0	52.003175	12.744912	3.0	71.17631	69.145767	4.0	47.983636	15.990566000000001	3.0	0.01871	5.895296	1.0	57.415344999999995	4.0323199999999995	6.0	52.833785999999996
3840.0	4.0	62.904528000000006	28.392269	97.417659	26.678625	0.273192	0.666971	0.138217	0.41651400000000005	21.204461	2.0	7.330394	65.742761	4.0	0.022906	5.275728	5.0	21.731392	3.763633	5.0	1.8577599999999999	12.029325	4.0	98.80610899999999	64.65389499999999	4.0	28.029883	6.720422	6.0	0.092791	1.415265	2.0	26.933003999999997	1.911671	1.0	64.908641
3853.0	4.0	38.524571	62.029897	67.292008	58.662231000000006	0.5935699999999999	0.6634359999999999	0.322934	0.24029699999999998	8.122765	1.0	50.740520000000004	42.716724	4.0	0.018508	0.21765700000000002	2.0	49.713246000000005	5.056819	1.0	41.021673	1.01306	6.0	73.860668	59.681934999999996	3.0	74.772132	8.548296	3.0	0.015002000000000001	3.26093	6.0	12.394484	1.348025	6.0	4.57319
3991.0	4.0	73.567868	65.934682	26.509227000000003	58.237317000000004	0.763169	0.9564239999999999	0.100649	0.662151	16.032874	5.0	79.29979	15.186054	3.0	0.050056	0.507339	5.0	92.737471	3.090115	3.0	41.769944	9.402495	1.0	96.889978	15.241945999999999	6.0	93.669046	23.189146	4.0	0.012959	1.0521340000000001	1.0	10.592334	4.300935	6.0	91.327246
4020.0	4.0	11.269932	50.424023999999996	35.50801	80.580557	0.20828899999999997	0.45200799999999997	0.238144	0.8177	2.326563	1.0	28.873514	72.79015	6.0	0.061322	5.155698	5.0	61.048775	5.602806	3.0	40.039035	1.003013	3.0	88.376356	1.6679240000000002	5.0	14.100706	8.583468	6.0	0.032942	1.1731280000000002	4.0	83.03135999999999	4.495786	1.0	6.103665
4843.0	4.0	95.74639300000001	68.302323	32.253997	55.731615000000005	0.337993	0.900496	0.44738599999999995	0.9734719999999999	14.591475	1.0	58.370175	37.941968	1.0	0.014684000000000001	1.434771	2.0	86.064036	3.0304729999999998	2.0	49.611212	9.322179	3.0	58.033303000000004	43.574040999999994	2.0	1.920246	12.095738	1.0	0.020873	4.411901	2.0	14.596774	1.7973599999999998	5.0	92.364517
5386.0	4.0	54.858684	93.718227	77.55501	16.310163	0.805388	0.78989	0.213923	0.261731	21.641689000000003	1.0	2.081728	15.848621	6.0	0.08955199999999999	0.9299209999999999	3.0	40.868795	3.774081	2.0	50.99481	9.730641	4.0	20.997121	8.783362	2.0	96.15760999999999	13.427807999999999	2.0	0.015332	3.504772	3.0	47.404266	4.979549	4.0	62.087759
5387.0	4.0	72.130841	77.22596800000001	57.507084	76.28597099999999	0.451952	0.332753	0.68257	0.8726209999999999	17.925945000000002	5.0	33.845034000000005	72.236243	6.0	0.016022	3.3764160000000003	1.0	57.884704000000006	3.240212	6.0	68.73271700000001	1.621905	4.0	49.633761	24.06118	6.0	12.671735	4.240075	3.0	0.091188	1.3853030000000002	2.0	91.58536099999999	0.113249	6.0	45.246226
5454.0	4.0	85.497491	48.065938	77.12114100000001	57.977312	0.178873	0.9505879999999999	0.517846	0.491025	7.8100570000000005	4.0	70.26709100000001	12.374587	2.0	0.347145	0.512905	4.0	45.834201	6.240042	2.0	92.588953	2.619684	3.0	78.72022	11.145799	6.0	10.936948	21.780376999999998	4.0	0.046208	4.793088	3.0	81.988821	3.975174	3.0	43.11821
5785.0	4.0	75.054956	47.7789	92.31395	65.477438	0.269473	0.259413	0.410854	0.9215270000000001	13.756526999999998	4.0	51.772841	47.056857	1.0	0.019299	1.140321	3.0	51.356749	4.767443	3.0	68.87496800000001	20.872823999999998	1.0	76.943247	38.549242	5.0	73.22636700000001	1.441354	1.0	0.022438	1.617983	1.0	32.747484	0.131588	2.0	73.82179599999999
5860.0	4.0	29.176679999999998	26.301693	93.384608	8.549246	0.156568	0.366338	0.12487899999999999	0.4547	0.365108	2.0	65.50980600000001	34.875759	6.0	0.012095999999999999	5.456454	2.0	71.093977	3.6678610000000003	1.0	38.563244	18.713024	3.0	95.636773	8.077312	4.0	40.196133	11.283178999999999	5.0	0.032636	3.02529	5.0	1.425714	5.6962209999999995	3.0	55.081256999999994
6042.0	4.0	57.812189000000004	10.740663	86.717342	35.499806	0.9540549999999999	0.12029300000000001	0.12286500000000002	0.8902129999999999	15.483991	4.0	4.046393	31.563643	2.0	0.032813	3.701199	6.0	97.110588	6.254256	1.0	25.807838	4.840159	4.0	69.74589300000001	11.559417	2.0	65.879855	13.111464999999999	3.0	0.012551	4.195404	1.0	56.345468000000004	1.8927720000000001	6.0	95.626292
6078.0	4.0	1.24546	94.453594	68.73458199999999	19.729837	0.49150900000000003	0.9308540000000001	0.261436	0.9333040000000001	13.379874	6.0	64.009785	73.600701	2.0	0.016949000000000002	1.757526	5.0	24.346410000000002	4.527568	3.0	15.894908	2.474226	2.0	64.470897	40.925554	4.0	84.954115	5.394813	5.0	0.013425	0.478633	1.0	20.900064	3.9520769999999996	5.0	69.60696800000001
6092.0	4.0	93.332437	28.002955	99.933626	8.825258999999999	0.543425	0.734874	0.32527399999999995	0.142101	20.630372	1.0	86.390008	73.212987	5.0	0.396513	2.504619	2.0	39.313769	4.492652	4.0	76.941942	15.822516	3.0	12.313847	59.192780000000006	5.0	6.062685	2.370231	1.0	0.07421599999999999	1.578382	2.0	84.37327900000001	0.21962600000000002	4.0	29.558885999999998
6117.0	4.0	96.700355	32.509221999999994	28.746221000000002	6.181462000000001	0.6173930000000001	0.49098100000000006	0.108856	0.364504	18.074942999999998	6.0	14.746696	25.088683	4.0	0.41366	2.09134	5.0	89.17300300000001	1.422468	2.0	11.435841	9.700434	5.0	26.907865	55.38929399999999	6.0	15.612235	11.142428	1.0	0.059990999999999996	1.531482	4.0	47.579989000000005	4.818811	4.0	91.74058000000001
6452.0	4.0	46.173688	93.33493399999999	59.053656999999994	47.217223	0.15246600000000002	0.773642	0.196744	0.8471059999999999	4.540748000000001	6.0	44.766242999999996	7.43479	1.0	0.378311	0.46328500000000006	4.0	26.080497	3.4908330000000003	4.0	93.091264	2.943015	6.0	93.56859	41.357361	4.0	62.342231000000005	22.86737	2.0	0.043559	2.181012	1.0	34.168068	1.628162	4.0	96.773678
6477.0	4.0	98.145253	76.40531	35.473428000000006	99.058573	0.41088	0.5781310000000001	0.303435	0.963226	1.833864	1.0	44.256868	68.359081	5.0	0.020013999999999997	2.5288209999999998	2.0	72.784515	6.023157	6.0	60.167562	9.506321	6.0	48.060724	52.324073999999996	6.0	1.9871990000000002	14.386860999999998	5.0	0.036987	1.7448080000000001	3.0	11.316403999999999	1.8220450000000001	2.0	33.40108
6763.0	4.0	56.680987	43.251735	45.051241	65.667868	0.153101	0.997246	0.49797299999999994	0.987519	0.673029	5.0	50.99329	28.823373999999998	4.0	0.067651	3.16643	4.0	64.926748	1.264333	1.0	41.390735	15.362691	5.0	18.555336999999998	22.330056	2.0	10.536713	5.789193	6.0	0.16358499999999998	1.014057	3.0	29.50651	2.104621	2.0	22.808464999999998
7362.0	4.0	87.403726	27.532813	43.649275	77.578503	0.219677	0.697237	0.400671	0.763371	21.230995999999998	4.0	9.088604	33.532582	1.0	0.06982200000000001	5.273934	2.0	93.880949	2.871138	6.0	67.544662	9.564312	3.0	40.891164	8.986794	3.0	4.704857	11.873586	4.0	0.079088	2.468589	4.0	38.102446	3.2783830000000003	4.0	54.597877000000004
7595.0	4.0	90.767015	97.70571899999999	76.738416	43.519366999999995	0.26909	0.941478	0.904222	0.47049300000000005	1.974752	6.0	26.373341999999997	35.7599	2.0	0.019687	0.423604	5.0	26.465090999999997	2.107277	1.0	29.587015	18.866504	3.0	39.034058	13.282778	4.0	56.104676	7.467539	3.0	0.034707999999999996	0.488461	4.0	22.612686	1.882189	6.0	40.032270000000004
7929.0	4.0	33.829654999999995	43.709075	64.259712	88.013481	0.507394	0.748843	0.21536	0.43513999999999997	0.49753800000000004	1.0	87.267966	69.459398	1.0	0.018302000000000002	0.365787	4.0	32.620144	3.711266	3.0	96.951432	19.496548999999998	6.0	55.708906000000006	7.4388179999999995	5.0	29.718358000000002	23.042632	1.0	0.011951	4.127759999999999	1.0	87.435004	1.238756	6.0	82.175072
8153.0	4.0	99.724677	12.473139	23.391613	58.952524	0.615995	0.40023400000000003	0.194683	0.497349	0.62744	2.0	53.686172	15.34055	1.0	0.019667	1.194134	6.0	27.111244	0.894496	5.0	9.661341	16.535825	4.0	82.093257	34.099883	2.0	86.48719100000001	12.901858	2.0	0.036209	1.33361	6.0	32.140074	1.319955	2.0	4.852963
8222.0	4.0	49.831682	32.876659000000004	28.663784999999997	69.116378	0.104622	0.230647	0.334947	0.8651790000000001	11.140292	4.0	38.158662	38.030608	3.0	0.010393000000000001	4.261975	2.0	30.895628000000002	2.183754	3.0	50.927718	1.1080079999999999	2.0	95.221003	4.985641	5.0	8.477022999999999	15.033891	1.0	0.014962999999999999	2.785689	6.0	88.025633	5.144586	2.0	57.278273999999996
8477.0	4.0	82.089638	64.002509	90.330934	92.473702	0.202879	0.8651639999999999	0.959622	0.434655	1.8107779999999998	5.0	62.446006999999994	70.902242	5.0	0.071064	4.672365	4.0	81.191783	3.635876	2.0	91.409879	10.782181	5.0	41.275824	66.562123	1.0	69.928977	14.776921	1.0	0.015543000000000001	4.483993	1.0	56.56294200000001	1.9520389999999999	6.0	14.433598000000002
8494.0	4.0	84.852245	25.399535	67.874016	35.770293	0.744113	0.24823699999999999	0.120502	0.217937	0.34615799999999997	2.0	52.042593	62.052203000000006	6.0	0.104921	1.4572260000000001	3.0	67.318405	3.250493	4.0	22.139685	15.029429	4.0	47.35983	62.18289	1.0	38.880688	9.052413	1.0	0.012284	3.898859	2.0	29.261295	3.501301	3.0	94.39079100000001
8689.0	4.0	97.64303100000001	15.870922	75.448936	91.577887	0.238603	0.23246399999999998	0.122902	0.357091	8.723125999999999	3.0	1.772307	65.82126600000001	3.0	0.066984	3.418032	5.0	72.837928	5.680434	6.0	1.547185	19.776475	2.0	85.95497399999999	11.562244999999999	6.0	7.368083	2.2888029999999997	5.0	0.038350999999999996	3.4968150000000002	4.0	44.772152	1.03119	5.0	69.98131
9582.0	4.0	44.557662	53.202053	98.063817	93.243038	0.322862	0.8619290000000001	0.262954	0.900544	5.549866000000001	2.0	77.57266800000001	60.948919	6.0	0.017838	2.022251	2.0	89.80562900000001	3.7505669999999998	4.0	42.268266	0.729537	4.0	95.053853	33.660908	5.0	63.382103	6.779033999999999	3.0	0.010529	1.627576	2.0	89.731663	0.8261200000000001	2.0	40.013589
9627.0	4.0	12.053355	57.600434	83.544602	95.569705	0.11183199999999999	0.259947	0.6124430000000001	0.841268	10.244252000000001	4.0	77.122778	28.372952	1.0	0.010935	6.225348	5.0	80.701207	4.195767	3.0	98.504077	18.594798	1.0	47.72645	57.413715	6.0	48.416569	19.682145000000002	5.0	0.09131900000000001	0.968342	1.0	34.801444000000004	5.431521	2.0	52.229284
