160.0	4.0	87.860448	16.139714	38.580003000000005	47.597582	0.8382700000000001	0.6561239999999999	0.44858000000000003	0.572962	23.758242000000003	2.0	98.569691	67.008241	2.0	0.012922	0.275922	4.0	28.144221999999996	5.925016	3.0	91.01411999999999	2.001545	1.0	68.432118	20.899532	5.0	23.542583	15.416854	3.0	0.026411	1.072677	6.0	88.250136	2.411053	1.0	42.059756
419.0	4.0	69.52773	24.620502	25.466777	25.461488	0.715972	0.547236	0.687429	0.17222200000000001	13.314743	6.0	67.345073	15.33654	2.0	0.129494	0.7060649999999999	6.0	11.990048	3.5618540000000003	3.0	21.118766	7.587121000000001	5.0	61.177468999999995	22.167532	5.0	72.648289	15.549712	2.0	0.012987	0.683401	2.0	77.17290899999999	0.4506	2.0	22.781629000000002
1609.0	4.0	23.395402	32.894028000000006	63.50872	17.637857999999998	0.5536399999999999	0.794568	0.9280459999999999	0.26060700000000003	5.147029	4.0	10.480476	27.221372	4.0	0.010239	1.006953	6.0	79.37169499999999	4.501659	5.0	96.198872	17.587212	3.0	21.718432999999997	6.039182	4.0	67.558006	1.585565	2.0	0.031116	0.682024	4.0	97.398664	2.601527	3.0	79.681779
1735.0	4.0	86.64403399999999	23.884655	34.759980999999996	70.308258	0.520949	0.947523	0.81915	0.472138	16.877021	2.0	4.623371	33.084399	3.0	0.054569000000000006	3.88959	6.0	32.11307	2.9754970000000003	6.0	63.726307999999996	8.434318	6.0	86.397233	40.869054	4.0	76.588647	15.944687	3.0	0.010848	5.721722	1.0	88.287878	2.242121	6.0	42.07206
1803.0	4.0	92.297788	82.58455500000001	86.306164	83.431411	0.203925	0.667614	0.366935	0.44725600000000004	6.647628	2.0	36.090672999999995	64.26889	2.0	0.018887	3.4192110000000002	5.0	43.944869	5.947227	5.0	20.897772	15.179872	6.0	64.175604	70.990277	4.0	42.512633	2.059341	5.0	0.067638	2.729032	6.0	21.671744	2.935203	3.0	6.507604
2883.0	4.0	61.954197	40.867878999999995	92.828019	34.496311	0.383862	0.8767530000000001	0.464888	0.6316729999999999	17.480589000000002	5.0	48.205732	29.873140999999997	3.0	0.012418	1.305358	5.0	41.411112	2.097086	5.0	1.676936	21.922411	6.0	64.972179	47.760661999999996	1.0	37.117771999999995	23.069256	3.0	0.016805	1.424105	6.0	67.088631	4.614961	4.0	9.553139999999999
3248.0	4.0	85.03501700000001	12.245689	83.285658	60.11843399999999	0.325493	0.574387	0.412009	0.9814370000000001	16.160507	3.0	36.175286	23.325688	2.0	0.012869	1.345905	4.0	43.464883	2.3340549999999998	4.0	32.210797	9.251648	4.0	85.078714	31.125953999999997	5.0	79.243015	7.1954899999999995	3.0	0.011456000000000001	0.5011869999999999	6.0	39.82233	1.797048	6.0	25.393222
3410.0	4.0	51.616034	55.607103	47.823971	36.165259999999996	0.98435	0.499463	0.150826	0.509185	20.324820000000003	5.0	26.906011	23.512378	2.0	0.032388	0.508735	5.0	44.392369	3.8284160000000003	6.0	81.153497	0.508571	3.0	28.366296000000002	31.64922	2.0	26.694221999999996	10.019603	1.0	0.060986	2.663521	5.0	65.830378	3.992092	2.0	85.358959
3958.0	4.0	68.401296	11.77304	50.102978	57.27132099999999	0.106958	0.656679	0.8789950000000001	0.5653630000000001	14.883784	2.0	67.129264	63.896393	5.0	0.020672	3.657425	2.0	57.360276	2.135843	6.0	66.836947	2.049281	4.0	56.385329000000006	55.91389	5.0	98.533043	15.923004999999998	3.0	0.027569	3.5837209999999997	2.0	31.618347999999997	0.6270979999999999	1.0	64.323453
4206.0	4.0	43.728375	16.964425	55.659589000000004	20.061389000000002	0.944514	0.879669	0.8520459999999999	0.28824299999999997	1.7983470000000001	3.0	29.004775	42.702943	1.0	0.019871	0.969584	5.0	29.744427	2.01248	6.0	11.593229	7.952602000000001	5.0	24.94171	8.491191	3.0	49.918763	9.524293	3.0	0.023822	1.794144	5.0	6.571644	2.155408	5.0	75.971992
6453.0	4.0	61.585721	8.005388	26.220834000000004	39.176303999999995	0.56035	0.451424	0.275493	0.9276790000000001	9.961944	2.0	29.816234	30.086362	6.0	0.242186	1.733428	2.0	75.02234399999999	2.509678	6.0	11.768231	3.9743730000000004	2.0	86.062269	9.928235	5.0	33.046477	3.482501	1.0	0.08200199999999999	2.115164	3.0	28.485396	2.955337	4.0	34.021693
8844.0	4.0	93.385211	17.951462	52.678712	60.286923	0.41114300000000004	0.966037	0.9604360000000001	0.927707	16.255820999999997	1.0	28.773984000000002	58.599416000000005	5.0	0.018094	3.38151	4.0	20.446328	1.4955129999999999	6.0	24.744697	5.429277	4.0	65.259975	49.996234	2.0	57.996263	10.273674	1.0	0.051168	2.574406	2.0	73.221621	1.5957139999999999	1.0	63.524528000000004
8995.0	4.0	77.42243	48.276045	68.74138	40.000508	0.436885	0.96555	0.144217	0.533747	11.95065	2.0	50.661766	52.775915000000005	2.0	0.0469	0.915013	6.0	13.321082	6.1323300000000005	6.0	30.342475	5.85838	4.0	65.077826	64.310971	2.0	79.468417	16.643659	5.0	0.05581900000000001	4.772888	6.0	58.10654	4.7110959999999995	4.0	65.457725
9635.0	4.0	78.38401999999999	29.760746	48.366981	44.950616	0.5919949999999999	0.6356189999999999	0.5237970000000001	0.46653999999999995	15.489023999999999	5.0	86.71849300000001	63.409769	1.0	0.12707000000000002	0.764674	6.0	79.762041	6.132804	1.0	65.532574	13.675384	3.0	46.625274	5.803328	5.0	86.474238	15.996374	1.0	0.032123	5.709994999999999	2.0	30.207319000000002	1.02799	2.0	75.24943
9890.0	4.0	93.62019000000001	12.798578	47.514497999999996	17.378073	0.42653599999999997	0.386306	0.403167	0.8587290000000001	0.8621120000000001	1.0	86.810119	12.210675	4.0	0.01518	2.480794	6.0	79.996686	4.680112	1.0	43.349834	8.851442	6.0	21.14934	4.770156	5.0	93.432683	11.474879	5.0	0.044900999999999996	0.373849	6.0	98.091494	1.176635	3.0	94.873651
160.0	4.0	87.860448	16.139714	38.580003000000005	47.597582	0.8382700000000001	0.6561239999999999	0.44858000000000003	0.572962	23.758242000000003	2.0	98.569691	67.008241	2.0	0.012922	0.275922	4.0	28.144221999999996	5.925016	3.0	91.01411999999999	2.001545	1.0	68.432118	20.899532	5.0	23.542583	15.416854	3.0	0.026411	1.072677	6.0	88.250136	2.411053	1.0	42.059756
419.0	4.0	69.52773	24.620502	25.466777	25.461488	0.715972	0.547236	0.687429	0.17222200000000001	13.314743	6.0	67.345073	15.33654	2.0	0.129494	0.7060649999999999	6.0	11.990048	3.5618540000000003	3.0	21.118766	7.587121000000001	5.0	61.177468999999995	22.167532	5.0	72.648289	15.549712	2.0	0.012987	0.683401	2.0	77.17290899999999	0.4506	2.0	22.781629000000002
1609.0	4.0	23.395402	32.894028000000006	63.50872	17.637857999999998	0.5536399999999999	0.794568	0.9280459999999999	0.26060700000000003	5.147029	4.0	10.480476	27.221372	4.0	0.010239	1.006953	6.0	79.37169499999999	4.501659	5.0	96.198872	17.587212	3.0	21.718432999999997	6.039182	4.0	67.558006	1.585565	2.0	0.031116	0.682024	4.0	97.398664	2.601527	3.0	79.681779
1735.0	4.0	86.64403399999999	23.884655	34.759980999999996	70.308258	0.520949	0.947523	0.81915	0.472138	16.877021	2.0	4.623371	33.084399	3.0	0.054569000000000006	3.88959	6.0	32.11307	2.9754970000000003	6.0	63.726307999999996	8.434318	6.0	86.397233	40.869054	4.0	76.588647	15.944687	3.0	0.010848	5.721722	1.0	88.287878	2.242121	6.0	42.07206
1803.0	4.0	92.297788	82.58455500000001	86.306164	83.431411	0.203925	0.667614	0.366935	0.44725600000000004	6.647628	2.0	36.090672999999995	64.26889	2.0	0.018887	3.4192110000000002	5.0	43.944869	5.947227	5.0	20.897772	15.179872	6.0	64.175604	70.990277	4.0	42.512633	2.059341	5.0	0.067638	2.729032	6.0	21.671744	2.935203	3.0	6.507604
2883.0	4.0	61.954197	40.867878999999995	92.828019	34.496311	0.383862	0.8767530000000001	0.464888	0.6316729999999999	17.480589000000002	5.0	48.205732	29.873140999999997	3.0	0.012418	1.305358	5.0	41.411112	2.097086	5.0	1.676936	21.922411	6.0	64.972179	47.760661999999996	1.0	37.117771999999995	23.069256	3.0	0.016805	1.424105	6.0	67.088631	4.614961	4.0	9.553139999999999
3248.0	4.0	85.03501700000001	12.245689	83.285658	60.11843399999999	0.325493	0.574387	0.412009	0.9814370000000001	16.160507	3.0	36.175286	23.325688	2.0	0.012869	1.345905	4.0	43.464883	2.3340549999999998	4.0	32.210797	9.251648	4.0	85.078714	31.125953999999997	5.0	79.243015	7.1954899999999995	3.0	0.011456000000000001	0.5011869999999999	6.0	39.82233	1.797048	6.0	25.393222
3410.0	4.0	51.616034	55.607103	47.823971	36.165259999999996	0.98435	0.499463	0.150826	0.509185	20.324820000000003	5.0	26.906011	23.512378	2.0	0.032388	0.508735	5.0	44.392369	3.8284160000000003	6.0	81.153497	0.508571	3.0	28.366296000000002	31.64922	2.0	26.694221999999996	10.019603	1.0	0.060986	2.663521	5.0	65.830378	3.992092	2.0	85.358959
3958.0	4.0	68.401296	11.77304	50.102978	57.27132099999999	0.106958	0.656679	0.8789950000000001	0.5653630000000001	14.883784	2.0	67.129264	63.896393	5.0	0.020672	3.657425	2.0	57.360276	2.135843	6.0	66.836947	2.049281	4.0	56.385329000000006	55.91389	5.0	98.533043	15.923004999999998	3.0	0.027569	3.5837209999999997	2.0	31.618347999999997	0.6270979999999999	1.0	64.323453
4206.0	4.0	43.728375	16.964425	55.659589000000004	20.061389000000002	0.944514	0.879669	0.8520459999999999	0.28824299999999997	1.7983470000000001	3.0	29.004775	42.702943	1.0	0.019871	0.969584	5.0	29.744427	2.01248	6.0	11.593229	7.952602000000001	5.0	24.94171	8.491191	3.0	49.918763	9.524293	3.0	0.023822	1.794144	5.0	6.571644	2.155408	5.0	75.971992
6453.0	4.0	61.585721	8.005388	26.220834000000004	39.176303999999995	0.56035	0.451424	0.275493	0.9276790000000001	9.961944	2.0	29.816234	30.086362	6.0	0.242186	1.733428	2.0	75.02234399999999	2.509678	6.0	11.768231	3.9743730000000004	2.0	86.062269	9.928235	5.0	33.046477	3.482501	1.0	0.08200199999999999	2.115164	3.0	28.485396	2.955337	4.0	34.021693
8844.0	4.0	93.385211	17.951462	52.678712	60.286923	0.41114300000000004	0.966037	0.9604360000000001	0.927707	16.255820999999997	1.0	28.773984000000002	58.599416000000005	5.0	0.018094	3.38151	4.0	20.446328	1.4955129999999999	6.0	24.744697	5.429277	4.0	65.259975	49.996234	2.0	57.996263	10.273674	1.0	0.051168	2.574406	2.0	73.221621	1.5957139999999999	1.0	63.524528000000004
8995.0	4.0	77.42243	48.276045	68.74138	40.000508	0.436885	0.96555	0.144217	0.533747	11.95065	2.0	50.661766	52.775915000000005	2.0	0.0469	0.915013	6.0	13.321082	6.1323300000000005	6.0	30.342475	5.85838	4.0	65.077826	64.310971	2.0	79.468417	16.643659	5.0	0.05581900000000001	4.772888	6.0	58.10654	4.7110959999999995	4.0	65.457725
9635.0	4.0	78.38401999999999	29.760746	48.366981	44.950616	0.5919949999999999	0.6356189999999999	0.5237970000000001	0.46653999999999995	15.489023999999999	5.0	86.71849300000001	63.409769	1.0	0.12707000000000002	0.764674	6.0	79.762041	6.132804	1.0	65.532574	13.675384	3.0	46.625274	5.803328	5.0	86.474238	15.996374	1.0	0.032123	5.709994999999999	2.0	30.207319000000002	1.02799	2.0	75.24943
9890.0	4.0	93.62019000000001	12.798578	47.514497999999996	17.378073	0.42653599999999997	0.386306	0.403167	0.8587290000000001	0.8621120000000001	1.0	86.810119	12.210675	4.0	0.01518	2.480794	6.0	79.996686	4.680112	1.0	43.349834	8.851442	6.0	21.14934	4.770156	5.0	93.432683	11.474879	5.0	0.044900999999999996	0.373849	6.0	98.091494	1.176635	3.0	94.873651
