27.0	3.0	96.353702	70.787224	91.44946800000001	3.8622019999999995	0.810604	0.7219140000000001	0.714328	0.45260600000000006	10.511691	3.0	5.563048	10.630301	3.0	0.016564	6.230631	4.0	39.569272	1.48983	1.0	63.650028000000006	10.422944000000001	5.0	68.86397	23.577184	2.0	98.369958	1.6203040000000002	4.0	0.010039	3.906415	6.0	78.292097	5.418493	1.0	13.250664000000002	18.910510000000002	6.0	80.659402
581.0	3.0	78.556686	52.025569	39.213883	1.054726	0.23690799999999998	0.517364	0.36093000000000003	0.735309	6.958925	2.0	83.854923	6.638174	4.0	0.109777	1.977723	4.0	93.28488399999999	5.148042	5.0	52.393461	9.643476	6.0	54.886407	12.648931	4.0	59.392415	17.723193	5.0	0.018198	5.189984	4.0	56.76849300000001	1.578264	2.0	73.213183	6.284918	2.0	44.62057
626.0	3.0	93.661332	6.199718	3.5733	49.892652000000005	0.156039	0.7374029999999999	0.980907	0.890703	1.094985	5.0	69.997052	12.827656	2.0	0.01771	1.9761360000000001	4.0	82.663162	4.070798	4.0	36.538244	4.769539	6.0	92.01207099999999	6.334672	6.0	32.94615	19.888456	3.0	0.020051	0.407908	6.0	74.838435	4.948477	6.0	89.151926	10.704001	4.0	85.335756
701.0	3.0	90.286085	4.1687970000000005	39.32631	1.262694	0.863411	0.24575999999999998	0.18176900000000001	0.556869	21.631549	6.0	6.529283	2.915538	2.0	0.014008000000000001	5.319257	5.0	82.17805200000001	2.193395	4.0	80.025537	2.780961	5.0	86.460258	14.041773000000001	2.0	89.658243	22.842522	5.0	0.018088999999999997	3.296139	3.0	63.473337	5.472123000000001	6.0	66.90948399999999	24.598654999999997	1.0	83.854289
832.0	3.0	40.326507	26.963383	8.519509	16.622767	0.8710959999999999	0.541622	0.715108	0.478933	0.930091	5.0	35.302728	12.783114	6.0	0.017324000000000003	3.335418	6.0	42.236028999999995	3.8455489999999997	4.0	8.484345	21.14548	4.0	14.383617000000001	10.33658	3.0	79.598773	17.531172	4.0	0.010322	2.238731	2.0	61.52608000000001	3.027617	2.0	53.724741	16.83727	5.0	92.456616
843.0	3.0	43.07754	27.820169	7.093209	26.018094	0.48621000000000003	0.747633	0.19412100000000002	0.776328	21.14954	3.0	8.123689	18.070478	2.0	0.11928599999999999	2.7925310000000003	5.0	40.108732	3.0180290000000003	4.0	54.575781000000006	12.279805999999999	6.0	76.71029300000001	3.69268	1.0	97.928263	13.015645	3.0	0.015578	4.6583	5.0	41.306321000000004	4.354597	6.0	94.293816	24.460023	4.0	45.206317999999996
956.0	3.0	91.738629	45.483326	1.928509	46.972078	0.345504	0.557558	0.746188	0.405968	3.151538	4.0	78.53685300000001	14.381386	2.0	0.010793	0.29096700000000003	4.0	77.070931	1.986132	5.0	22.651229	19.777657	3.0	26.548875	6.2525010000000005	4.0	85.16071099999999	10.596588	1.0	0.013065	3.5689699999999998	6.0	52.957767000000004	3.277386	2.0	13.505633999999999	4.7748349999999995	1.0	39.492507
1095.0	3.0	74.640349	43.069088	35.598901	19.649352	0.22567399999999999	0.9455389999999999	0.574545	0.894626	16.006752	3.0	54.081022	9.064731	1.0	0.020319	1.5783719999999999	6.0	85.395708	4.963375	4.0	49.952261	10.057032000000001	3.0	58.540634999999995	12.981192	3.0	12.900594	12.320336	4.0	0.013021000000000001	4.66035	3.0	76.91443100000001	5.008516	3.0	26.101699	22.544183	4.0	43.357075
1190.0	3.0	59.49111800000001	32.988933	3.197884	44.010104	0.693562	0.37348000000000003	0.365126	0.670188	6.50084	5.0	24.937402	11.727282	1.0	0.011907	0.679584	5.0	25.617596	3.1904220000000003	5.0	80.662369	21.618929	6.0	88.528129	21.21958	1.0	91.97965400000001	4.88851	6.0	0.014952000000000002	4.520674	6.0	72.445753	4.317914	2.0	22.664907	20.257787	3.0	17.134057000000002
1240.0	3.0	58.416848	51.611989	93.80720600000001	5.446886	0.406096	0.731089	0.415742	0.44569	23.652003	5.0	27.684793	1.7579360000000002	4.0	0.026279000000000004	1.9467189999999999	2.0	94.500727	4.382745	6.0	66.469226	21.281519	4.0	83.61828100000001	6.121343	3.0	57.666216000000006	17.2716	1.0	0.017187	5.2326809999999995	3.0	57.04588199999999	5.588991	3.0	84.81423000000001	18.699994	4.0	95.910945
1246.0	3.0	46.892794	57.298919999999995	34.160136	15.162312	0.6874600000000001	0.8779440000000001	0.659768	0.863849	1.984905	2.0	20.589442000000002	21.655485000000002	5.0	0.014431	1.832225	5.0	14.121954999999998	5.801948	3.0	91.495032	19.336795000000002	5.0	32.074304999999995	19.415492	1.0	20.143906	1.099207	6.0	0.021435	4.560586	4.0	2.671043	5.829833	6.0	19.811751	12.025725999999999	4.0	25.513131
1342.0	3.0	92.127668	48.748828	10.826377	10.316203	0.588857	0.905379	0.8979280000000001	0.6613720000000001	7.25006	6.0	5.784739	7.172499	2.0	0.011724	5.429531	6.0	56.488328	5.531614	2.0	70.065375	12.874583	2.0	66.461889	21.287879999999998	6.0	4.199898999999999	6.422711	1.0	0.010587000000000001	3.8537779999999997	3.0	50.889317	1.011487	1.0	75.190641	16.322389	3.0	14.974623000000001
1344.0	3.0	41.801879	83.76028199999999	4.853711	17.548258999999998	0.296038	0.491018	0.553248	0.387209	15.797566	4.0	35.681433	3.373972	4.0	0.018062	1.2843	2.0	55.407624	6.135962	6.0	63.762854000000004	9.560808999999999	2.0	13.017275999999999	5.87921	2.0	93.24232099999999	7.1310210000000005	6.0	0.010665000000000001	4.0924309999999995	2.0	10.815627000000001	4.5366349999999995	1.0	29.031652	12.575847	1.0	22.53501
1351.0	3.0	64.702111	6.786	2.534437	35.681752	0.377232	0.5696939999999999	0.44721400000000006	0.811383	3.630417	3.0	45.688686	7.046417	4.0	0.01267	1.896879	5.0	95.425538	4.711437999999999	1.0	11.144255000000001	4.603685	3.0	37.205886	21.42861	3.0	43.591909	23.575042	6.0	0.012556999999999999	1.4139389999999998	3.0	11.985208	1.9450599999999998	4.0	45.363062	24.899475	2.0	70.91211899999999
1498.0	3.0	6.563375	32.149328999999994	94.607242	3.7791309999999996	0.163517	0.421996	0.753892	0.780591	9.294633000000001	6.0	40.617117	23.961651	4.0	0.010235	0.5212140000000001	6.0	50.23237	1.621356	1.0	70.364379	16.509649	2.0	38.979548	9.546467	3.0	75.79520500000001	1.182959	6.0	0.010823000000000001	5.549748	4.0	67.134372	2.309975	6.0	57.526837	23.645359	3.0	26.039284
1683.0	3.0	16.467848	9.422725	25.290989	3.681258	0.41326599999999997	0.160148	0.7286130000000001	0.546751	1.039648	4.0	25.082154	20.935985000000002	5.0	0.012717000000000001	6.0952	3.0	69.03717900000001	5.546258	5.0	27.256608	8.877930000000001	3.0	69.4069	8.145146	4.0	21.810189	16.040406	2.0	0.046011	2.712107	3.0	48.444807	0.891194	2.0	16.054947	23.685129	6.0	16.492044
1999.0	3.0	7.108666	95.91063100000001	3.107533	8.420058000000001	0.60115	0.57726	0.549795	0.643988	18.115973999999998	6.0	7.214021000000001	7.401524	1.0	0.100053	0.38755500000000004	6.0	65.394248	5.615732	3.0	51.435691999999996	4.645425	5.0	84.199513	5.115843	4.0	15.775141	4.960274	2.0	0.022475	5.55889	6.0	80.6262	1.454102	2.0	27.896769	5.832898	6.0	39.389373
2072.0	3.0	33.303909000000004	22.503821	4.118129	9.711025	0.6813239999999999	0.725514	0.64983	0.734811	21.417862	5.0	43.118974	24.015188000000002	3.0	0.023	0.48463	5.0	89.633266	1.307986	2.0	44.436246000000004	9.272507000000001	6.0	58.926156999999996	20.021773	4.0	97.710204	3.450108	4.0	0.014468	1.572219	3.0	88.694799	2.371049	1.0	81.110011	11.748949	4.0	24.547539999999998
2119.0	3.0	62.382771999999996	99.694953	2.076533	3.031392	0.424874	0.8256959999999999	0.455528	0.904682	15.524295	2.0	82.589199	22.392359	3.0	0.016513	0.986833	5.0	26.830945	2.598687	6.0	95.116476	2.090409	5.0	41.852445	13.300684	4.0	21.680916	5.423108999999999	3.0	0.050977999999999996	3.4844120000000003	1.0	19.823425	2.5355060000000003	6.0	51.727461	22.477895	5.0	71.743714
2201.0	3.0	44.961847	23.761434	43.816036	1.548974	0.173454	0.238535	0.18457300000000001	0.795783	5.048916999999999	1.0	52.320725	24.400282999999998	2.0	0.067998	1.1283809999999999	5.0	27.523628000000002	3.749114	2.0	31.733045	20.792915	3.0	82.69948000000001	4.627052	5.0	90.669589	21.665794	1.0	0.018558	3.310757	4.0	94.403025	1.660074	3.0	34.881633	23.912166	4.0	81.855447
2252.0	3.0	55.03420500000001	72.447661	94.547756	3.6704410000000003	0.604525	0.850684	0.42918100000000003	0.684968	3.78991	1.0	69.628749	18.908602	1.0	0.030201	5.0871830000000005	2.0	16.692911	5.965974	5.0	19.494167	23.326539	5.0	83.55094100000001	21.217095999999998	4.0	46.655459	6.107398	5.0	0.010424	2.786938	4.0	85.406421	4.644714	2.0	69.059912	19.966959	4.0	9.501496000000001
2332.0	3.0	79.71337199999999	53.089987	4.395434	93.919798	0.42188100000000006	0.400312	0.584854	0.216521	18.318629	5.0	37.031259999999996	4.639458	4.0	0.015911	4.276529	2.0	84.927726	6.2077800000000005	4.0	68.213074	4.22156	5.0	56.002455000000005	24.016059	6.0	91.03827199999999	7.407942	4.0	0.010402	5.494333	2.0	99.042846	1.772748	4.0	34.267176	3.811119	5.0	29.311069
2379.0	3.0	44.683278	96.137555	6.500894000000001	88.33581099999999	0.634223	0.576854	0.973834	0.9619969999999999	6.29122	6.0	8.065013	9.718415	5.0	0.013768	3.232055	3.0	45.102418	5.558294999999999	1.0	83.155452	21.518056	6.0	78.388562	17.886247	2.0	80.633114	10.421928	1.0	0.017159999999999998	4.428268	5.0	21.723921	0.36092199999999997	4.0	98.72734200000001	12.586186	6.0	57.82899499999999
2578.0	3.0	26.050921	58.10225500000001	6.212763	56.68874399999999	0.406277	0.11449200000000001	0.774792	0.5236890000000001	17.293570000000003	2.0	59.122889	13.655444000000001	4.0	0.01492	1.528486	1.0	98.490382	1.225975	2.0	75.741316	8.174097	5.0	16.981695000000002	24.466017	5.0	5.751859	2.976016	1.0	0.011888	5.358517	2.0	28.320333	0.126452	5.0	92.933684	22.865844	1.0	38.808634000000005
2620.0	3.0	48.865756	16.825387	5.255546	26.743221000000002	0.438746	0.277846	0.729012	0.169972	16.635642	2.0	87.977754	0.774047	1.0	0.026625	3.844617	4.0	44.935646000000006	4.0264120000000005	1.0	51.130596999999995	21.758248000000002	2.0	23.888172	20.324392	1.0	37.645896	5.3260510000000005	3.0	0.016144	5.435589	2.0	25.371677	2.900806	4.0	6.84969	12.134897	6.0	80.013953
2621.0	3.0	46.475393	49.101138	2.748354	44.778809	0.7303930000000001	0.20483200000000001	0.630001	0.14836400000000002	6.754223	1.0	56.007201	10.690076	3.0	0.012986000000000001	3.293624	4.0	31.179715	5.67707	6.0	48.414259	21.469922	4.0	98.827584	1.288924	2.0	79.757823	18.637731	2.0	0.013489	3.497776	6.0	58.563941	0.395679	5.0	42.992451	19.212270999999998	3.0	3.5693339999999996
2740.0	3.0	55.68483199999999	35.752001	1.284046	72.055424	0.9762360000000001	0.330463	0.537402	0.7665489999999999	2.56839	2.0	90.644763	23.596708	4.0	0.018338999999999998	2.099149	2.0	78.652397	4.637758	3.0	49.965841	23.527449	3.0	78.406423	7.349753999999999	5.0	38.255790999999995	18.175224	5.0	0.019896	4.832741	1.0	40.279464000000004	2.417622	1.0	66.36801	13.919207	4.0	24.444753
2742.0	3.0	93.128208	31.764865000000004	6.752608	23.039156	0.2739	0.996834	0.714828	0.580635	9.792635	5.0	95.674233	20.734617	6.0	0.041485	0.673351	6.0	73.33518199999999	2.924649	5.0	42.449453999999996	10.020055000000001	3.0	88.924846	3.3708139999999998	1.0	5.541881	21.531902	6.0	0.013543000000000001	2.3475650000000003	3.0	37.097809999999996	2.5549209999999998	3.0	96.518609	18.017315	4.0	75.135824
2863.0	3.0	62.878351	3.173553	9.476435	12.018948	0.6232340000000001	0.10518800000000002	0.712214	0.88008	11.468377	4.0	83.421672	24.246819	2.0	0.013075999999999999	0.577793	6.0	43.982116	2.197447	5.0	38.140556	11.336928	5.0	37.761089	25.598499	5.0	22.51687	3.1381490000000003	1.0	0.021356	2.802913	6.0	79.111418	0.809109	5.0	74.837808	24.026272	3.0	28.863754999999998
3127.0	3.0	57.461429	50.062225	7.735869	57.332023	0.16958399999999998	0.28379	0.768889	0.477905	3.964838	5.0	51.152443	9.530362	3.0	0.50438	3.570324	5.0	27.74529	1.501566	6.0	41.809929	22.090489	4.0	83.401496	7.550058	1.0	9.517435	4.197953	6.0	0.086516	5.563039	4.0	70.718135	4.834176	4.0	90.268426	12.986355999999999	6.0	4.474619000000001
3134.0	3.0	80.351567	97.103764	21.003743	5.963223	0.673714	0.221971	0.82042	0.9967389999999999	11.750464	3.0	42.183984	15.800941	1.0	0.097068	1.6828599999999998	3.0	37.365617	3.3540129999999997	1.0	19.424182000000002	22.835635	4.0	93.284177	21.088212	4.0	90.634929	0.717028	2.0	0.044131000000000004	5.300656	3.0	74.297668	2.5201740000000004	2.0	11.185412	18.492767999999998	3.0	90.998126
3196.0	3.0	25.021454000000002	62.337084	42.205309	8.255975999999999	0.222232	0.883108	0.779982	0.506191	17.335925	4.0	52.212571000000004	6.903024	1.0	0.015928	4.393356	6.0	9.513159	0.8863850000000001	3.0	48.519003999999995	17.508676	4.0	3.836331	6.115519	6.0	38.174863	5.95961	3.0	0.014972	0.717762	3.0	66.756227	0.8705120000000001	4.0	88.466544	23.621968	2.0	42.199326
3783.0	3.0	85.223773	21.239198000000002	7.981375	90.77743199999999	0.723292	0.584624	0.870848	0.9861770000000001	21.146829	2.0	35.263228999999995	6.143081	4.0	0.020084	1.8342610000000001	4.0	20.77241	5.650143	2.0	59.465247	20.564197	4.0	26.641823	20.956147	2.0	49.161873	13.677225	1.0	0.034546	5.264974	5.0	57.14331800000001	2.383234	3.0	35.298551	25.45747	1.0	85.65308399999999
4047.0	3.0	80.648725	74.429711	59.271237	5.2191849999999995	0.677938	0.815241	0.8313	0.8589450000000001	10.410664	5.0	76.15493599999999	18.709357	3.0	0.011262000000000001	0.435853	4.0	94.016598	2.4520880000000003	5.0	15.007484	14.052859	1.0	81.271722	3.6629980000000004	6.0	14.455432	15.357569	6.0	0.049888	5.398797	3.0	46.067495	0.501846	1.0	77.962335	7.878086	4.0	77.743719
4420.0	3.0	24.014729	27.190392	44.760325	16.626243	0.659188	0.390138	0.967361	0.838	11.556104	6.0	3.223716	24.494142	6.0	0.014209999999999999	3.2183900000000003	4.0	41.683302000000005	3.322196	2.0	24.613025	17.07149	3.0	67.634777	16.195491	4.0	33.026602000000004	5.470562	5.0	0.015774	0.660728	1.0	96.417575	2.327788	3.0	98.91193	22.351979	2.0	96.31939799999999
4761.0	3.0	31.667314	20.45758	50.132318	1.013811	0.20704499999999998	0.217979	0.639644	0.269825	15.697764999999999	2.0	16.264595	22.054584	5.0	0.010894	0.876079	6.0	49.015122999999996	3.683586	2.0	59.473366000000006	7.881403999999999	5.0	61.71549	13.931198	2.0	77.378738	13.337323000000001	5.0	0.010709999999999999	3.295955	6.0	84.172151	2.216733	2.0	34.055334	2.489104	3.0	82.506312
5080.0	3.0	22.333585999999997	48.851002	5.141696	95.312187	0.961341	0.8483700000000001	0.773794	0.525409	4.110671	2.0	25.85339	22.754454	3.0	0.048548	3.026904	2.0	89.078034	3.809073	2.0	23.762548000000002	17.312935	6.0	71.209863	1.716952	6.0	61.528439	19.822377	1.0	0.012299	5.477809	6.0	30.613345000000002	0.1374	5.0	64.513363	16.563535	2.0	35.532781
5111.0	3.0	23.140309	36.460784000000004	2.1069310000000003	41.508765999999994	0.196325	0.579292	0.46518400000000004	0.422756	8.648685	5.0	30.004148999999998	0.7533920000000001	2.0	0.011207	6.08303	4.0	81.091139	5.0663540000000005	6.0	17.324827	2.965784	1.0	7.804225	18.040118	3.0	93.861364	5.998344	2.0	0.014231	4.62058	3.0	5.597894	0.419099	2.0	49.039861	14.110835999999999	5.0	49.331633000000004
5162.0	3.0	64.120502	95.19455	12.987092	6.827160000000001	0.9219139999999999	0.9859	0.357643	0.789227	12.618372	5.0	69.352864	23.723159	5.0	0.015088999999999998	0.139965	5.0	65.415578	2.3905849999999997	2.0	28.792465999999997	11.843852	3.0	84.528118	14.995705	3.0	70.28527199999999	17.132945	2.0	0.025499	4.55957	6.0	54.006041	5.667189	1.0	62.382245	6.215137	1.0	80.537501
5165.0	3.0	80.688459	55.234885	11.686015	36.035614	0.141421	0.959276	0.63483	0.727648	17.557335000000002	3.0	56.426376	2.644114	6.0	0.022493	2.570574	6.0	91.89243	5.197627	1.0	78.74753100000001	20.885005	3.0	14.661626	18.602169	4.0	70.558437	13.080836	1.0	0.053833000000000006	5.52855	6.0	66.755913	4.498948	5.0	76.173172	25.430528	2.0	44.341705
5250.0	3.0	27.535543	54.837433	1.412811	17.352667999999998	0.9095219999999999	0.564004	0.591837	0.44054399999999994	10.477886999999999	2.0	3.5035540000000003	19.941149	5.0	0.031948000000000004	1.515391	4.0	88.212884	4.411833000000001	6.0	82.456923	17.465723999999998	5.0	79.260207	14.183953	5.0	77.12679399999999	18.292042000000002	5.0	0.016303	1.45337	2.0	50.612313	5.004658999999999	4.0	60.369554	18.085172	4.0	65.927199
5272.0	3.0	8.313944000000001	22.4176	14.588445000000002	4.939438	0.44604799999999994	0.167989	0.300016	0.842612	1.631926	6.0	91.355237	11.580516000000001	4.0	0.010163	2.0461970000000003	4.0	30.638237	1.8133569999999999	2.0	35.23129	20.322085	4.0	49.203428	23.689211	5.0	19.331129999999998	16.571455	2.0	0.012308	4.872644	6.0	23.675472	4.724235	4.0	13.405357	8.389644	5.0	62.635247
5331.0	3.0	1.62467	52.080076	11.036541999999999	14.100578	0.376066	0.59592	0.98882	0.880697	0.5053479999999999	5.0	76.543773	21.385485	1.0	0.957677	4.359343	1.0	90.715393	1.864286	1.0	65.419112	5.580132	1.0	26.922684999999998	0.789697	5.0	66.09687199999999	4.291194	6.0	0.010185	1.717569	6.0	20.550045	0.310521	3.0	75.575456	1.635428	4.0	98.110182
5335.0	3.0	19.33568	99.445474	60.951276	8.846666	0.15425999999999998	0.689664	0.818802	0.748448	21.746427	5.0	28.088637	21.63431	3.0	0.022156	2.546575	4.0	33.174124	3.9130239999999996	5.0	12.929241000000001	12.252309	4.0	91.742533	17.961448	2.0	65.145973	7.274853	2.0	0.018063	0.276035	2.0	5.1050260000000005	3.665349	5.0	13.012636	19.694474	4.0	43.247956
5425.0	3.0	66.906533	13.213291	24.454475	13.351904999999999	0.385956	0.364313	0.23229499999999997	0.588956	16.250791	3.0	14.547348000000001	4.958245	6.0	0.038610000000000005	1.8523060000000002	4.0	37.978933000000005	1.6381350000000001	4.0	78.892326	8.033914	4.0	72.09428	24.20446	6.0	56.41264	6.0726	6.0	0.010823000000000001	2.259617	4.0	86.999505	2.466977	1.0	16.117542	22.216449	2.0	53.695857999999994
5546.0	3.0	16.370743	93.628632	3.927515	1.7079959999999998	0.275649	0.478526	0.889993	0.611256	20.05266	6.0	5.605951	2.4535310000000004	3.0	0.010733	0.678561	6.0	61.780584999999995	0.879519	5.0	52.481301	21.541026000000002	6.0	52.794222999999995	25.12024	3.0	34.241649	13.869792000000002	3.0	0.014703	1.6569779999999998	4.0	25.020877	3.6057930000000002	3.0	85.103505	17.211535	6.0	38.899512
5597.0	3.0	31.068552	69.387252	49.868257	12.815383	0.986669	0.7589090000000001	0.603591	0.405366	18.113229999999998	2.0	4.136769	6.13861	3.0	0.012406	2.791819	6.0	78.747785	4.329064	4.0	72.81636999999999	13.043556	6.0	33.482981	24.019895	2.0	85.12996899999999	11.870536999999999	2.0	0.015175999999999999	5.132604	5.0	63.888039	5.207142	5.0	59.752414	24.072876	2.0	61.209928000000005
5612.0	3.0	69.80920400000001	69.141304	45.040873	7.162367999999999	0.523578	0.941967	0.609731	0.957858	13.067125	4.0	75.224513	23.579804	1.0	0.019303999999999998	3.7248639999999997	6.0	51.330294	3.810607	4.0	39.325513	1.104861	5.0	76.357027	10.146809	3.0	51.206123999999996	19.901482	5.0	0.031717	2.435584	1.0	96.290617	1.521957	6.0	16.528503	25.248476999999998	6.0	62.923855
5661.0	3.0	61.511356000000006	41.630697	1.5863450000000001	86.082177	0.491986	0.8283510000000001	0.671988	0.201777	14.000854	1.0	18.157764	24.853064	1.0	0.011117	5.463401999999999	6.0	39.932359000000005	1.7977830000000001	5.0	88.948663	23.459001	4.0	50.934447999999996	3.591387	2.0	77.643752	18.145837	1.0	0.012773999999999999	5.343879	6.0	69.714251	1.4396639999999998	5.0	74.16991800000001	22.369822	3.0	31.837959
5712.0	3.0	55.36611800000001	72.38762	2.037051	33.353991	0.2323	0.459614	0.707034	0.997352	9.134687	2.0	85.670787	1.7280099999999998	2.0	0.015694	2.922294	5.0	60.689904000000006	3.16471	2.0	93.539117	14.176538	5.0	57.958566000000005	15.576048000000002	4.0	97.302707	6.7483	4.0	0.136283	1.4828	2.0	82.11975799999999	0.8654950000000001	5.0	33.447281	18.029319	2.0	67.908961
5949.0	3.0	86.24890500000001	98.070797	27.441619	13.561471	0.358273	0.8687739999999999	0.544279	0.695541	23.329239	1.0	72.742397	5.417466	1.0	0.027360000000000002	4.615984	3.0	32.685003	3.4181809999999997	5.0	41.330197	16.545673999999998	5.0	54.796721999999995	17.046838	5.0	90.31398399999999	14.511042000000002	6.0	0.01587	0.874642	2.0	4.903875	2.255775	1.0	57.60578	20.784505	4.0	33.220268
6065.0	3.0	80.970547	62.749452000000005	24.579003	4.850206	0.593449	0.474346	0.662714	0.44347700000000007	11.837307000000001	2.0	12.599605	6.863403	5.0	0.011804	5.107468	3.0	13.610123999999999	1.0896780000000001	6.0	8.876969	15.636795000000001	5.0	72.916179	23.514836	4.0	51.751284999999996	22.1968	4.0	0.010763	2.575513	3.0	64.580269	4.2828029999999995	4.0	42.640245	13.121597	6.0	51.817759
6152.0	3.0	67.81195	29.972170000000002	1.032297	25.931035	0.4936	0.21034299999999997	0.46115900000000004	0.9280579999999999	17.189738000000002	1.0	49.773659	3.025556	1.0	0.064449	4.712452	4.0	50.012516	5.115739	5.0	74.11349	20.936541000000002	4.0	43.061162	4.9252910000000005	1.0	21.283095	2.1637470000000003	1.0	0.018430000000000002	1.88552	3.0	48.223290999999996	0.730657	2.0	88.846722	23.841628	1.0	4.566363
6610.0	3.0	37.212092999999996	33.805176	78.035392	2.436821	0.651275	0.404165	0.8784049999999999	0.9954639999999999	18.443689000000003	6.0	77.15601	13.853359	2.0	0.060328	1.179719	4.0	11.432993	0.8469450000000001	3.0	39.431858	0.628434	5.0	21.995717000000003	2.275851	4.0	27.057377000000002	8.768425	5.0	0.15246600000000002	5.688837	1.0	69.674225	5.329091	6.0	76.50538900000001	4.920411	2.0	13.943016
6735.0	3.0	38.018509	17.265482000000002	1.29234	82.392257	0.384326	0.314319	0.575344	0.9348920000000001	4.066318	1.0	93.887687	10.271302	5.0	0.028187	5.303764	3.0	49.340678000000004	3.300844	3.0	64.81723199999999	20.042689000000003	3.0	38.015467	3.717917	3.0	41.208812	21.145554999999998	2.0	0.040305	4.1852540000000005	3.0	3.166697	3.3841330000000003	4.0	71.101417	8.760123	2.0	23.144099
6906.0	3.0	55.580215	64.37492900000001	1.0692469999999998	21.384407999999997	0.719942	0.869373	0.271342	0.47751499999999997	2.67598	4.0	58.015691000000004	19.267778	4.0	0.015694	0.522738	2.0	76.848277	0.628868	1.0	73.72361	18.686685	3.0	88.01361899999999	21.02594	4.0	20.026456	23.546464	1.0	0.026392000000000002	3.753015	3.0	23.058826	5.751149	3.0	38.835066999999995	20.942428	5.0	54.631285999999996
6935.0	3.0	47.629388	6.482012	19.008670000000002	5.717207	0.670503	0.193645	0.7977609999999999	0.998072	23.726052	5.0	4.1654	23.637501999999998	1.0	0.011915	2.364052	4.0	76.603277	1.9248630000000002	5.0	90.918195	15.866888000000001	3.0	88.708606	24.349603	2.0	31.445968	19.357975	3.0	0.018938	0.736137	2.0	78.68778499999999	2.070331	1.0	58.955762	16.760882000000002	3.0	94.328528
7074.0	3.0	71.598924	84.280603	21.565328	5.594691	0.468366	0.6173069999999999	0.908068	0.775115	3.7001690000000003	4.0	63.457263	20.355479000000003	6.0	0.017886000000000003	1.626751	2.0	74.13603	2.2863439999999997	3.0	19.924644	10.774948	5.0	46.108444	16.045719000000002	3.0	16.916159	8.016293	5.0	0.022430000000000002	1.314275	5.0	83.15479	1.0466540000000002	6.0	83.992646	19.166714000000002	1.0	92.773129
7376.0	3.0	87.112059	5.851051999999999	13.165360999999999	2.453077	0.71924	0.270853	0.22537600000000002	0.802142	11.864811	1.0	39.216932	18.196105	1.0	0.015255000000000001	1.159915	4.0	55.170667	6.154179	2.0	46.588808	6.815038	4.0	62.73664599999999	2.5309060000000003	5.0	74.28292900000001	21.07845	4.0	0.031736	2.8550009999999997	3.0	91.97985899999999	5.265924	2.0	95.355734	23.093548000000002	1.0	40.204855
7409.0	3.0	70.45795	62.157711	95.885355	1.183068	0.6446149999999999	0.618154	0.8795790000000001	0.6210319999999999	11.932716000000001	2.0	36.531622	18.199014000000002	1.0	0.026126999999999997	1.53918	6.0	82.395365	3.475688	6.0	6.6110690000000005	5.584635	5.0	97.661449	8.881723	5.0	61.315381	13.224368	5.0	0.09794	3.95663	4.0	18.929696	5.862831	6.0	54.849925	12.296046	3.0	11.070513
7432.0	3.0	74.37371800000001	54.330133	15.06034	25.634315	0.897409	0.88444	0.558218	0.89056	19.956220000000002	5.0	20.126517	0.630889	4.0	0.22871999999999998	1.723364	6.0	81.111098	2.454609	6.0	97.72330600000001	15.682067000000002	3.0	24.307788000000002	15.602620000000002	6.0	18.495594	4.387569999999999	5.0	0.05127	4.257847	6.0	63.949431999999995	3.9868370000000004	6.0	78.005351	22.323419	1.0	11.250971
7454.0	3.0	62.915537	34.221236	12.466672	7.260565	0.843075	0.223019	0.936026	0.48736599999999997	9.147322	3.0	34.7322	20.374301000000003	6.0	0.010131	1.1617110000000002	6.0	35.06852	5.080687999999999	6.0	30.035574	20.782985999999998	1.0	82.900441	19.253651	1.0	75.483104	6.992975	4.0	0.021419999999999998	4.103125	2.0	17.801665	0.5361859999999999	6.0	91.223493	7.543678	2.0	43.426425
7500.0	3.0	9.859121	18.449542	2.944355	64.17003100000001	0.29852	0.56152	0.9955930000000001	0.8345959999999999	7.667955	1.0	45.5422	5.954842	3.0	0.04895	1.04997	6.0	97.979522	0.621211	4.0	81.757091	13.655672000000001	3.0	38.245078	6.153725	6.0	91.92673	1.6903689999999998	1.0	0.153859	4.433758	5.0	6.845772	1.622477	3.0	71.860382	12.933923	5.0	63.332815000000004
7508.0	3.0	92.84083000000001	23.843495	44.756849	16.050325	0.757605	0.386734	0.43744399999999994	0.98608	22.874314000000002	6.0	77.969029	3.7249199999999996	4.0	0.016296	0.548659	6.0	80.308675	4.213569000000001	5.0	91.74206099999999	5.076436	5.0	98.02742099999999	21.672253	6.0	36.810462	12.818482000000001	3.0	0.019653	4.397494	4.0	23.281197	3.652672	5.0	38.164495	24.832016	6.0	36.356657
7531.0	3.0	10.595618	11.614271	91.02535999999999	3.3271050000000004	0.474605	0.196938	0.403043	0.776055	0.9973879999999999	6.0	8.662519	23.316582999999998	4.0	0.019001	1.2582790000000001	5.0	75.671521	2.0215490000000003	4.0	98.012491	16.045645999999998	5.0	19.881911	16.54993	4.0	31.956108	20.792531	6.0	0.033104	5.5315330000000005	4.0	23.452184	4.889499	2.0	29.058364	17.802639000000003	5.0	39.504775
7647.0	3.0	62.005511	82.556329	7.656274000000001	18.084963000000002	0.930183	0.8521540000000001	0.53887	0.5028130000000001	0.248995	3.0	66.448233	25.605342	2.0	0.010084000000000001	0.453779	4.0	48.411253	4.301806	1.0	80.29470699999999	23.291957999999997	6.0	71.764095	10.505133	6.0	71.507079	18.109172	4.0	0.033121	0.510193	6.0	93.10670400000001	1.517515	1.0	53.71906	22.814219	2.0	35.112902000000005
7688.0	3.0	82.95859399999999	59.108534999999996	19.805982999999998	2.174414	0.986576	0.965457	0.751077	0.33114	20.183007999999997	2.0	19.574385999999997	22.909961	3.0	0.02525	2.527311	6.0	22.942343	3.5326980000000003	1.0	25.637946	13.786612	6.0	25.551133	2.995346	6.0	50.639624	3.6005800000000003	4.0	0.019191	0.24375500000000003	3.0	19.227452	0.529967	5.0	82.212184	7.900163	2.0	14.323270999999998
7881.0	3.0	62.232487	81.805739	3.5436010000000002	39.094602	0.9001979999999999	0.816473	0.492655	0.9086719999999999	10.981517	6.0	6.759183999999999	8.393055	4.0	0.019197	4.283224	5.0	14.905548999999999	0.361427	5.0	69.16955300000001	5.757605	5.0	76.892093	5.987744999999999	4.0	7.186785	5.313251	6.0	0.051399	5.215912	1.0	85.87787900000001	5.252321	1.0	70.119331	7.442669	3.0	72.84261500000001
7990.0	3.0	75.22057	14.299767000000001	42.841228	10.297013	0.562938	0.773958	0.22821100000000002	0.999533	20.379685000000002	4.0	16.19383	20.549364	4.0	0.029719	3.921239	3.0	37.120534	6.253755	6.0	75.97689	9.363097999999999	6.0	9.293781	15.769756	3.0	82.421513	13.966928	2.0	0.022064	2.231236	1.0	79.548936	5.260175	5.0	25.251832999999998	7.790541999999999	2.0	22.145757999999997
8052.0	3.0	15.822953	74.876553	29.068894	7.902294	0.112475	0.996075	0.581087	0.706865	4.312206	2.0	9.097662	8.966453	4.0	0.010490000000000001	5.499356	5.0	84.971593	4.393285	2.0	54.144296999999995	0.892699	3.0	26.582937	6.908461999999999	6.0	68.882828	19.604526	1.0	0.011228	5.478193	4.0	55.666035	4.072566999999999	2.0	66.345979	16.59891	5.0	60.587904
8355.0	3.0	81.800442	48.431123	2.055007	74.40565699999999	0.833307	0.394619	0.61961	0.268557	16.007956	6.0	57.212773	3.399047	5.0	0.010715	0.346366	3.0	92.30233199999999	5.626926	5.0	93.321761	1.530785	6.0	75.830292	4.387608999999999	6.0	98.429546	17.951052	5.0	0.017464	4.021138	2.0	45.908346	4.531546	5.0	87.870828	1.902025	3.0	5.908643
8362.0	3.0	42.672823	82.316848	2.78515	97.447857	0.28249	0.229458	0.670583	0.129636	12.788095	2.0	83.446721	23.593617000000002	1.0	0.029708999999999996	3.141177	5.0	79.153784	3.212717	5.0	83.25678	14.151056	2.0	81.061982	4.889323	4.0	6.332918	14.618503	1.0	0.012912	2.9758	5.0	83.104076	3.01512	1.0	75.292907	11.17585	1.0	72.266521
8370.0	3.0	97.098325	20.966093	16.837516	7.116322	0.678347	0.338962	0.902418	0.755575	16.829228	5.0	19.050301	1.417607	3.0	0.025720999999999997	3.625828	5.0	75.470711	0.44609399999999994	4.0	11.508322999999999	21.603939	5.0	57.276951000000004	22.468394	1.0	90.803597	9.1243	2.0	0.167768	4.129526	2.0	67.09294200000001	1.8879970000000001	3.0	13.386476000000002	1.908146	2.0	52.95776
8515.0	3.0	19.094835999999997	29.024171999999997	80.240087	2.515349	0.726654	0.5813050000000001	0.594813	0.3982	20.57074	1.0	30.738108	17.655237	1.0	0.01277	1.177824	6.0	26.417371999999997	1.389048	5.0	69.028191	9.967551	6.0	21.230334	4.123424	4.0	86.087642	16.49259	3.0	0.021519	2.154143	2.0	81.832724	3.850254	6.0	83.24864000000001	20.450423999999998	4.0	43.625671000000004
8699.0	3.0	75.769665	58.244795999999994	21.46698	3.555821	0.24525	0.9534969999999999	0.339907	0.547465	16.673464000000003	3.0	8.743521000000001	21.29084	3.0	0.011608	5.807771	5.0	90.481123	2.735207	5.0	53.18938299999999	8.651195	3.0	95.874936	12.886271	3.0	12.428125999999999	10.709363	6.0	0.011016	3.583278	6.0	17.608296	4.675258	4.0	55.555671	21.962972	1.0	16.434475
8954.0	3.0	79.120008	16.801503	40.869096	2.0123	0.260626	0.690397	0.9689719999999999	0.9900540000000001	19.421224	4.0	86.257039	11.517974	3.0	0.037142	1.036772	2.0	54.078846	1.35264	2.0	17.043723999999997	5.432239	3.0	35.449145	17.368069000000002	6.0	77.41321500000001	0.697231	3.0	0.852351	3.93152	5.0	63.831320999999996	1.195296	2.0	43.183885	16.984661	3.0	49.362002000000004
9157.0	3.0	32.535121999999994	58.160858999999995	16.494557999999998	5.7576529999999995	0.165166	0.43172	0.476025	0.41875500000000004	17.575288	6.0	36.02259	9.719894	1.0	0.038452999999999994	1.7149419999999997	3.0	70.962017	0.8603049999999999	3.0	48.166833000000004	18.958779	6.0	56.699096	25.198549	2.0	88.004573	6.373819999999999	1.0	0.013055	1.5402040000000001	6.0	45.768193	5.497381	4.0	37.888822999999995	5.36179	5.0	33.327933
9519.0	3.0	64.539408	66.969356	95.074248	2.9262099999999998	0.989815	0.366679	0.31806599999999996	0.577099	6.482031	5.0	69.532752	6.6118820000000005	1.0	0.010818000000000001	1.128361	1.0	1.149407	1.092479	3.0	74.872323	19.7423	4.0	55.113986	23.185719	1.0	79.939954	21.022373	4.0	0.019278	3.6541449999999998	1.0	35.044762	1.441206	2.0	12.72056	19.595534	2.0	71.73598
9714.0	3.0	54.645222	62.837363	12.884751	1.19941	0.426745	0.639732	0.179079	0.54485	2.0133400000000004	6.0	6.596176	20.850476	1.0	0.011868	5.895358	3.0	23.983647	2.374016	3.0	80.629396	22.944848	5.0	43.144327000000004	14.410766	6.0	76.018563	23.061789	3.0	0.010026	4.084905	5.0	42.020204	2.455948	5.0	27.534751	12.800697999999999	3.0	1.0552780000000002
9821.0	3.0	95.50917199999999	96.96650799999999	63.428948	10.604811	0.346022	0.822293	0.41952	0.636644	20.77455	6.0	6.289651999999999	10.484577999999999	1.0	0.11841600000000001	4.8395980000000005	3.0	66.472311	4.10152	6.0	2.931016	10.447409	6.0	60.612779	23.487137	2.0	99.103763	0.6400239999999999	6.0	0.030135000000000002	5.846015	2.0	63.633947	4.258457	5.0	1.561987	9.621912	3.0	20.832447
9859.0	3.0	56.62810699999999	24.981887	9.001213	4.334079	0.693292	0.221944	0.9159120000000001	0.72412	5.154822	2.0	90.03460799999999	19.596885999999998	3.0	0.018524000000000002	5.008204	4.0	65.84452900000001	1.779939	4.0	52.734213000000004	18.564626999999998	5.0	39.622775	18.842409	3.0	68.418532	14.609724	4.0	0.04049	2.0456540000000003	3.0	79.26079	2.63062	1.0	48.455201	12.303599	2.0	19.446486
9939.0	3.0	57.804997	38.389979	2.191105	25.32995	0.5304989999999999	0.731164	0.26095999999999997	0.173769	14.758761999999999	4.0	53.598742	20.986353	4.0	0.011781	0.19404200000000002	4.0	70.203273	0.42097299999999993	4.0	9.761056	19.572143	5.0	66.238157	1.53233	2.0	56.261424	4.333679	5.0	0.048111	5.829212	2.0	41.815263	4.876672	2.0	33.194274	13.838064000000001	1.0	86.065836
27.0	3.0	96.353702	70.787224	91.44946800000001	3.8622019999999995	0.810604	0.7219140000000001	0.714328	0.45260600000000006	10.511691	3.0	5.563048	10.630301	3.0	0.016564	6.230631	4.0	39.569272	1.48983	1.0	63.650028000000006	10.422944000000001	5.0	68.86397	23.577184	2.0	98.369958	1.6203040000000002	4.0	0.010039	3.906415	6.0	78.292097	5.418493	1.0	13.250664000000002	18.910510000000002	6.0	80.659402
581.0	3.0	78.556686	52.025569	39.213883	1.054726	0.23690799999999998	0.517364	0.36093000000000003	0.735309	6.958925	2.0	83.854923	6.638174	4.0	0.109777	1.977723	4.0	93.28488399999999	5.148042	5.0	52.393461	9.643476	6.0	54.886407	12.648931	4.0	59.392415	17.723193	5.0	0.018198	5.189984	4.0	56.76849300000001	1.578264	2.0	73.213183	6.284918	2.0	44.62057
626.0	3.0	93.661332	6.199718	3.5733	49.892652000000005	0.156039	0.7374029999999999	0.980907	0.890703	1.094985	5.0	69.997052	12.827656	2.0	0.01771	1.9761360000000001	4.0	82.663162	4.070798	4.0	36.538244	4.769539	6.0	92.01207099999999	6.334672	6.0	32.94615	19.888456	3.0	0.020051	0.407908	6.0	74.838435	4.948477	6.0	89.151926	10.704001	4.0	85.335756
701.0	3.0	90.286085	4.1687970000000005	39.32631	1.262694	0.863411	0.24575999999999998	0.18176900000000001	0.556869	21.631549	6.0	6.529283	2.915538	2.0	0.014008000000000001	5.319257	5.0	82.17805200000001	2.193395	4.0	80.025537	2.780961	5.0	86.460258	14.041773000000001	2.0	89.658243	22.842522	5.0	0.018088999999999997	3.296139	3.0	63.473337	5.472123000000001	6.0	66.90948399999999	24.598654999999997	1.0	83.854289
832.0	3.0	40.326507	26.963383	8.519509	16.622767	0.8710959999999999	0.541622	0.715108	0.478933	0.930091	5.0	35.302728	12.783114	6.0	0.017324000000000003	3.335418	6.0	42.236028999999995	3.8455489999999997	4.0	8.484345	21.14548	4.0	14.383617000000001	10.33658	3.0	79.598773	17.531172	4.0	0.010322	2.238731	2.0	61.52608000000001	3.027617	2.0	53.724741	16.83727	5.0	92.456616
843.0	3.0	43.07754	27.820169	7.093209	26.018094	0.48621000000000003	0.747633	0.19412100000000002	0.776328	21.14954	3.0	8.123689	18.070478	2.0	0.11928599999999999	2.7925310000000003	5.0	40.108732	3.0180290000000003	4.0	54.575781000000006	12.279805999999999	6.0	76.71029300000001	3.69268	1.0	97.928263	13.015645	3.0	0.015578	4.6583	5.0	41.306321000000004	4.354597	6.0	94.293816	24.460023	4.0	45.206317999999996
956.0	3.0	91.738629	45.483326	1.928509	46.972078	0.345504	0.557558	0.746188	0.405968	3.151538	4.0	78.53685300000001	14.381386	2.0	0.010793	0.29096700000000003	4.0	77.070931	1.986132	5.0	22.651229	19.777657	3.0	26.548875	6.2525010000000005	4.0	85.16071099999999	10.596588	1.0	0.013065	3.5689699999999998	6.0	52.957767000000004	3.277386	2.0	13.505633999999999	4.7748349999999995	1.0	39.492507
1095.0	3.0	74.640349	43.069088	35.598901	19.649352	0.22567399999999999	0.9455389999999999	0.574545	0.894626	16.006752	3.0	54.081022	9.064731	1.0	0.020319	1.5783719999999999	6.0	85.395708	4.963375	4.0	49.952261	10.057032000000001	3.0	58.540634999999995	12.981192	3.0	12.900594	12.320336	4.0	0.013021000000000001	4.66035	3.0	76.91443100000001	5.008516	3.0	26.101699	22.544183	4.0	43.357075
1190.0	3.0	59.49111800000001	32.988933	3.197884	44.010104	0.693562	0.37348000000000003	0.365126	0.670188	6.50084	5.0	24.937402	11.727282	1.0	0.011907	0.679584	5.0	25.617596	3.1904220000000003	5.0	80.662369	21.618929	6.0	88.528129	21.21958	1.0	91.97965400000001	4.88851	6.0	0.014952000000000002	4.520674	6.0	72.445753	4.317914	2.0	22.664907	20.257787	3.0	17.134057000000002
1240.0	3.0	58.416848	51.611989	93.80720600000001	5.446886	0.406096	0.731089	0.415742	0.44569	23.652003	5.0	27.684793	1.7579360000000002	4.0	0.026279000000000004	1.9467189999999999	2.0	94.500727	4.382745	6.0	66.469226	21.281519	4.0	83.61828100000001	6.121343	3.0	57.666216000000006	17.2716	1.0	0.017187	5.2326809999999995	3.0	57.04588199999999	5.588991	3.0	84.81423000000001	18.699994	4.0	95.910945
1246.0	3.0	46.892794	57.298919999999995	34.160136	15.162312	0.6874600000000001	0.8779440000000001	0.659768	0.863849	1.984905	2.0	20.589442000000002	21.655485000000002	5.0	0.014431	1.832225	5.0	14.121954999999998	5.801948	3.0	91.495032	19.336795000000002	5.0	32.074304999999995	19.415492	1.0	20.143906	1.099207	6.0	0.021435	4.560586	4.0	2.671043	5.829833	6.0	19.811751	12.025725999999999	4.0	25.513131
1342.0	3.0	92.127668	48.748828	10.826377	10.316203	0.588857	0.905379	0.8979280000000001	0.6613720000000001	7.25006	6.0	5.784739	7.172499	2.0	0.011724	5.429531	6.0	56.488328	5.531614	2.0	70.065375	12.874583	2.0	66.461889	21.287879999999998	6.0	4.199898999999999	6.422711	1.0	0.010587000000000001	3.8537779999999997	3.0	50.889317	1.011487	1.0	75.190641	16.322389	3.0	14.974623000000001
1344.0	3.0	41.801879	83.76028199999999	4.853711	17.548258999999998	0.296038	0.491018	0.553248	0.387209	15.797566	4.0	35.681433	3.373972	4.0	0.018062	1.2843	2.0	55.407624	6.135962	6.0	63.762854000000004	9.560808999999999	2.0	13.017275999999999	5.87921	2.0	93.24232099999999	7.1310210000000005	6.0	0.010665000000000001	4.0924309999999995	2.0	10.815627000000001	4.5366349999999995	1.0	29.031652	12.575847	1.0	22.53501
1351.0	3.0	64.702111	6.786	2.534437	35.681752	0.377232	0.5696939999999999	0.44721400000000006	0.811383	3.630417	3.0	45.688686	7.046417	4.0	0.01267	1.896879	5.0	95.425538	4.711437999999999	1.0	11.144255000000001	4.603685	3.0	37.205886	21.42861	3.0	43.591909	23.575042	6.0	0.012556999999999999	1.4139389999999998	3.0	11.985208	1.9450599999999998	4.0	45.363062	24.899475	2.0	70.91211899999999
1498.0	3.0	6.563375	32.149328999999994	94.607242	3.7791309999999996	0.163517	0.421996	0.753892	0.780591	9.294633000000001	6.0	40.617117	23.961651	4.0	0.010235	0.5212140000000001	6.0	50.23237	1.621356	1.0	70.364379	16.509649	2.0	38.979548	9.546467	3.0	75.79520500000001	1.182959	6.0	0.010823000000000001	5.549748	4.0	67.134372	2.309975	6.0	57.526837	23.645359	3.0	26.039284
1683.0	3.0	16.467848	9.422725	25.290989	3.681258	0.41326599999999997	0.160148	0.7286130000000001	0.546751	1.039648	4.0	25.082154	20.935985000000002	5.0	0.012717000000000001	6.0952	3.0	69.03717900000001	5.546258	5.0	27.256608	8.877930000000001	3.0	69.4069	8.145146	4.0	21.810189	16.040406	2.0	0.046011	2.712107	3.0	48.444807	0.891194	2.0	16.054947	23.685129	6.0	16.492044
1999.0	3.0	7.108666	95.91063100000001	3.107533	8.420058000000001	0.60115	0.57726	0.549795	0.643988	18.115973999999998	6.0	7.214021000000001	7.401524	1.0	0.100053	0.38755500000000004	6.0	65.394248	5.615732	3.0	51.435691999999996	4.645425	5.0	84.199513	5.115843	4.0	15.775141	4.960274	2.0	0.022475	5.55889	6.0	80.6262	1.454102	2.0	27.896769	5.832898	6.0	39.389373
2072.0	3.0	33.303909000000004	22.503821	4.118129	9.711025	0.6813239999999999	0.725514	0.64983	0.734811	21.417862	5.0	43.118974	24.015188000000002	3.0	0.023	0.48463	5.0	89.633266	1.307986	2.0	44.436246000000004	9.272507000000001	6.0	58.926156999999996	20.021773	4.0	97.710204	3.450108	4.0	0.014468	1.572219	3.0	88.694799	2.371049	1.0	81.110011	11.748949	4.0	24.547539999999998
2119.0	3.0	62.382771999999996	99.694953	2.076533	3.031392	0.424874	0.8256959999999999	0.455528	0.904682	15.524295	2.0	82.589199	22.392359	3.0	0.016513	0.986833	5.0	26.830945	2.598687	6.0	95.116476	2.090409	5.0	41.852445	13.300684	4.0	21.680916	5.423108999999999	3.0	0.050977999999999996	3.4844120000000003	1.0	19.823425	2.5355060000000003	6.0	51.727461	22.477895	5.0	71.743714
2201.0	3.0	44.961847	23.761434	43.816036	1.548974	0.173454	0.238535	0.18457300000000001	0.795783	5.048916999999999	1.0	52.320725	24.400282999999998	2.0	0.067998	1.1283809999999999	5.0	27.523628000000002	3.749114	2.0	31.733045	20.792915	3.0	82.69948000000001	4.627052	5.0	90.669589	21.665794	1.0	0.018558	3.310757	4.0	94.403025	1.660074	3.0	34.881633	23.912166	4.0	81.855447
2252.0	3.0	55.03420500000001	72.447661	94.547756	3.6704410000000003	0.604525	0.850684	0.42918100000000003	0.684968	3.78991	1.0	69.628749	18.908602	1.0	0.030201	5.0871830000000005	2.0	16.692911	5.965974	5.0	19.494167	23.326539	5.0	83.55094100000001	21.217095999999998	4.0	46.655459	6.107398	5.0	0.010424	2.786938	4.0	85.406421	4.644714	2.0	69.059912	19.966959	4.0	9.501496000000001
2332.0	3.0	79.71337199999999	53.089987	4.395434	93.919798	0.42188100000000006	0.400312	0.584854	0.216521	18.318629	5.0	37.031259999999996	4.639458	4.0	0.015911	4.276529	2.0	84.927726	6.2077800000000005	4.0	68.213074	4.22156	5.0	56.002455000000005	24.016059	6.0	91.03827199999999	7.407942	4.0	0.010402	5.494333	2.0	99.042846	1.772748	4.0	34.267176	3.811119	5.0	29.311069
2379.0	3.0	44.683278	96.137555	6.500894000000001	88.33581099999999	0.634223	0.576854	0.973834	0.9619969999999999	6.29122	6.0	8.065013	9.718415	5.0	0.013768	3.232055	3.0	45.102418	5.558294999999999	1.0	83.155452	21.518056	6.0	78.388562	17.886247	2.0	80.633114	10.421928	1.0	0.017159999999999998	4.428268	5.0	21.723921	0.36092199999999997	4.0	98.72734200000001	12.586186	6.0	57.82899499999999
2578.0	3.0	26.050921	58.10225500000001	6.212763	56.68874399999999	0.406277	0.11449200000000001	0.774792	0.5236890000000001	17.293570000000003	2.0	59.122889	13.655444000000001	4.0	0.01492	1.528486	1.0	98.490382	1.225975	2.0	75.741316	8.174097	5.0	16.981695000000002	24.466017	5.0	5.751859	2.976016	1.0	0.011888	5.358517	2.0	28.320333	0.126452	5.0	92.933684	22.865844	1.0	38.808634000000005
2620.0	3.0	48.865756	16.825387	5.255546	26.743221000000002	0.438746	0.277846	0.729012	0.169972	16.635642	2.0	87.977754	0.774047	1.0	0.026625	3.844617	4.0	44.935646000000006	4.0264120000000005	1.0	51.130596999999995	21.758248000000002	2.0	23.888172	20.324392	1.0	37.645896	5.3260510000000005	3.0	0.016144	5.435589	2.0	25.371677	2.900806	4.0	6.84969	12.134897	6.0	80.013953
2621.0	3.0	46.475393	49.101138	2.748354	44.778809	0.7303930000000001	0.20483200000000001	0.630001	0.14836400000000002	6.754223	1.0	56.007201	10.690076	3.0	0.012986000000000001	3.293624	4.0	31.179715	5.67707	6.0	48.414259	21.469922	4.0	98.827584	1.288924	2.0	79.757823	18.637731	2.0	0.013489	3.497776	6.0	58.563941	0.395679	5.0	42.992451	19.212270999999998	3.0	3.5693339999999996
2740.0	3.0	55.68483199999999	35.752001	1.284046	72.055424	0.9762360000000001	0.330463	0.537402	0.7665489999999999	2.56839	2.0	90.644763	23.596708	4.0	0.018338999999999998	2.099149	2.0	78.652397	4.637758	3.0	49.965841	23.527449	3.0	78.406423	7.349753999999999	5.0	38.255790999999995	18.175224	5.0	0.019896	4.832741	1.0	40.279464000000004	2.417622	1.0	66.36801	13.919207	4.0	24.444753
2742.0	3.0	93.128208	31.764865000000004	6.752608	23.039156	0.2739	0.996834	0.714828	0.580635	9.792635	5.0	95.674233	20.734617	6.0	0.041485	0.673351	6.0	73.33518199999999	2.924649	5.0	42.449453999999996	10.020055000000001	3.0	88.924846	3.3708139999999998	1.0	5.541881	21.531902	6.0	0.013543000000000001	2.3475650000000003	3.0	37.097809999999996	2.5549209999999998	3.0	96.518609	18.017315	4.0	75.135824
2863.0	3.0	62.878351	3.173553	9.476435	12.018948	0.6232340000000001	0.10518800000000002	0.712214	0.88008	11.468377	4.0	83.421672	24.246819	2.0	0.013075999999999999	0.577793	6.0	43.982116	2.197447	5.0	38.140556	11.336928	5.0	37.761089	25.598499	5.0	22.51687	3.1381490000000003	1.0	0.021356	2.802913	6.0	79.111418	0.809109	5.0	74.837808	24.026272	3.0	28.863754999999998
3127.0	3.0	57.461429	50.062225	7.735869	57.332023	0.16958399999999998	0.28379	0.768889	0.477905	3.964838	5.0	51.152443	9.530362	3.0	0.50438	3.570324	5.0	27.74529	1.501566	6.0	41.809929	22.090489	4.0	83.401496	7.550058	1.0	9.517435	4.197953	6.0	0.086516	5.563039	4.0	70.718135	4.834176	4.0	90.268426	12.986355999999999	6.0	4.474619000000001
3134.0	3.0	80.351567	97.103764	21.003743	5.963223	0.673714	0.221971	0.82042	0.9967389999999999	11.750464	3.0	42.183984	15.800941	1.0	0.097068	1.6828599999999998	3.0	37.365617	3.3540129999999997	1.0	19.424182000000002	22.835635	4.0	93.284177	21.088212	4.0	90.634929	0.717028	2.0	0.044131000000000004	5.300656	3.0	74.297668	2.5201740000000004	2.0	11.185412	18.492767999999998	3.0	90.998126
3196.0	3.0	25.021454000000002	62.337084	42.205309	8.255975999999999	0.222232	0.883108	0.779982	0.506191	17.335925	4.0	52.212571000000004	6.903024	1.0	0.015928	4.393356	6.0	9.513159	0.8863850000000001	3.0	48.519003999999995	17.508676	4.0	3.836331	6.115519	6.0	38.174863	5.95961	3.0	0.014972	0.717762	3.0	66.756227	0.8705120000000001	4.0	88.466544	23.621968	2.0	42.199326
3783.0	3.0	85.223773	21.239198000000002	7.981375	90.77743199999999	0.723292	0.584624	0.870848	0.9861770000000001	21.146829	2.0	35.263228999999995	6.143081	4.0	0.020084	1.8342610000000001	4.0	20.77241	5.650143	2.0	59.465247	20.564197	4.0	26.641823	20.956147	2.0	49.161873	13.677225	1.0	0.034546	5.264974	5.0	57.14331800000001	2.383234	3.0	35.298551	25.45747	1.0	85.65308399999999
4047.0	3.0	80.648725	74.429711	59.271237	5.2191849999999995	0.677938	0.815241	0.8313	0.8589450000000001	10.410664	5.0	76.15493599999999	18.709357	3.0	0.011262000000000001	0.435853	4.0	94.016598	2.4520880000000003	5.0	15.007484	14.052859	1.0	81.271722	3.6629980000000004	6.0	14.455432	15.357569	6.0	0.049888	5.398797	3.0	46.067495	0.501846	1.0	77.962335	7.878086	4.0	77.743719
4420.0	3.0	24.014729	27.190392	44.760325	16.626243	0.659188	0.390138	0.967361	0.838	11.556104	6.0	3.223716	24.494142	6.0	0.014209999999999999	3.2183900000000003	4.0	41.683302000000005	3.322196	2.0	24.613025	17.07149	3.0	67.634777	16.195491	4.0	33.026602000000004	5.470562	5.0	0.015774	0.660728	1.0	96.417575	2.327788	3.0	98.91193	22.351979	2.0	96.31939799999999
4761.0	3.0	31.667314	20.45758	50.132318	1.013811	0.20704499999999998	0.217979	0.639644	0.269825	15.697764999999999	2.0	16.264595	22.054584	5.0	0.010894	0.876079	6.0	49.015122999999996	3.683586	2.0	59.473366000000006	7.881403999999999	5.0	61.71549	13.931198	2.0	77.378738	13.337323000000001	5.0	0.010709999999999999	3.295955	6.0	84.172151	2.216733	2.0	34.055334	2.489104	3.0	82.506312
5080.0	3.0	22.333585999999997	48.851002	5.141696	95.312187	0.961341	0.8483700000000001	0.773794	0.525409	4.110671	2.0	25.85339	22.754454	3.0	0.048548	3.026904	2.0	89.078034	3.809073	2.0	23.762548000000002	17.312935	6.0	71.209863	1.716952	6.0	61.528439	19.822377	1.0	0.012299	5.477809	6.0	30.613345000000002	0.1374	5.0	64.513363	16.563535	2.0	35.532781
5111.0	3.0	23.140309	36.460784000000004	2.1069310000000003	41.508765999999994	0.196325	0.579292	0.46518400000000004	0.422756	8.648685	5.0	30.004148999999998	0.7533920000000001	2.0	0.011207	6.08303	4.0	81.091139	5.0663540000000005	6.0	17.324827	2.965784	1.0	7.804225	18.040118	3.0	93.861364	5.998344	2.0	0.014231	4.62058	3.0	5.597894	0.419099	2.0	49.039861	14.110835999999999	5.0	49.331633000000004
5162.0	3.0	64.120502	95.19455	12.987092	6.827160000000001	0.9219139999999999	0.9859	0.357643	0.789227	12.618372	5.0	69.352864	23.723159	5.0	0.015088999999999998	0.139965	5.0	65.415578	2.3905849999999997	2.0	28.792465999999997	11.843852	3.0	84.528118	14.995705	3.0	70.28527199999999	17.132945	2.0	0.025499	4.55957	6.0	54.006041	5.667189	1.0	62.382245	6.215137	1.0	80.537501
5165.0	3.0	80.688459	55.234885	11.686015	36.035614	0.141421	0.959276	0.63483	0.727648	17.557335000000002	3.0	56.426376	2.644114	6.0	0.022493	2.570574	6.0	91.89243	5.197627	1.0	78.74753100000001	20.885005	3.0	14.661626	18.602169	4.0	70.558437	13.080836	1.0	0.053833000000000006	5.52855	6.0	66.755913	4.498948	5.0	76.173172	25.430528	2.0	44.341705
5250.0	3.0	27.535543	54.837433	1.412811	17.352667999999998	0.9095219999999999	0.564004	0.591837	0.44054399999999994	10.477886999999999	2.0	3.5035540000000003	19.941149	5.0	0.031948000000000004	1.515391	4.0	88.212884	4.411833000000001	6.0	82.456923	17.465723999999998	5.0	79.260207	14.183953	5.0	77.12679399999999	18.292042000000002	5.0	0.016303	1.45337	2.0	50.612313	5.004658999999999	4.0	60.369554	18.085172	4.0	65.927199
5272.0	3.0	8.313944000000001	22.4176	14.588445000000002	4.939438	0.44604799999999994	0.167989	0.300016	0.842612	1.631926	6.0	91.355237	11.580516000000001	4.0	0.010163	2.0461970000000003	4.0	30.638237	1.8133569999999999	2.0	35.23129	20.322085	4.0	49.203428	23.689211	5.0	19.331129999999998	16.571455	2.0	0.012308	4.872644	6.0	23.675472	4.724235	4.0	13.405357	8.389644	5.0	62.635247
5331.0	3.0	1.62467	52.080076	11.036541999999999	14.100578	0.376066	0.59592	0.98882	0.880697	0.5053479999999999	5.0	76.543773	21.385485	1.0	0.957677	4.359343	1.0	90.715393	1.864286	1.0	65.419112	5.580132	1.0	26.922684999999998	0.789697	5.0	66.09687199999999	4.291194	6.0	0.010185	1.717569	6.0	20.550045	0.310521	3.0	75.575456	1.635428	4.0	98.110182
5335.0	3.0	19.33568	99.445474	60.951276	8.846666	0.15425999999999998	0.689664	0.818802	0.748448	21.746427	5.0	28.088637	21.63431	3.0	0.022156	2.546575	4.0	33.174124	3.9130239999999996	5.0	12.929241000000001	12.252309	4.0	91.742533	17.961448	2.0	65.145973	7.274853	2.0	0.018063	0.276035	2.0	5.1050260000000005	3.665349	5.0	13.012636	19.694474	4.0	43.247956
5425.0	3.0	66.906533	13.213291	24.454475	13.351904999999999	0.385956	0.364313	0.23229499999999997	0.588956	16.250791	3.0	14.547348000000001	4.958245	6.0	0.038610000000000005	1.8523060000000002	4.0	37.978933000000005	1.6381350000000001	4.0	78.892326	8.033914	4.0	72.09428	24.20446	6.0	56.41264	6.0726	6.0	0.010823000000000001	2.259617	4.0	86.999505	2.466977	1.0	16.117542	22.216449	2.0	53.695857999999994
5546.0	3.0	16.370743	93.628632	3.927515	1.7079959999999998	0.275649	0.478526	0.889993	0.611256	20.05266	6.0	5.605951	2.4535310000000004	3.0	0.010733	0.678561	6.0	61.780584999999995	0.879519	5.0	52.481301	21.541026000000002	6.0	52.794222999999995	25.12024	3.0	34.241649	13.869792000000002	3.0	0.014703	1.6569779999999998	4.0	25.020877	3.6057930000000002	3.0	85.103505	17.211535	6.0	38.899512
5597.0	3.0	31.068552	69.387252	49.868257	12.815383	0.986669	0.7589090000000001	0.603591	0.405366	18.113229999999998	2.0	4.136769	6.13861	3.0	0.012406	2.791819	6.0	78.747785	4.329064	4.0	72.81636999999999	13.043556	6.0	33.482981	24.019895	2.0	85.12996899999999	11.870536999999999	2.0	0.015175999999999999	5.132604	5.0	63.888039	5.207142	5.0	59.752414	24.072876	2.0	61.209928000000005
5612.0	3.0	69.80920400000001	69.141304	45.040873	7.162367999999999	0.523578	0.941967	0.609731	0.957858	13.067125	4.0	75.224513	23.579804	1.0	0.019303999999999998	3.7248639999999997	6.0	51.330294	3.810607	4.0	39.325513	1.104861	5.0	76.357027	10.146809	3.0	51.206123999999996	19.901482	5.0	0.031717	2.435584	1.0	96.290617	1.521957	6.0	16.528503	25.248476999999998	6.0	62.923855
5661.0	3.0	61.511356000000006	41.630697	1.5863450000000001	86.082177	0.491986	0.8283510000000001	0.671988	0.201777	14.000854	1.0	18.157764	24.853064	1.0	0.011117	5.463401999999999	6.0	39.932359000000005	1.7977830000000001	5.0	88.948663	23.459001	4.0	50.934447999999996	3.591387	2.0	77.643752	18.145837	1.0	0.012773999999999999	5.343879	6.0	69.714251	1.4396639999999998	5.0	74.16991800000001	22.369822	3.0	31.837959
5712.0	3.0	55.36611800000001	72.38762	2.037051	33.353991	0.2323	0.459614	0.707034	0.997352	9.134687	2.0	85.670787	1.7280099999999998	2.0	0.015694	2.922294	5.0	60.689904000000006	3.16471	2.0	93.539117	14.176538	5.0	57.958566000000005	15.576048000000002	4.0	97.302707	6.7483	4.0	0.136283	1.4828	2.0	82.11975799999999	0.8654950000000001	5.0	33.447281	18.029319	2.0	67.908961
5949.0	3.0	86.24890500000001	98.070797	27.441619	13.561471	0.358273	0.8687739999999999	0.544279	0.695541	23.329239	1.0	72.742397	5.417466	1.0	0.027360000000000002	4.615984	3.0	32.685003	3.4181809999999997	5.0	41.330197	16.545673999999998	5.0	54.796721999999995	17.046838	5.0	90.31398399999999	14.511042000000002	6.0	0.01587	0.874642	2.0	4.903875	2.255775	1.0	57.60578	20.784505	4.0	33.220268
6065.0	3.0	80.970547	62.749452000000005	24.579003	4.850206	0.593449	0.474346	0.662714	0.44347700000000007	11.837307000000001	2.0	12.599605	6.863403	5.0	0.011804	5.107468	3.0	13.610123999999999	1.0896780000000001	6.0	8.876969	15.636795000000001	5.0	72.916179	23.514836	4.0	51.751284999999996	22.1968	4.0	0.010763	2.575513	3.0	64.580269	4.2828029999999995	4.0	42.640245	13.121597	6.0	51.817759
6152.0	3.0	67.81195	29.972170000000002	1.032297	25.931035	0.4936	0.21034299999999997	0.46115900000000004	0.9280579999999999	17.189738000000002	1.0	49.773659	3.025556	1.0	0.064449	4.712452	4.0	50.012516	5.115739	5.0	74.11349	20.936541000000002	4.0	43.061162	4.9252910000000005	1.0	21.283095	2.1637470000000003	1.0	0.018430000000000002	1.88552	3.0	48.223290999999996	0.730657	2.0	88.846722	23.841628	1.0	4.566363
6610.0	3.0	37.212092999999996	33.805176	78.035392	2.436821	0.651275	0.404165	0.8784049999999999	0.9954639999999999	18.443689000000003	6.0	77.15601	13.853359	2.0	0.060328	1.179719	4.0	11.432993	0.8469450000000001	3.0	39.431858	0.628434	5.0	21.995717000000003	2.275851	4.0	27.057377000000002	8.768425	5.0	0.15246600000000002	5.688837	1.0	69.674225	5.329091	6.0	76.50538900000001	4.920411	2.0	13.943016
6735.0	3.0	38.018509	17.265482000000002	1.29234	82.392257	0.384326	0.314319	0.575344	0.9348920000000001	4.066318	1.0	93.887687	10.271302	5.0	0.028187	5.303764	3.0	49.340678000000004	3.300844	3.0	64.81723199999999	20.042689000000003	3.0	38.015467	3.717917	3.0	41.208812	21.145554999999998	2.0	0.040305	4.1852540000000005	3.0	3.166697	3.3841330000000003	4.0	71.101417	8.760123	2.0	23.144099
6906.0	3.0	55.580215	64.37492900000001	1.0692469999999998	21.384407999999997	0.719942	0.869373	0.271342	0.47751499999999997	2.67598	4.0	58.015691000000004	19.267778	4.0	0.015694	0.522738	2.0	76.848277	0.628868	1.0	73.72361	18.686685	3.0	88.01361899999999	21.02594	4.0	20.026456	23.546464	1.0	0.026392000000000002	3.753015	3.0	23.058826	5.751149	3.0	38.835066999999995	20.942428	5.0	54.631285999999996
6935.0	3.0	47.629388	6.482012	19.008670000000002	5.717207	0.670503	0.193645	0.7977609999999999	0.998072	23.726052	5.0	4.1654	23.637501999999998	1.0	0.011915	2.364052	4.0	76.603277	1.9248630000000002	5.0	90.918195	15.866888000000001	3.0	88.708606	24.349603	2.0	31.445968	19.357975	3.0	0.018938	0.736137	2.0	78.68778499999999	2.070331	1.0	58.955762	16.760882000000002	3.0	94.328528
7074.0	3.0	71.598924	84.280603	21.565328	5.594691	0.468366	0.6173069999999999	0.908068	0.775115	3.7001690000000003	4.0	63.457263	20.355479000000003	6.0	0.017886000000000003	1.626751	2.0	74.13603	2.2863439999999997	3.0	19.924644	10.774948	5.0	46.108444	16.045719000000002	3.0	16.916159	8.016293	5.0	0.022430000000000002	1.314275	5.0	83.15479	1.0466540000000002	6.0	83.992646	19.166714000000002	1.0	92.773129
7376.0	3.0	87.112059	5.851051999999999	13.165360999999999	2.453077	0.71924	0.270853	0.22537600000000002	0.802142	11.864811	1.0	39.216932	18.196105	1.0	0.015255000000000001	1.159915	4.0	55.170667	6.154179	2.0	46.588808	6.815038	4.0	62.73664599999999	2.5309060000000003	5.0	74.28292900000001	21.07845	4.0	0.031736	2.8550009999999997	3.0	91.97985899999999	5.265924	2.0	95.355734	23.093548000000002	1.0	40.204855
7409.0	3.0	70.45795	62.157711	95.885355	1.183068	0.6446149999999999	0.618154	0.8795790000000001	0.6210319999999999	11.932716000000001	2.0	36.531622	18.199014000000002	1.0	0.026126999999999997	1.53918	6.0	82.395365	3.475688	6.0	6.6110690000000005	5.584635	5.0	97.661449	8.881723	5.0	61.315381	13.224368	5.0	0.09794	3.95663	4.0	18.929696	5.862831	6.0	54.849925	12.296046	3.0	11.070513
7432.0	3.0	74.37371800000001	54.330133	15.06034	25.634315	0.897409	0.88444	0.558218	0.89056	19.956220000000002	5.0	20.126517	0.630889	4.0	0.22871999999999998	1.723364	6.0	81.111098	2.454609	6.0	97.72330600000001	15.682067000000002	3.0	24.307788000000002	15.602620000000002	6.0	18.495594	4.387569999999999	5.0	0.05127	4.257847	6.0	63.949431999999995	3.9868370000000004	6.0	78.005351	22.323419	1.0	11.250971
7454.0	3.0	62.915537	34.221236	12.466672	7.260565	0.843075	0.223019	0.936026	0.48736599999999997	9.147322	3.0	34.7322	20.374301000000003	6.0	0.010131	1.1617110000000002	6.0	35.06852	5.080687999999999	6.0	30.035574	20.782985999999998	1.0	82.900441	19.253651	1.0	75.483104	6.992975	4.0	0.021419999999999998	4.103125	2.0	17.801665	0.5361859999999999	6.0	91.223493	7.543678	2.0	43.426425
7500.0	3.0	9.859121	18.449542	2.944355	64.17003100000001	0.29852	0.56152	0.9955930000000001	0.8345959999999999	7.667955	1.0	45.5422	5.954842	3.0	0.04895	1.04997	6.0	97.979522	0.621211	4.0	81.757091	13.655672000000001	3.0	38.245078	6.153725	6.0	91.92673	1.6903689999999998	1.0	0.153859	4.433758	5.0	6.845772	1.622477	3.0	71.860382	12.933923	5.0	63.332815000000004
7508.0	3.0	92.84083000000001	23.843495	44.756849	16.050325	0.757605	0.386734	0.43744399999999994	0.98608	22.874314000000002	6.0	77.969029	3.7249199999999996	4.0	0.016296	0.548659	6.0	80.308675	4.213569000000001	5.0	91.74206099999999	5.076436	5.0	98.02742099999999	21.672253	6.0	36.810462	12.818482000000001	3.0	0.019653	4.397494	4.0	23.281197	3.652672	5.0	38.164495	24.832016	6.0	36.356657
7531.0	3.0	10.595618	11.614271	91.02535999999999	3.3271050000000004	0.474605	0.196938	0.403043	0.776055	0.9973879999999999	6.0	8.662519	23.316582999999998	4.0	0.019001	1.2582790000000001	5.0	75.671521	2.0215490000000003	4.0	98.012491	16.045645999999998	5.0	19.881911	16.54993	4.0	31.956108	20.792531	6.0	0.033104	5.5315330000000005	4.0	23.452184	4.889499	2.0	29.058364	17.802639000000003	5.0	39.504775
7647.0	3.0	62.005511	82.556329	7.656274000000001	18.084963000000002	0.930183	0.8521540000000001	0.53887	0.5028130000000001	0.248995	3.0	66.448233	25.605342	2.0	0.010084000000000001	0.453779	4.0	48.411253	4.301806	1.0	80.29470699999999	23.291957999999997	6.0	71.764095	10.505133	6.0	71.507079	18.109172	4.0	0.033121	0.510193	6.0	93.10670400000001	1.517515	1.0	53.71906	22.814219	2.0	35.112902000000005
7688.0	3.0	82.95859399999999	59.108534999999996	19.805982999999998	2.174414	0.986576	0.965457	0.751077	0.33114	20.183007999999997	2.0	19.574385999999997	22.909961	3.0	0.02525	2.527311	6.0	22.942343	3.5326980000000003	1.0	25.637946	13.786612	6.0	25.551133	2.995346	6.0	50.639624	3.6005800000000003	4.0	0.019191	0.24375500000000003	3.0	19.227452	0.529967	5.0	82.212184	7.900163	2.0	14.323270999999998
7881.0	3.0	62.232487	81.805739	3.5436010000000002	39.094602	0.9001979999999999	0.816473	0.492655	0.9086719999999999	10.981517	6.0	6.759183999999999	8.393055	4.0	0.019197	4.283224	5.0	14.905548999999999	0.361427	5.0	69.16955300000001	5.757605	5.0	76.892093	5.987744999999999	4.0	7.186785	5.313251	6.0	0.051399	5.215912	1.0	85.87787900000001	5.252321	1.0	70.119331	7.442669	3.0	72.84261500000001
7990.0	3.0	75.22057	14.299767000000001	42.841228	10.297013	0.562938	0.773958	0.22821100000000002	0.999533	20.379685000000002	4.0	16.19383	20.549364	4.0	0.029719	3.921239	3.0	37.120534	6.253755	6.0	75.97689	9.363097999999999	6.0	9.293781	15.769756	3.0	82.421513	13.966928	2.0	0.022064	2.231236	1.0	79.548936	5.260175	5.0	25.251832999999998	7.790541999999999	2.0	22.145757999999997
8052.0	3.0	15.822953	74.876553	29.068894	7.902294	0.112475	0.996075	0.581087	0.706865	4.312206	2.0	9.097662	8.966453	4.0	0.010490000000000001	5.499356	5.0	84.971593	4.393285	2.0	54.144296999999995	0.892699	3.0	26.582937	6.908461999999999	6.0	68.882828	19.604526	1.0	0.011228	5.478193	4.0	55.666035	4.072566999999999	2.0	66.345979	16.59891	5.0	60.587904
8355.0	3.0	81.800442	48.431123	2.055007	74.40565699999999	0.833307	0.394619	0.61961	0.268557	16.007956	6.0	57.212773	3.399047	5.0	0.010715	0.346366	3.0	92.30233199999999	5.626926	5.0	93.321761	1.530785	6.0	75.830292	4.387608999999999	6.0	98.429546	17.951052	5.0	0.017464	4.021138	2.0	45.908346	4.531546	5.0	87.870828	1.902025	3.0	5.908643
8362.0	3.0	42.672823	82.316848	2.78515	97.447857	0.28249	0.229458	0.670583	0.129636	12.788095	2.0	83.446721	23.593617000000002	1.0	0.029708999999999996	3.141177	5.0	79.153784	3.212717	5.0	83.25678	14.151056	2.0	81.061982	4.889323	4.0	6.332918	14.618503	1.0	0.012912	2.9758	5.0	83.104076	3.01512	1.0	75.292907	11.17585	1.0	72.266521
8370.0	3.0	97.098325	20.966093	16.837516	7.116322	0.678347	0.338962	0.902418	0.755575	16.829228	5.0	19.050301	1.417607	3.0	0.025720999999999997	3.625828	5.0	75.470711	0.44609399999999994	4.0	11.508322999999999	21.603939	5.0	57.276951000000004	22.468394	1.0	90.803597	9.1243	2.0	0.167768	4.129526	2.0	67.09294200000001	1.8879970000000001	3.0	13.386476000000002	1.908146	2.0	52.95776
8515.0	3.0	19.094835999999997	29.024171999999997	80.240087	2.515349	0.726654	0.5813050000000001	0.594813	0.3982	20.57074	1.0	30.738108	17.655237	1.0	0.01277	1.177824	6.0	26.417371999999997	1.389048	5.0	69.028191	9.967551	6.0	21.230334	4.123424	4.0	86.087642	16.49259	3.0	0.021519	2.154143	2.0	81.832724	3.850254	6.0	83.24864000000001	20.450423999999998	4.0	43.625671000000004
8699.0	3.0	75.769665	58.244795999999994	21.46698	3.555821	0.24525	0.9534969999999999	0.339907	0.547465	16.673464000000003	3.0	8.743521000000001	21.29084	3.0	0.011608	5.807771	5.0	90.481123	2.735207	5.0	53.18938299999999	8.651195	3.0	95.874936	12.886271	3.0	12.428125999999999	10.709363	6.0	0.011016	3.583278	6.0	17.608296	4.675258	4.0	55.555671	21.962972	1.0	16.434475
8954.0	3.0	79.120008	16.801503	40.869096	2.0123	0.260626	0.690397	0.9689719999999999	0.9900540000000001	19.421224	4.0	86.257039	11.517974	3.0	0.037142	1.036772	2.0	54.078846	1.35264	2.0	17.043723999999997	5.432239	3.0	35.449145	17.368069000000002	6.0	77.41321500000001	0.697231	3.0	0.852351	3.93152	5.0	63.831320999999996	1.195296	2.0	43.183885	16.984661	3.0	49.362002000000004
9157.0	3.0	32.535121999999994	58.160858999999995	16.494557999999998	5.7576529999999995	0.165166	0.43172	0.476025	0.41875500000000004	17.575288	6.0	36.02259	9.719894	1.0	0.038452999999999994	1.7149419999999997	3.0	70.962017	0.8603049999999999	3.0	48.166833000000004	18.958779	6.0	56.699096	25.198549	2.0	88.004573	6.373819999999999	1.0	0.013055	1.5402040000000001	6.0	45.768193	5.497381	4.0	37.888822999999995	5.36179	5.0	33.327933
9519.0	3.0	64.539408	66.969356	95.074248	2.9262099999999998	0.989815	0.366679	0.31806599999999996	0.577099	6.482031	5.0	69.532752	6.6118820000000005	1.0	0.010818000000000001	1.128361	1.0	1.149407	1.092479	3.0	74.872323	19.7423	4.0	55.113986	23.185719	1.0	79.939954	21.022373	4.0	0.019278	3.6541449999999998	1.0	35.044762	1.441206	2.0	12.72056	19.595534	2.0	71.73598
9714.0	3.0	54.645222	62.837363	12.884751	1.19941	0.426745	0.639732	0.179079	0.54485	2.0133400000000004	6.0	6.596176	20.850476	1.0	0.011868	5.895358	3.0	23.983647	2.374016	3.0	80.629396	22.944848	5.0	43.144327000000004	14.410766	6.0	76.018563	23.061789	3.0	0.010026	4.084905	5.0	42.020204	2.455948	5.0	27.534751	12.800697999999999	3.0	1.0552780000000002
9821.0	3.0	95.50917199999999	96.96650799999999	63.428948	10.604811	0.346022	0.822293	0.41952	0.636644	20.77455	6.0	6.289651999999999	10.484577999999999	1.0	0.11841600000000001	4.8395980000000005	3.0	66.472311	4.10152	6.0	2.931016	10.447409	6.0	60.612779	23.487137	2.0	99.103763	0.6400239999999999	6.0	0.030135000000000002	5.846015	2.0	63.633947	4.258457	5.0	1.561987	9.621912	3.0	20.832447
9859.0	3.0	56.62810699999999	24.981887	9.001213	4.334079	0.693292	0.221944	0.9159120000000001	0.72412	5.154822	2.0	90.03460799999999	19.596885999999998	3.0	0.018524000000000002	5.008204	4.0	65.84452900000001	1.779939	4.0	52.734213000000004	18.564626999999998	5.0	39.622775	18.842409	3.0	68.418532	14.609724	4.0	0.04049	2.0456540000000003	3.0	79.26079	2.63062	1.0	48.455201	12.303599	2.0	19.446486
9939.0	3.0	57.804997	38.389979	2.191105	25.32995	0.5304989999999999	0.731164	0.26095999999999997	0.173769	14.758761999999999	4.0	53.598742	20.986353	4.0	0.011781	0.19404200000000002	4.0	70.203273	0.42097299999999993	4.0	9.761056	19.572143	5.0	66.238157	1.53233	2.0	56.261424	4.333679	5.0	0.048111	5.829212	2.0	41.815263	4.876672	2.0	33.194274	13.838064000000001	1.0	86.065836
27.0	3.0	96.353702	70.787224	91.44946800000001	3.8622019999999995	0.810604	0.7219140000000001	0.714328	0.45260600000000006	10.511691	3.0	5.563048	10.630301	3.0	0.016564	6.230631	4.0	39.569272	1.48983	1.0	63.650028000000006	10.422944000000001	5.0	68.86397	23.577184	2.0	98.369958	1.6203040000000002	4.0	0.010039	3.906415	6.0	78.292097	5.418493	1.0	13.250664000000002	18.910510000000002	6.0	80.659402
581.0	3.0	78.556686	52.025569	39.213883	1.054726	0.23690799999999998	0.517364	0.36093000000000003	0.735309	6.958925	2.0	83.854923	6.638174	4.0	0.109777	1.977723	4.0	93.28488399999999	5.148042	5.0	52.393461	9.643476	6.0	54.886407	12.648931	4.0	59.392415	17.723193	5.0	0.018198	5.189984	4.0	56.76849300000001	1.578264	2.0	73.213183	6.284918	2.0	44.62057
626.0	3.0	93.661332	6.199718	3.5733	49.892652000000005	0.156039	0.7374029999999999	0.980907	0.890703	1.094985	5.0	69.997052	12.827656	2.0	0.01771	1.9761360000000001	4.0	82.663162	4.070798	4.0	36.538244	4.769539	6.0	92.01207099999999	6.334672	6.0	32.94615	19.888456	3.0	0.020051	0.407908	6.0	74.838435	4.948477	6.0	89.151926	10.704001	4.0	85.335756
701.0	3.0	90.286085	4.1687970000000005	39.32631	1.262694	0.863411	0.24575999999999998	0.18176900000000001	0.556869	21.631549	6.0	6.529283	2.915538	2.0	0.014008000000000001	5.319257	5.0	82.17805200000001	2.193395	4.0	80.025537	2.780961	5.0	86.460258	14.041773000000001	2.0	89.658243	22.842522	5.0	0.018088999999999997	3.296139	3.0	63.473337	5.472123000000001	6.0	66.90948399999999	24.598654999999997	1.0	83.854289
832.0	3.0	40.326507	26.963383	8.519509	16.622767	0.8710959999999999	0.541622	0.715108	0.478933	0.930091	5.0	35.302728	12.783114	6.0	0.017324000000000003	3.335418	6.0	42.236028999999995	3.8455489999999997	4.0	8.484345	21.14548	4.0	14.383617000000001	10.33658	3.0	79.598773	17.531172	4.0	0.010322	2.238731	2.0	61.52608000000001	3.027617	2.0	53.724741	16.83727	5.0	92.456616
843.0	3.0	43.07754	27.820169	7.093209	26.018094	0.48621000000000003	0.747633	0.19412100000000002	0.776328	21.14954	3.0	8.123689	18.070478	2.0	0.11928599999999999	2.7925310000000003	5.0	40.108732	3.0180290000000003	4.0	54.575781000000006	12.279805999999999	6.0	76.71029300000001	3.69268	1.0	97.928263	13.015645	3.0	0.015578	4.6583	5.0	41.306321000000004	4.354597	6.0	94.293816	24.460023	4.0	45.206317999999996
956.0	3.0	91.738629	45.483326	1.928509	46.972078	0.345504	0.557558	0.746188	0.405968	3.151538	4.0	78.53685300000001	14.381386	2.0	0.010793	0.29096700000000003	4.0	77.070931	1.986132	5.0	22.651229	19.777657	3.0	26.548875	6.2525010000000005	4.0	85.16071099999999	10.596588	1.0	0.013065	3.5689699999999998	6.0	52.957767000000004	3.277386	2.0	13.505633999999999	4.7748349999999995	1.0	39.492507
1095.0	3.0	74.640349	43.069088	35.598901	19.649352	0.22567399999999999	0.9455389999999999	0.574545	0.894626	16.006752	3.0	54.081022	9.064731	1.0	0.020319	1.5783719999999999	6.0	85.395708	4.963375	4.0	49.952261	10.057032000000001	3.0	58.540634999999995	12.981192	3.0	12.900594	12.320336	4.0	0.013021000000000001	4.66035	3.0	76.91443100000001	5.008516	3.0	26.101699	22.544183	4.0	43.357075
1190.0	3.0	59.49111800000001	32.988933	3.197884	44.010104	0.693562	0.37348000000000003	0.365126	0.670188	6.50084	5.0	24.937402	11.727282	1.0	0.011907	0.679584	5.0	25.617596	3.1904220000000003	5.0	80.662369	21.618929	6.0	88.528129	21.21958	1.0	91.97965400000001	4.88851	6.0	0.014952000000000002	4.520674	6.0	72.445753	4.317914	2.0	22.664907	20.257787	3.0	17.134057000000002
1240.0	3.0	58.416848	51.611989	93.80720600000001	5.446886	0.406096	0.731089	0.415742	0.44569	23.652003	5.0	27.684793	1.7579360000000002	4.0	0.026279000000000004	1.9467189999999999	2.0	94.500727	4.382745	6.0	66.469226	21.281519	4.0	83.61828100000001	6.121343	3.0	57.666216000000006	17.2716	1.0	0.017187	5.2326809999999995	3.0	57.04588199999999	5.588991	3.0	84.81423000000001	18.699994	4.0	95.910945
1246.0	3.0	46.892794	57.298919999999995	34.160136	15.162312	0.6874600000000001	0.8779440000000001	0.659768	0.863849	1.984905	2.0	20.589442000000002	21.655485000000002	5.0	0.014431	1.832225	5.0	14.121954999999998	5.801948	3.0	91.495032	19.336795000000002	5.0	32.074304999999995	19.415492	1.0	20.143906	1.099207	6.0	0.021435	4.560586	4.0	2.671043	5.829833	6.0	19.811751	12.025725999999999	4.0	25.513131
1342.0	3.0	92.127668	48.748828	10.826377	10.316203	0.588857	0.905379	0.8979280000000001	0.6613720000000001	7.25006	6.0	5.784739	7.172499	2.0	0.011724	5.429531	6.0	56.488328	5.531614	2.0	70.065375	12.874583	2.0	66.461889	21.287879999999998	6.0	4.199898999999999	6.422711	1.0	0.010587000000000001	3.8537779999999997	3.0	50.889317	1.011487	1.0	75.190641	16.322389	3.0	14.974623000000001
1344.0	3.0	41.801879	83.76028199999999	4.853711	17.548258999999998	0.296038	0.491018	0.553248	0.387209	15.797566	4.0	35.681433	3.373972	4.0	0.018062	1.2843	2.0	55.407624	6.135962	6.0	63.762854000000004	9.560808999999999	2.0	13.017275999999999	5.87921	2.0	93.24232099999999	7.1310210000000005	6.0	0.010665000000000001	4.0924309999999995	2.0	10.815627000000001	4.5366349999999995	1.0	29.031652	12.575847	1.0	22.53501
1351.0	3.0	64.702111	6.786	2.534437	35.681752	0.377232	0.5696939999999999	0.44721400000000006	0.811383	3.630417	3.0	45.688686	7.046417	4.0	0.01267	1.896879	5.0	95.425538	4.711437999999999	1.0	11.144255000000001	4.603685	3.0	37.205886	21.42861	3.0	43.591909	23.575042	6.0	0.012556999999999999	1.4139389999999998	3.0	11.985208	1.9450599999999998	4.0	45.363062	24.899475	2.0	70.91211899999999
1498.0	3.0	6.563375	32.149328999999994	94.607242	3.7791309999999996	0.163517	0.421996	0.753892	0.780591	9.294633000000001	6.0	40.617117	23.961651	4.0	0.010235	0.5212140000000001	6.0	50.23237	1.621356	1.0	70.364379	16.509649	2.0	38.979548	9.546467	3.0	75.79520500000001	1.182959	6.0	0.010823000000000001	5.549748	4.0	67.134372	2.309975	6.0	57.526837	23.645359	3.0	26.039284
1683.0	3.0	16.467848	9.422725	25.290989	3.681258	0.41326599999999997	0.160148	0.7286130000000001	0.546751	1.039648	4.0	25.082154	20.935985000000002	5.0	0.012717000000000001	6.0952	3.0	69.03717900000001	5.546258	5.0	27.256608	8.877930000000001	3.0	69.4069	8.145146	4.0	21.810189	16.040406	2.0	0.046011	2.712107	3.0	48.444807	0.891194	2.0	16.054947	23.685129	6.0	16.492044
1999.0	3.0	7.108666	95.91063100000001	3.107533	8.420058000000001	0.60115	0.57726	0.549795	0.643988	18.115973999999998	6.0	7.214021000000001	7.401524	1.0	0.100053	0.38755500000000004	6.0	65.394248	5.615732	3.0	51.435691999999996	4.645425	5.0	84.199513	5.115843	4.0	15.775141	4.960274	2.0	0.022475	5.55889	6.0	80.6262	1.454102	2.0	27.896769	5.832898	6.0	39.389373
2072.0	3.0	33.303909000000004	22.503821	4.118129	9.711025	0.6813239999999999	0.725514	0.64983	0.734811	21.417862	5.0	43.118974	24.015188000000002	3.0	0.023	0.48463	5.0	89.633266	1.307986	2.0	44.436246000000004	9.272507000000001	6.0	58.926156999999996	20.021773	4.0	97.710204	3.450108	4.0	0.014468	1.572219	3.0	88.694799	2.371049	1.0	81.110011	11.748949	4.0	24.547539999999998
2119.0	3.0	62.382771999999996	99.694953	2.076533	3.031392	0.424874	0.8256959999999999	0.455528	0.904682	15.524295	2.0	82.589199	22.392359	3.0	0.016513	0.986833	5.0	26.830945	2.598687	6.0	95.116476	2.090409	5.0	41.852445	13.300684	4.0	21.680916	5.423108999999999	3.0	0.050977999999999996	3.4844120000000003	1.0	19.823425	2.5355060000000003	6.0	51.727461	22.477895	5.0	71.743714
2201.0	3.0	44.961847	23.761434	43.816036	1.548974	0.173454	0.238535	0.18457300000000001	0.795783	5.048916999999999	1.0	52.320725	24.400282999999998	2.0	0.067998	1.1283809999999999	5.0	27.523628000000002	3.749114	2.0	31.733045	20.792915	3.0	82.69948000000001	4.627052	5.0	90.669589	21.665794	1.0	0.018558	3.310757	4.0	94.403025	1.660074	3.0	34.881633	23.912166	4.0	81.855447
2252.0	3.0	55.03420500000001	72.447661	94.547756	3.6704410000000003	0.604525	0.850684	0.42918100000000003	0.684968	3.78991	1.0	69.628749	18.908602	1.0	0.030201	5.0871830000000005	2.0	16.692911	5.965974	5.0	19.494167	23.326539	5.0	83.55094100000001	21.217095999999998	4.0	46.655459	6.107398	5.0	0.010424	2.786938	4.0	85.406421	4.644714	2.0	69.059912	19.966959	4.0	9.501496000000001
2332.0	3.0	79.71337199999999	53.089987	4.395434	93.919798	0.42188100000000006	0.400312	0.584854	0.216521	18.318629	5.0	37.031259999999996	4.639458	4.0	0.015911	4.276529	2.0	84.927726	6.2077800000000005	4.0	68.213074	4.22156	5.0	56.002455000000005	24.016059	6.0	91.03827199999999	7.407942	4.0	0.010402	5.494333	2.0	99.042846	1.772748	4.0	34.267176	3.811119	5.0	29.311069
2379.0	3.0	44.683278	96.137555	6.500894000000001	88.33581099999999	0.634223	0.576854	0.973834	0.9619969999999999	6.29122	6.0	8.065013	9.718415	5.0	0.013768	3.232055	3.0	45.102418	5.558294999999999	1.0	83.155452	21.518056	6.0	78.388562	17.886247	2.0	80.633114	10.421928	1.0	0.017159999999999998	4.428268	5.0	21.723921	0.36092199999999997	4.0	98.72734200000001	12.586186	6.0	57.82899499999999
2578.0	3.0	26.050921	58.10225500000001	6.212763	56.68874399999999	0.406277	0.11449200000000001	0.774792	0.5236890000000001	17.293570000000003	2.0	59.122889	13.655444000000001	4.0	0.01492	1.528486	1.0	98.490382	1.225975	2.0	75.741316	8.174097	5.0	16.981695000000002	24.466017	5.0	5.751859	2.976016	1.0	0.011888	5.358517	2.0	28.320333	0.126452	5.0	92.933684	22.865844	1.0	38.808634000000005
2620.0	3.0	48.865756	16.825387	5.255546	26.743221000000002	0.438746	0.277846	0.729012	0.169972	16.635642	2.0	87.977754	0.774047	1.0	0.026625	3.844617	4.0	44.935646000000006	4.0264120000000005	1.0	51.130596999999995	21.758248000000002	2.0	23.888172	20.324392	1.0	37.645896	5.3260510000000005	3.0	0.016144	5.435589	2.0	25.371677	2.900806	4.0	6.84969	12.134897	6.0	80.013953
2621.0	3.0	46.475393	49.101138	2.748354	44.778809	0.7303930000000001	0.20483200000000001	0.630001	0.14836400000000002	6.754223	1.0	56.007201	10.690076	3.0	0.012986000000000001	3.293624	4.0	31.179715	5.67707	6.0	48.414259	21.469922	4.0	98.827584	1.288924	2.0	79.757823	18.637731	2.0	0.013489	3.497776	6.0	58.563941	0.395679	5.0	42.992451	19.212270999999998	3.0	3.5693339999999996
2740.0	3.0	55.68483199999999	35.752001	1.284046	72.055424	0.9762360000000001	0.330463	0.537402	0.7665489999999999	2.56839	2.0	90.644763	23.596708	4.0	0.018338999999999998	2.099149	2.0	78.652397	4.637758	3.0	49.965841	23.527449	3.0	78.406423	7.349753999999999	5.0	38.255790999999995	18.175224	5.0	0.019896	4.832741	1.0	40.279464000000004	2.417622	1.0	66.36801	13.919207	4.0	24.444753
2742.0	3.0	93.128208	31.764865000000004	6.752608	23.039156	0.2739	0.996834	0.714828	0.580635	9.792635	5.0	95.674233	20.734617	6.0	0.041485	0.673351	6.0	73.33518199999999	2.924649	5.0	42.449453999999996	10.020055000000001	3.0	88.924846	3.3708139999999998	1.0	5.541881	21.531902	6.0	0.013543000000000001	2.3475650000000003	3.0	37.097809999999996	2.5549209999999998	3.0	96.518609	18.017315	4.0	75.135824
2863.0	3.0	62.878351	3.173553	9.476435	12.018948	0.6232340000000001	0.10518800000000002	0.712214	0.88008	11.468377	4.0	83.421672	24.246819	2.0	0.013075999999999999	0.577793	6.0	43.982116	2.197447	5.0	38.140556	11.336928	5.0	37.761089	25.598499	5.0	22.51687	3.1381490000000003	1.0	0.021356	2.802913	6.0	79.111418	0.809109	5.0	74.837808	24.026272	3.0	28.863754999999998
3127.0	3.0	57.461429	50.062225	7.735869	57.332023	0.16958399999999998	0.28379	0.768889	0.477905	3.964838	5.0	51.152443	9.530362	3.0	0.50438	3.570324	5.0	27.74529	1.501566	6.0	41.809929	22.090489	4.0	83.401496	7.550058	1.0	9.517435	4.197953	6.0	0.086516	5.563039	4.0	70.718135	4.834176	4.0	90.268426	12.986355999999999	6.0	4.474619000000001
3134.0	3.0	80.351567	97.103764	21.003743	5.963223	0.673714	0.221971	0.82042	0.9967389999999999	11.750464	3.0	42.183984	15.800941	1.0	0.097068	1.6828599999999998	3.0	37.365617	3.3540129999999997	1.0	19.424182000000002	22.835635	4.0	93.284177	21.088212	4.0	90.634929	0.717028	2.0	0.044131000000000004	5.300656	3.0	74.297668	2.5201740000000004	2.0	11.185412	18.492767999999998	3.0	90.998126
3196.0	3.0	25.021454000000002	62.337084	42.205309	8.255975999999999	0.222232	0.883108	0.779982	0.506191	17.335925	4.0	52.212571000000004	6.903024	1.0	0.015928	4.393356	6.0	9.513159	0.8863850000000001	3.0	48.519003999999995	17.508676	4.0	3.836331	6.115519	6.0	38.174863	5.95961	3.0	0.014972	0.717762	3.0	66.756227	0.8705120000000001	4.0	88.466544	23.621968	2.0	42.199326
3783.0	3.0	85.223773	21.239198000000002	7.981375	90.77743199999999	0.723292	0.584624	0.870848	0.9861770000000001	21.146829	2.0	35.263228999999995	6.143081	4.0	0.020084	1.8342610000000001	4.0	20.77241	5.650143	2.0	59.465247	20.564197	4.0	26.641823	20.956147	2.0	49.161873	13.677225	1.0	0.034546	5.264974	5.0	57.14331800000001	2.383234	3.0	35.298551	25.45747	1.0	85.65308399999999
4047.0	3.0	80.648725	74.429711	59.271237	5.2191849999999995	0.677938	0.815241	0.8313	0.8589450000000001	10.410664	5.0	76.15493599999999	18.709357	3.0	0.011262000000000001	0.435853	4.0	94.016598	2.4520880000000003	5.0	15.007484	14.052859	1.0	81.271722	3.6629980000000004	6.0	14.455432	15.357569	6.0	0.049888	5.398797	3.0	46.067495	0.501846	1.0	77.962335	7.878086	4.0	77.743719
4420.0	3.0	24.014729	27.190392	44.760325	16.626243	0.659188	0.390138	0.967361	0.838	11.556104	6.0	3.223716	24.494142	6.0	0.014209999999999999	3.2183900000000003	4.0	41.683302000000005	3.322196	2.0	24.613025	17.07149	3.0	67.634777	16.195491	4.0	33.026602000000004	5.470562	5.0	0.015774	0.660728	1.0	96.417575	2.327788	3.0	98.91193	22.351979	2.0	96.31939799999999
4761.0	3.0	31.667314	20.45758	50.132318	1.013811	0.20704499999999998	0.217979	0.639644	0.269825	15.697764999999999	2.0	16.264595	22.054584	5.0	0.010894	0.876079	6.0	49.015122999999996	3.683586	2.0	59.473366000000006	7.881403999999999	5.0	61.71549	13.931198	2.0	77.378738	13.337323000000001	5.0	0.010709999999999999	3.295955	6.0	84.172151	2.216733	2.0	34.055334	2.489104	3.0	82.506312
5080.0	3.0	22.333585999999997	48.851002	5.141696	95.312187	0.961341	0.8483700000000001	0.773794	0.525409	4.110671	2.0	25.85339	22.754454	3.0	0.048548	3.026904	2.0	89.078034	3.809073	2.0	23.762548000000002	17.312935	6.0	71.209863	1.716952	6.0	61.528439	19.822377	1.0	0.012299	5.477809	6.0	30.613345000000002	0.1374	5.0	64.513363	16.563535	2.0	35.532781
5111.0	3.0	23.140309	36.460784000000004	2.1069310000000003	41.508765999999994	0.196325	0.579292	0.46518400000000004	0.422756	8.648685	5.0	30.004148999999998	0.7533920000000001	2.0	0.011207	6.08303	4.0	81.091139	5.0663540000000005	6.0	17.324827	2.965784	1.0	7.804225	18.040118	3.0	93.861364	5.998344	2.0	0.014231	4.62058	3.0	5.597894	0.419099	2.0	49.039861	14.110835999999999	5.0	49.331633000000004
5162.0	3.0	64.120502	95.19455	12.987092	6.827160000000001	0.9219139999999999	0.9859	0.357643	0.789227	12.618372	5.0	69.352864	23.723159	5.0	0.015088999999999998	0.139965	5.0	65.415578	2.3905849999999997	2.0	28.792465999999997	11.843852	3.0	84.528118	14.995705	3.0	70.28527199999999	17.132945	2.0	0.025499	4.55957	6.0	54.006041	5.667189	1.0	62.382245	6.215137	1.0	80.537501
5165.0	3.0	80.688459	55.234885	11.686015	36.035614	0.141421	0.959276	0.63483	0.727648	17.557335000000002	3.0	56.426376	2.644114	6.0	0.022493	2.570574	6.0	91.89243	5.197627	1.0	78.74753100000001	20.885005	3.0	14.661626	18.602169	4.0	70.558437	13.080836	1.0	0.053833000000000006	5.52855	6.0	66.755913	4.498948	5.0	76.173172	25.430528	2.0	44.341705
5250.0	3.0	27.535543	54.837433	1.412811	17.352667999999998	0.9095219999999999	0.564004	0.591837	0.44054399999999994	10.477886999999999	2.0	3.5035540000000003	19.941149	5.0	0.031948000000000004	1.515391	4.0	88.212884	4.411833000000001	6.0	82.456923	17.465723999999998	5.0	79.260207	14.183953	5.0	77.12679399999999	18.292042000000002	5.0	0.016303	1.45337	2.0	50.612313	5.004658999999999	4.0	60.369554	18.085172	4.0	65.927199
5272.0	3.0	8.313944000000001	22.4176	14.588445000000002	4.939438	0.44604799999999994	0.167989	0.300016	0.842612	1.631926	6.0	91.355237	11.580516000000001	4.0	0.010163	2.0461970000000003	4.0	30.638237	1.8133569999999999	2.0	35.23129	20.322085	4.0	49.203428	23.689211	5.0	19.331129999999998	16.571455	2.0	0.012308	4.872644	6.0	23.675472	4.724235	4.0	13.405357	8.389644	5.0	62.635247
5331.0	3.0	1.62467	52.080076	11.036541999999999	14.100578	0.376066	0.59592	0.98882	0.880697	0.5053479999999999	5.0	76.543773	21.385485	1.0	0.957677	4.359343	1.0	90.715393	1.864286	1.0	65.419112	5.580132	1.0	26.922684999999998	0.789697	5.0	66.09687199999999	4.291194	6.0	0.010185	1.717569	6.0	20.550045	0.310521	3.0	75.575456	1.635428	4.0	98.110182
5335.0	3.0	19.33568	99.445474	60.951276	8.846666	0.15425999999999998	0.689664	0.818802	0.748448	21.746427	5.0	28.088637	21.63431	3.0	0.022156	2.546575	4.0	33.174124	3.9130239999999996	5.0	12.929241000000001	12.252309	4.0	91.742533	17.961448	2.0	65.145973	7.274853	2.0	0.018063	0.276035	2.0	5.1050260000000005	3.665349	5.0	13.012636	19.694474	4.0	43.247956
5425.0	3.0	66.906533	13.213291	24.454475	13.351904999999999	0.385956	0.364313	0.23229499999999997	0.588956	16.250791	3.0	14.547348000000001	4.958245	6.0	0.038610000000000005	1.8523060000000002	4.0	37.978933000000005	1.6381350000000001	4.0	78.892326	8.033914	4.0	72.09428	24.20446	6.0	56.41264	6.0726	6.0	0.010823000000000001	2.259617	4.0	86.999505	2.466977	1.0	16.117542	22.216449	2.0	53.695857999999994
5546.0	3.0	16.370743	93.628632	3.927515	1.7079959999999998	0.275649	0.478526	0.889993	0.611256	20.05266	6.0	5.605951	2.4535310000000004	3.0	0.010733	0.678561	6.0	61.780584999999995	0.879519	5.0	52.481301	21.541026000000002	6.0	52.794222999999995	25.12024	3.0	34.241649	13.869792000000002	3.0	0.014703	1.6569779999999998	4.0	25.020877	3.6057930000000002	3.0	85.103505	17.211535	6.0	38.899512
5597.0	3.0	31.068552	69.387252	49.868257	12.815383	0.986669	0.7589090000000001	0.603591	0.405366	18.113229999999998	2.0	4.136769	6.13861	3.0	0.012406	2.791819	6.0	78.747785	4.329064	4.0	72.81636999999999	13.043556	6.0	33.482981	24.019895	2.0	85.12996899999999	11.870536999999999	2.0	0.015175999999999999	5.132604	5.0	63.888039	5.207142	5.0	59.752414	24.072876	2.0	61.209928000000005
5612.0	3.0	69.80920400000001	69.141304	45.040873	7.162367999999999	0.523578	0.941967	0.609731	0.957858	13.067125	4.0	75.224513	23.579804	1.0	0.019303999999999998	3.7248639999999997	6.0	51.330294	3.810607	4.0	39.325513	1.104861	5.0	76.357027	10.146809	3.0	51.206123999999996	19.901482	5.0	0.031717	2.435584	1.0	96.290617	1.521957	6.0	16.528503	25.248476999999998	6.0	62.923855
5661.0	3.0	61.511356000000006	41.630697	1.5863450000000001	86.082177	0.491986	0.8283510000000001	0.671988	0.201777	14.000854	1.0	18.157764	24.853064	1.0	0.011117	5.463401999999999	6.0	39.932359000000005	1.7977830000000001	5.0	88.948663	23.459001	4.0	50.934447999999996	3.591387	2.0	77.643752	18.145837	1.0	0.012773999999999999	5.343879	6.0	69.714251	1.4396639999999998	5.0	74.16991800000001	22.369822	3.0	31.837959
5712.0	3.0	55.36611800000001	72.38762	2.037051	33.353991	0.2323	0.459614	0.707034	0.997352	9.134687	2.0	85.670787	1.7280099999999998	2.0	0.015694	2.922294	5.0	60.689904000000006	3.16471	2.0	93.539117	14.176538	5.0	57.958566000000005	15.576048000000002	4.0	97.302707	6.7483	4.0	0.136283	1.4828	2.0	82.11975799999999	0.8654950000000001	5.0	33.447281	18.029319	2.0	67.908961
5949.0	3.0	86.24890500000001	98.070797	27.441619	13.561471	0.358273	0.8687739999999999	0.544279	0.695541	23.329239	1.0	72.742397	5.417466	1.0	0.027360000000000002	4.615984	3.0	32.685003	3.4181809999999997	5.0	41.330197	16.545673999999998	5.0	54.796721999999995	17.046838	5.0	90.31398399999999	14.511042000000002	6.0	0.01587	0.874642	2.0	4.903875	2.255775	1.0	57.60578	20.784505	4.0	33.220268
6065.0	3.0	80.970547	62.749452000000005	24.579003	4.850206	0.593449	0.474346	0.662714	0.44347700000000007	11.837307000000001	2.0	12.599605	6.863403	5.0	0.011804	5.107468	3.0	13.610123999999999	1.0896780000000001	6.0	8.876969	15.636795000000001	5.0	72.916179	23.514836	4.0	51.751284999999996	22.1968	4.0	0.010763	2.575513	3.0	64.580269	4.2828029999999995	4.0	42.640245	13.121597	6.0	51.817759
6152.0	3.0	67.81195	29.972170000000002	1.032297	25.931035	0.4936	0.21034299999999997	0.46115900000000004	0.9280579999999999	17.189738000000002	1.0	49.773659	3.025556	1.0	0.064449	4.712452	4.0	50.012516	5.115739	5.0	74.11349	20.936541000000002	4.0	43.061162	4.9252910000000005	1.0	21.283095	2.1637470000000003	1.0	0.018430000000000002	1.88552	3.0	48.223290999999996	0.730657	2.0	88.846722	23.841628	1.0	4.566363
6610.0	3.0	37.212092999999996	33.805176	78.035392	2.436821	0.651275	0.404165	0.8784049999999999	0.9954639999999999	18.443689000000003	6.0	77.15601	13.853359	2.0	0.060328	1.179719	4.0	11.432993	0.8469450000000001	3.0	39.431858	0.628434	5.0	21.995717000000003	2.275851	4.0	27.057377000000002	8.768425	5.0	0.15246600000000002	5.688837	1.0	69.674225	5.329091	6.0	76.50538900000001	4.920411	2.0	13.943016
6735.0	3.0	38.018509	17.265482000000002	1.29234	82.392257	0.384326	0.314319	0.575344	0.9348920000000001	4.066318	1.0	93.887687	10.271302	5.0	0.028187	5.303764	3.0	49.340678000000004	3.300844	3.0	64.81723199999999	20.042689000000003	3.0	38.015467	3.717917	3.0	41.208812	21.145554999999998	2.0	0.040305	4.1852540000000005	3.0	3.166697	3.3841330000000003	4.0	71.101417	8.760123	2.0	23.144099
6906.0	3.0	55.580215	64.37492900000001	1.0692469999999998	21.384407999999997	0.719942	0.869373	0.271342	0.47751499999999997	2.67598	4.0	58.015691000000004	19.267778	4.0	0.015694	0.522738	2.0	76.848277	0.628868	1.0	73.72361	18.686685	3.0	88.01361899999999	21.02594	4.0	20.026456	23.546464	1.0	0.026392000000000002	3.753015	3.0	23.058826	5.751149	3.0	38.835066999999995	20.942428	5.0	54.631285999999996
6935.0	3.0	47.629388	6.482012	19.008670000000002	5.717207	0.670503	0.193645	0.7977609999999999	0.998072	23.726052	5.0	4.1654	23.637501999999998	1.0	0.011915	2.364052	4.0	76.603277	1.9248630000000002	5.0	90.918195	15.866888000000001	3.0	88.708606	24.349603	2.0	31.445968	19.357975	3.0	0.018938	0.736137	2.0	78.68778499999999	2.070331	1.0	58.955762	16.760882000000002	3.0	94.328528
7074.0	3.0	71.598924	84.280603	21.565328	5.594691	0.468366	0.6173069999999999	0.908068	0.775115	3.7001690000000003	4.0	63.457263	20.355479000000003	6.0	0.017886000000000003	1.626751	2.0	74.13603	2.2863439999999997	3.0	19.924644	10.774948	5.0	46.108444	16.045719000000002	3.0	16.916159	8.016293	5.0	0.022430000000000002	1.314275	5.0	83.15479	1.0466540000000002	6.0	83.992646	19.166714000000002	1.0	92.773129
7376.0	3.0	87.112059	5.851051999999999	13.165360999999999	2.453077	0.71924	0.270853	0.22537600000000002	0.802142	11.864811	1.0	39.216932	18.196105	1.0	0.015255000000000001	1.159915	4.0	55.170667	6.154179	2.0	46.588808	6.815038	4.0	62.73664599999999	2.5309060000000003	5.0	74.28292900000001	21.07845	4.0	0.031736	2.8550009999999997	3.0	91.97985899999999	5.265924	2.0	95.355734	23.093548000000002	1.0	40.204855
7409.0	3.0	70.45795	62.157711	95.885355	1.183068	0.6446149999999999	0.618154	0.8795790000000001	0.6210319999999999	11.932716000000001	2.0	36.531622	18.199014000000002	1.0	0.026126999999999997	1.53918	6.0	82.395365	3.475688	6.0	6.6110690000000005	5.584635	5.0	97.661449	8.881723	5.0	61.315381	13.224368	5.0	0.09794	3.95663	4.0	18.929696	5.862831	6.0	54.849925	12.296046	3.0	11.070513
7432.0	3.0	74.37371800000001	54.330133	15.06034	25.634315	0.897409	0.88444	0.558218	0.89056	19.956220000000002	5.0	20.126517	0.630889	4.0	0.22871999999999998	1.723364	6.0	81.111098	2.454609	6.0	97.72330600000001	15.682067000000002	3.0	24.307788000000002	15.602620000000002	6.0	18.495594	4.387569999999999	5.0	0.05127	4.257847	6.0	63.949431999999995	3.9868370000000004	6.0	78.005351	22.323419	1.0	11.250971
7454.0	3.0	62.915537	34.221236	12.466672	7.260565	0.843075	0.223019	0.936026	0.48736599999999997	9.147322	3.0	34.7322	20.374301000000003	6.0	0.010131	1.1617110000000002	6.0	35.06852	5.080687999999999	6.0	30.035574	20.782985999999998	1.0	82.900441	19.253651	1.0	75.483104	6.992975	4.0	0.021419999999999998	4.103125	2.0	17.801665	0.5361859999999999	6.0	91.223493	7.543678	2.0	43.426425
7500.0	3.0	9.859121	18.449542	2.944355	64.17003100000001	0.29852	0.56152	0.9955930000000001	0.8345959999999999	7.667955	1.0	45.5422	5.954842	3.0	0.04895	1.04997	6.0	97.979522	0.621211	4.0	81.757091	13.655672000000001	3.0	38.245078	6.153725	6.0	91.92673	1.6903689999999998	1.0	0.153859	4.433758	5.0	6.845772	1.622477	3.0	71.860382	12.933923	5.0	63.332815000000004
7508.0	3.0	92.84083000000001	23.843495	44.756849	16.050325	0.757605	0.386734	0.43744399999999994	0.98608	22.874314000000002	6.0	77.969029	3.7249199999999996	4.0	0.016296	0.548659	6.0	80.308675	4.213569000000001	5.0	91.74206099999999	5.076436	5.0	98.02742099999999	21.672253	6.0	36.810462	12.818482000000001	3.0	0.019653	4.397494	4.0	23.281197	3.652672	5.0	38.164495	24.832016	6.0	36.356657
7531.0	3.0	10.595618	11.614271	91.02535999999999	3.3271050000000004	0.474605	0.196938	0.403043	0.776055	0.9973879999999999	6.0	8.662519	23.316582999999998	4.0	0.019001	1.2582790000000001	5.0	75.671521	2.0215490000000003	4.0	98.012491	16.045645999999998	5.0	19.881911	16.54993	4.0	31.956108	20.792531	6.0	0.033104	5.5315330000000005	4.0	23.452184	4.889499	2.0	29.058364	17.802639000000003	5.0	39.504775
7647.0	3.0	62.005511	82.556329	7.656274000000001	18.084963000000002	0.930183	0.8521540000000001	0.53887	0.5028130000000001	0.248995	3.0	66.448233	25.605342	2.0	0.010084000000000001	0.453779	4.0	48.411253	4.301806	1.0	80.29470699999999	23.291957999999997	6.0	71.764095	10.505133	6.0	71.507079	18.109172	4.0	0.033121	0.510193	6.0	93.10670400000001	1.517515	1.0	53.71906	22.814219	2.0	35.112902000000005
7688.0	3.0	82.95859399999999	59.108534999999996	19.805982999999998	2.174414	0.986576	0.965457	0.751077	0.33114	20.183007999999997	2.0	19.574385999999997	22.909961	3.0	0.02525	2.527311	6.0	22.942343	3.5326980000000003	1.0	25.637946	13.786612	6.0	25.551133	2.995346	6.0	50.639624	3.6005800000000003	4.0	0.019191	0.24375500000000003	3.0	19.227452	0.529967	5.0	82.212184	7.900163	2.0	14.323270999999998
7881.0	3.0	62.232487	81.805739	3.5436010000000002	39.094602	0.9001979999999999	0.816473	0.492655	0.9086719999999999	10.981517	6.0	6.759183999999999	8.393055	4.0	0.019197	4.283224	5.0	14.905548999999999	0.361427	5.0	69.16955300000001	5.757605	5.0	76.892093	5.987744999999999	4.0	7.186785	5.313251	6.0	0.051399	5.215912	1.0	85.87787900000001	5.252321	1.0	70.119331	7.442669	3.0	72.84261500000001
7990.0	3.0	75.22057	14.299767000000001	42.841228	10.297013	0.562938	0.773958	0.22821100000000002	0.999533	20.379685000000002	4.0	16.19383	20.549364	4.0	0.029719	3.921239	3.0	37.120534	6.253755	6.0	75.97689	9.363097999999999	6.0	9.293781	15.769756	3.0	82.421513	13.966928	2.0	0.022064	2.231236	1.0	79.548936	5.260175	5.0	25.251832999999998	7.790541999999999	2.0	22.145757999999997
8052.0	3.0	15.822953	74.876553	29.068894	7.902294	0.112475	0.996075	0.581087	0.706865	4.312206	2.0	9.097662	8.966453	4.0	0.010490000000000001	5.499356	5.0	84.971593	4.393285	2.0	54.144296999999995	0.892699	3.0	26.582937	6.908461999999999	6.0	68.882828	19.604526	1.0	0.011228	5.478193	4.0	55.666035	4.072566999999999	2.0	66.345979	16.59891	5.0	60.587904
8355.0	3.0	81.800442	48.431123	2.055007	74.40565699999999	0.833307	0.394619	0.61961	0.268557	16.007956	6.0	57.212773	3.399047	5.0	0.010715	0.346366	3.0	92.30233199999999	5.626926	5.0	93.321761	1.530785	6.0	75.830292	4.387608999999999	6.0	98.429546	17.951052	5.0	0.017464	4.021138	2.0	45.908346	4.531546	5.0	87.870828	1.902025	3.0	5.908643
8362.0	3.0	42.672823	82.316848	2.78515	97.447857	0.28249	0.229458	0.670583	0.129636	12.788095	2.0	83.446721	23.593617000000002	1.0	0.029708999999999996	3.141177	5.0	79.153784	3.212717	5.0	83.25678	14.151056	2.0	81.061982	4.889323	4.0	6.332918	14.618503	1.0	0.012912	2.9758	5.0	83.104076	3.01512	1.0	75.292907	11.17585	1.0	72.266521
8370.0	3.0	97.098325	20.966093	16.837516	7.116322	0.678347	0.338962	0.902418	0.755575	16.829228	5.0	19.050301	1.417607	3.0	0.025720999999999997	3.625828	5.0	75.470711	0.44609399999999994	4.0	11.508322999999999	21.603939	5.0	57.276951000000004	22.468394	1.0	90.803597	9.1243	2.0	0.167768	4.129526	2.0	67.09294200000001	1.8879970000000001	3.0	13.386476000000002	1.908146	2.0	52.95776
8515.0	3.0	19.094835999999997	29.024171999999997	80.240087	2.515349	0.726654	0.5813050000000001	0.594813	0.3982	20.57074	1.0	30.738108	17.655237	1.0	0.01277	1.177824	6.0	26.417371999999997	1.389048	5.0	69.028191	9.967551	6.0	21.230334	4.123424	4.0	86.087642	16.49259	3.0	0.021519	2.154143	2.0	81.832724	3.850254	6.0	83.24864000000001	20.450423999999998	4.0	43.625671000000004
8699.0	3.0	75.769665	58.244795999999994	21.46698	3.555821	0.24525	0.9534969999999999	0.339907	0.547465	16.673464000000003	3.0	8.743521000000001	21.29084	3.0	0.011608	5.807771	5.0	90.481123	2.735207	5.0	53.18938299999999	8.651195	3.0	95.874936	12.886271	3.0	12.428125999999999	10.709363	6.0	0.011016	3.583278	6.0	17.608296	4.675258	4.0	55.555671	21.962972	1.0	16.434475
8954.0	3.0	79.120008	16.801503	40.869096	2.0123	0.260626	0.690397	0.9689719999999999	0.9900540000000001	19.421224	4.0	86.257039	11.517974	3.0	0.037142	1.036772	2.0	54.078846	1.35264	2.0	17.043723999999997	5.432239	3.0	35.449145	17.368069000000002	6.0	77.41321500000001	0.697231	3.0	0.852351	3.93152	5.0	63.831320999999996	1.195296	2.0	43.183885	16.984661	3.0	49.362002000000004
9157.0	3.0	32.535121999999994	58.160858999999995	16.494557999999998	5.7576529999999995	0.165166	0.43172	0.476025	0.41875500000000004	17.575288	6.0	36.02259	9.719894	1.0	0.038452999999999994	1.7149419999999997	3.0	70.962017	0.8603049999999999	3.0	48.166833000000004	18.958779	6.0	56.699096	25.198549	2.0	88.004573	6.373819999999999	1.0	0.013055	1.5402040000000001	6.0	45.768193	5.497381	4.0	37.888822999999995	5.36179	5.0	33.327933
9519.0	3.0	64.539408	66.969356	95.074248	2.9262099999999998	0.989815	0.366679	0.31806599999999996	0.577099	6.482031	5.0	69.532752	6.6118820000000005	1.0	0.010818000000000001	1.128361	1.0	1.149407	1.092479	3.0	74.872323	19.7423	4.0	55.113986	23.185719	1.0	79.939954	21.022373	4.0	0.019278	3.6541449999999998	1.0	35.044762	1.441206	2.0	12.72056	19.595534	2.0	71.73598
9714.0	3.0	54.645222	62.837363	12.884751	1.19941	0.426745	0.639732	0.179079	0.54485	2.0133400000000004	6.0	6.596176	20.850476	1.0	0.011868	5.895358	3.0	23.983647	2.374016	3.0	80.629396	22.944848	5.0	43.144327000000004	14.410766	6.0	76.018563	23.061789	3.0	0.010026	4.084905	5.0	42.020204	2.455948	5.0	27.534751	12.800697999999999	3.0	1.0552780000000002
9821.0	3.0	95.50917199999999	96.96650799999999	63.428948	10.604811	0.346022	0.822293	0.41952	0.636644	20.77455	6.0	6.289651999999999	10.484577999999999	1.0	0.11841600000000001	4.8395980000000005	3.0	66.472311	4.10152	6.0	2.931016	10.447409	6.0	60.612779	23.487137	2.0	99.103763	0.6400239999999999	6.0	0.030135000000000002	5.846015	2.0	63.633947	4.258457	5.0	1.561987	9.621912	3.0	20.832447
9859.0	3.0	56.62810699999999	24.981887	9.001213	4.334079	0.693292	0.221944	0.9159120000000001	0.72412	5.154822	2.0	90.03460799999999	19.596885999999998	3.0	0.018524000000000002	5.008204	4.0	65.84452900000001	1.779939	4.0	52.734213000000004	18.564626999999998	5.0	39.622775	18.842409	3.0	68.418532	14.609724	4.0	0.04049	2.0456540000000003	3.0	79.26079	2.63062	1.0	48.455201	12.303599	2.0	19.446486
9939.0	3.0	57.804997	38.389979	2.191105	25.32995	0.5304989999999999	0.731164	0.26095999999999997	0.173769	14.758761999999999	4.0	53.598742	20.986353	4.0	0.011781	0.19404200000000002	4.0	70.203273	0.42097299999999993	4.0	9.761056	19.572143	5.0	66.238157	1.53233	2.0	56.261424	4.333679	5.0	0.048111	5.829212	2.0	41.815263	4.876672	2.0	33.194274	13.838064000000001	1.0	86.065836
