9.0	4.0	96.858496	42.856027000000005	14.542776000000002	52.228313	0.260309	0.530961	0.178635	0.48134799999999994	11.763391	6.0	21.952128	20.233303	4.0	0.01563	3.343748	5.0	71.28705500000001	12.885684	4.0	93.966474	11.380493	4.0	7.275322	19.748527	1.0	0.064652	13.373028	3.0	56.866677	7.124414	3.0	32.316753999999996
72.0	4.0	76.835306	14.723178	80.360869	77.73089399999999	0.9621559999999999	0.505514	0.117093	0.891602	8.701728999999998	1.0	80.65084	21.851047	3.0	0.011857	0.489079	6.0	35.63145	4.515721	6.0	21.814954	10.380466	2.0	78.451824	19.15161	2.0	0.033625999999999996	9.705442999999999	2.0	11.837142	15.011632999999998	4.0	33.2012
144.0	4.0	42.407722	4.99654	79.135784	29.550263	0.389404	0.31304499999999996	0.725821	0.8407709999999999	7.8644229999999995	2.0	48.00512	12.569906	1.0	0.016915	12.949728	1.0	68.95472	3.6462779999999997	3.0	80.459637	5.065765	1.0	16.881425	18.245632999999998	3.0	0.019918	6.889428	1.0	56.580583	13.582846	2.0	62.759974
229.0	4.0	96.661106	52.201221000000004	78.609607	35.907837	0.220336	0.534556	0.185326	0.407883	20.375635	5.0	94.552198	19.060356	2.0	0.015372	16.151513	6.0	4.717969	21.282132	1.0	25.354176000000002	16.853031	1.0	52.089562	22.820879	6.0	0.071786	1.813343	6.0	87.609561	6.01512	5.0	97.384396
436.0	4.0	23.215195	53.167753000000005	93.1094	54.801019	0.345393	0.531148	0.19611800000000001	0.990757	9.603572999999999	5.0	55.904654	18.313447	1.0	0.02537	16.42747	5.0	95.716697	0.35997399999999996	3.0	39.114737	3.124094	1.0	66.331078	10.058365	2.0	0.019936000000000002	4.219736	5.0	20.577652	22.984849	4.0	49.463751
504.0	4.0	71.382426	32.964894	95.642995	26.525877	0.442983	0.402688	0.115496	0.501342	20.993234	6.0	56.032813	17.266935999999998	1.0	0.015955	9.823213	1.0	65.643214	8.553329	3.0	39.134617999999996	23.138118	6.0	23.99101	3.7460760000000004	6.0	0.011565	0.7231380000000001	2.0	36.878963	20.390057000000002	6.0	51.449489
615.0	4.0	44.552169	50.903795	75.54369399999999	96.90320899999999	0.907609	0.28331100000000004	0.6107319999999999	0.481149	3.3485400000000003	4.0	66.21392900000001	22.831381	3.0	0.01217	5.661318	2.0	78.510109	23.135412	3.0	59.632794999999994	1.6435279999999999	5.0	35.654996999999995	13.716123999999999	1.0	0.105304	1.160949	4.0	81.26084200000001	23.767488	4.0	82.765861
897.0	4.0	53.897693999999994	25.381711	79.012497	47.464079	0.950942	0.738603	0.8371209999999999	0.5832350000000001	11.961466999999999	3.0	92.347509	10.313292	2.0	0.201222	6.627427000000001	1.0	33.852786	0.8576010000000001	6.0	39.749967	1.8835240000000002	5.0	9.040275999999999	19.775968	2.0	0.013465999999999999	14.388748000000001	1.0	5.755688	7.52088	3.0	40.935922
1180.0	4.0	76.86662	78.82937199999999	89.708924	93.727626	0.670249	0.939499	0.16436199999999998	0.7014729999999999	2.1835240000000002	6.0	27.80903	14.102045	2.0	0.016096	6.999128999999999	1.0	94.164506	13.756932	6.0	26.400603000000004	16.323441	1.0	27.370984999999997	13.535882	6.0	0.022955	8.293367	2.0	31.652709	13.365298999999998	6.0	43.74842
1238.0	4.0	10.109661000000001	92.729775	74.436998	51.577303	0.8254389999999999	0.7255739999999999	0.216448	0.638826	19.346849	3.0	97.687919	19.264521	5.0	0.020092	7.7550289999999995	2.0	58.538503000000006	14.901114999999999	4.0	99.94372	4.110645	2.0	75.127012	19.374726000000003	2.0	0.07510700000000001	5.606394	3.0	67.135373	22.59083	4.0	20.899337
1315.0	4.0	45.588339000000005	63.481815000000005	57.72725500000001	82.84713599999999	0.5990439999999999	0.654351	0.33215100000000003	0.8034319999999999	23.572784	3.0	81.536987	11.472002	6.0	0.025992	7.770888	3.0	6.751036999999999	3.711649	5.0	42.588611	10.423552	2.0	26.019164	15.717587	2.0	0.019386	3.984883	1.0	46.46847	22.883824	6.0	36.212381
1348.0	4.0	71.852114	78.444864	97.641286	21.540008	0.989193	0.739383	0.191867	0.43181899999999995	11.718187	5.0	94.216412	12.228326	4.0	0.050822000000000006	2.813314	5.0	61.518257	3.723747	6.0	10.798219	5.800862	6.0	52.876563	15.600762	2.0	0.023316	7.803008999999999	4.0	99.48635999999999	19.016832	5.0	87.795771
1533.0	4.0	79.090762	63.806357999999996	66.849514	88.56934	0.233397	0.891774	0.285637	0.843566	11.758610000000001	2.0	64.702516	10.166901	1.0	0.04868	17.736157000000002	3.0	18.829496	6.9403880000000004	1.0	57.962727	18.062854	3.0	11.023024000000001	11.780422	5.0	0.07358300000000001	16.611210999999997	1.0	71.74347	9.097329	5.0	84.42051500000001
1584.0	4.0	75.167443	34.671595	94.317368	84.335741	0.591613	0.9857950000000001	0.20213599999999998	0.611244	22.938983	1.0	23.455855	9.778613	5.0	0.045354000000000005	6.2477480000000005	1.0	45.816311	7.188469	3.0	90.234672	1.418649	5.0	97.41800699999999	14.272146	4.0	0.016405	5.918744	3.0	6.360823	23.562507	5.0	71.07270799999999
1643.0	4.0	28.060158	10.810275	75.398119	58.321447	0.35887199999999997	0.205571	0.123678	0.211227	17.622946	5.0	89.57888299999999	1.868457	2.0	0.113034	5.934695	4.0	67.36527199999999	9.925508	5.0	29.767605	4.5743	3.0	9.837477	11.572526	2.0	0.056665	13.028697	5.0	47.707988	22.156403	4.0	75.39562099999999
1874.0	4.0	14.074710000000001	39.571095	88.034713	69.587953	0.108304	0.446851	0.50865	0.716155	6.093542	4.0	37.711870000000005	25.207864	1.0	0.015011000000000002	9.8934	6.0	53.011203	16.384168	2.0	78.324464	11.855186	6.0	2.729777	13.454182999999999	5.0	0.08443099999999999	15.688538000000001	4.0	3.6225739999999997	7.102321000000001	6.0	43.275421
2230.0	4.0	17.340897000000002	80.667469	86.93328100000001	14.152554	0.432068	0.134052	0.205315	0.444913	4.595557	5.0	49.210082	0.496914	3.0	0.07406900000000001	3.007558	1.0	81.1274	8.841754	3.0	35.555341	12.249133	1.0	64.61616500000001	23.97539	3.0	0.094403	12.812764	6.0	50.444281	16.062402	3.0	7.294269
2439.0	4.0	63.362788	53.873141000000004	68.009134	47.924365	0.367871	0.926358	0.743963	0.530728	1.372168	2.0	78.863091	6.516041	3.0	0.024549	4.996999	1.0	8.698238	16.323339999999998	6.0	67.551109	11.364491000000001	3.0	3.1556509999999998	24.301966	2.0	0.055113	11.670914	2.0	97.640132	20.908804	5.0	86.875466
2534.0	4.0	41.99818	11.673778	98.773222	30.137598999999998	0.169096	0.609217	0.16872	0.646125	4.22155	5.0	26.111342999999998	18.661382	5.0	0.020256	3.039931	6.0	53.350809	8.031295	2.0	45.705765	9.009838	5.0	61.501721999999994	17.406995000000002	2.0	0.035374	5.559405	3.0	31.773484999999997	18.439531	4.0	58.287378000000004
2587.0	4.0	3.017202	97.41075	56.873463	33.879799	0.853096	0.446241	0.35032399999999997	0.366736	14.868216	3.0	58.81545500000001	4.382184	3.0	0.012758	15.585975	1.0	15.165988	4.305592	6.0	74.408165	16.715227	6.0	11.914577	22.278978	2.0	0.014717	15.902575	5.0	32.589876000000004	11.019792	6.0	35.94897
2591.0	4.0	20.530426000000002	22.50996	92.767557	41.03658	0.25973	0.762842	0.22734000000000001	0.34089899999999995	9.651944	1.0	73.17291800000001	22.291511	1.0	0.021677000000000002	2.496983	1.0	94.29411	4.812912	5.0	63.561329	11.05223	5.0	25.617224	19.442193	2.0	0.052993	10.691706	4.0	49.609906	6.977399	5.0	81.368998
2687.0	4.0	13.377612	19.585599	62.698744	56.68446899999999	0.9037860000000001	0.11740899999999999	0.131022	0.466417	4.714594	6.0	52.226154	9.136412	4.0	0.09988999999999999	0.91848	5.0	7.729544000000001	8.287805	4.0	46.770663	6.676508999999999	6.0	31.370499	22.255432	1.0	0.06164	14.809992000000001	2.0	96.250376	5.824611	6.0	86.143947
2977.0	4.0	32.599228000000004	21.934985	50.242934000000005	6.903828999999999	0.831342	0.553688	0.186852	0.664275	21.248909	6.0	81.28747299999999	10.424772	2.0	0.061689999999999995	7.058742	6.0	9.300513	19.738495999999998	5.0	82.05673399999999	11.679506	3.0	10.957805	14.055137	2.0	0.012442	3.8693839999999997	2.0	38.430042	1.6124459999999998	4.0	68.849233
3426.0	4.0	82.739681	93.234149	94.818658	55.02645699999999	0.9511709999999999	0.49264399999999997	0.34423400000000004	0.644586	4.695001	3.0	87.538946	5.683611	5.0	0.018504	6.172111	3.0	21.081378	5.94187	6.0	39.301527	5.38501	2.0	42.520607	12.474229	2.0	0.012098000000000001	2.809031	4.0	90.465716	18.381473	3.0	51.448257
3826.0	4.0	65.602404	70.774147	95.014802	37.443558	0.254319	0.823109	0.125365	0.656111	6.6672910000000005	3.0	65.318951	25.031699	4.0	0.013534000000000001	17.111098000000002	4.0	76.23635999999999	12.880001	4.0	75.866005	13.815807999999999	1.0	68.19373399999999	3.738918	1.0	0.021440999999999998	13.009533	1.0	11.61058	11.180284	4.0	70.319241
3851.0	4.0	97.754322	17.098731	90.366884	35.710503	0.834717	0.24860900000000002	0.527084	0.34560100000000005	5.971723	4.0	28.545489	17.550126000000002	3.0	0.287798	6.143217	4.0	40.01532	10.843637	4.0	73.34427099999999	12.362042	1.0	26.526089000000002	20.105627	1.0	0.02143	13.361084	2.0	77.19188299999999	12.873032	6.0	95.844974
4071.0	4.0	90.29411400000001	56.915521999999996	12.747174000000001	14.783698000000001	0.560968	0.295513	0.630674	0.163907	10.718967	6.0	16.196316	21.119276	2.0	0.039279	11.172374000000001	6.0	76.455602	21.860803	3.0	35.709545	5.050368	3.0	2.123636	18.064458	4.0	0.71704	1.384493	4.0	20.744298	23.469023999999997	3.0	96.606942
4109.0	4.0	74.691051	28.864775	88.934741	57.346793000000005	0.810358	0.538293	0.908984	0.5438470000000001	14.69651	6.0	43.292621000000004	23.028787	1.0	0.011836	8.33378	5.0	44.804904	22.066132999999997	1.0	35.791841	2.940993	2.0	28.125238	11.762847	1.0	0.010702	5.791968	2.0	99.733088	14.581960999999998	4.0	69.446957
4203.0	4.0	14.454734	52.967257	55.08811600000001	28.740140000000004	0.113232	0.31091799999999997	0.136974	0.22495199999999999	21.839661	2.0	29.203903999999998	2.409691	4.0	0.047707	5.853826000000001	6.0	40.339811	20.047732	4.0	4.794223000000001	24.874666	2.0	11.97076	2.256186	1.0	0.051387999999999996	14.388581	4.0	48.845003999999996	14.920016	4.0	43.307666999999995
4520.0	4.0	94.722871	39.322109000000005	87.642114	87.406746	0.38510300000000003	0.342844	0.10105900000000001	0.705852	4.066537	1.0	51.876559	22.664419	5.0	0.045071	1.932491	1.0	90.137825	14.862263	3.0	95.518203	15.377873999999998	1.0	4.273479	4.730611	5.0	0.026260000000000002	11.787169	2.0	25.219331	9.634436	6.0	88.45421800000001
4701.0	4.0	60.72704399999999	59.500299	47.546251	52.820207999999994	0.282466	0.790899	0.11928599999999999	0.204815	0.692257	5.0	8.412158	22.232387	1.0	0.025791	6.521909	3.0	97.098575	17.611675	6.0	50.948522	19.41839	6.0	20.342883	11.217245	1.0	0.011137000000000001	7.954916000000001	6.0	98.403415	12.901938000000001	4.0	71.366527
4879.0	4.0	63.101255	89.556531	97.431073	81.34227	0.742157	0.683764	0.9117870000000001	0.455872	2.214727	1.0	19.219062	6.1097779999999995	6.0	0.028999	13.825589	2.0	3.579416	16.428729	5.0	65.270691	3.859695	1.0	16.898072	23.691303	1.0	0.011007	9.344679	2.0	35.753759	23.547929	6.0	55.153242000000006
4971.0	4.0	66.606039	28.455340000000003	77.25716	37.337719	0.319844	0.634039	0.654122	0.152668	4.8771510000000005	2.0	54.636984999999996	14.192939	1.0	0.012684	1.087517	4.0	53.639964	14.190764000000001	6.0	10.232956	0.95825	3.0	45.953113	4.13782	6.0	0.12781700000000001	14.129467000000002	5.0	21.212197	9.323294	5.0	20.446008
5082.0	4.0	15.607648000000001	29.422127000000003	6.932413	45.938802	0.7319640000000001	0.7383350000000001	0.24463800000000002	0.665219	2.232211	6.0	87.68679399999999	3.637746	3.0	0.11954000000000001	4.550909	2.0	69.143589	1.6775849999999999	3.0	16.002465	0.334834	1.0	36.30668	13.398954999999999	6.0	0.040927	10.572411	4.0	62.49099399999999	13.640604999999999	6.0	27.257696000000003
5140.0	4.0	58.964376	52.025182	93.742863	60.929376	0.746696	0.326864	0.362622	0.428595	15.386323	3.0	30.423125	15.659310000000001	1.0	0.011061	5.688271	2.0	26.426965999999997	21.703699	5.0	65.23958	1.834234	3.0	41.497133000000005	7.81618	1.0	0.014445	5.692908	3.0	91.79150899999999	18.01037	5.0	93.877452
5254.0	4.0	25.253748	50.844120000000004	89.408475	93.131361	0.215502	0.720178	0.217669	0.26114699999999996	15.961694	3.0	82.493315	0.37144699999999997	5.0	0.032482	3.086943	3.0	92.010012	1.169381	2.0	15.520710999999999	11.772663	2.0	29.888185999999997	9.356883999999999	3.0	0.014652000000000002	11.178533	2.0	9.676017	13.474561999999999	6.0	85.16627700000001
5735.0	4.0	57.748738	60.596105	39.107959	62.243487	0.54198	0.863142	0.379925	0.68166	16.91603	5.0	39.697486	17.221943	2.0	0.016153999999999998	4.7104	5.0	69.98105699999999	6.421376	4.0	6.664182	14.657251	6.0	2.3628810000000002	22.597972	2.0	0.011124	5.957126000000001	6.0	81.743604	18.758671	4.0	44.223583000000005
6077.0	4.0	98.342864	68.818722	72.101578	36.61864	0.44857600000000003	0.19888599999999998	0.743677	0.682802	6.7961089999999995	6.0	75.45589	5.8856459999999995	6.0	0.011068999999999999	8.31902	5.0	62.122116000000005	24.187669	5.0	40.172394	0.713967	6.0	78.01921899999999	12.636619999999999	5.0	0.17052	4.9495510000000005	4.0	27.113231	18.307308	6.0	28.114797999999997
6150.0	4.0	95.157606	40.447344	55.838473	96.754345	0.96205	0.534782	0.17569200000000001	0.804016	9.728558	6.0	39.381857000000004	0.263349	4.0	0.031543	9.250597	1.0	56.271213	0.426066	6.0	81.609561	17.358931	4.0	84.00458	9.291095	5.0	0.010443000000000001	0.240877	5.0	44.745082000000004	4.150535	6.0	62.683463
6167.0	4.0	51.987299	91.087745	58.083659999999995	67.062646	0.193386	0.660313	0.460434	0.678303	23.9544	5.0	56.316863	13.057775999999999	2.0	0.021394	16.441892000000003	5.0	10.268419999999999	6.283653	6.0	38.602001	1.6066610000000001	1.0	60.196425	4.74071	4.0	0.128893	1.246646	5.0	66.195612	12.921365	6.0	53.60704200000001
6249.0	4.0	57.745172	12.373128	26.659464	98.34691099999999	0.523898	0.678621	0.589422	0.7663220000000001	0.605422	2.0	79.057705	22.419810000000002	6.0	0.05352899999999999	3.4340870000000003	5.0	49.871815999999995	3.991345	4.0	13.977920000000001	15.351011999999999	1.0	69.812389	11.670304	1.0	0.01037	0.23487	1.0	96.319474	16.745688	6.0	77.14084
6365.0	4.0	91.66958000000001	23.390184	39.845352	55.489591000000004	0.768505	0.500088	0.153204	0.989826	3.2420259999999996	4.0	51.004808000000004	16.70194	2.0	0.011731	4.640443	6.0	96.542282	5.119157	3.0	89.703132	16.666016	2.0	24.063845	11.183389	2.0	0.053264	0.8787379999999999	2.0	50.027759	13.630289999999999	5.0	22.342571
6475.0	4.0	28.462625	22.42357	65.189414	35.369960999999996	0.18770799999999999	0.32855100000000004	0.23381	0.33381500000000003	4.193329	6.0	51.432955	21.256262	3.0	0.019506	5.051639	2.0	88.746424	12.494813	5.0	34.786495	1.402988	1.0	50.17488	9.539436	1.0	0.014471000000000001	12.270974	3.0	76.28353	10.738425999999999	5.0	35.862045
6612.0	4.0	50.299335	87.742209	87.779439	38.309945	0.8968940000000001	0.555901	0.451481	0.842405	16.796832000000002	2.0	21.847675	16.693922	1.0	0.011686	16.187627	2.0	7.839713000000001	24.334848	5.0	50.332039	16.276046	3.0	15.268163000000001	15.801516000000001	2.0	0.0765	0.292324	2.0	10.360783	8.191549	4.0	79.442932
6896.0	4.0	70.859875	63.424841	81.039838	66.20528900000001	0.933966	0.9270120000000001	0.380176	0.9296209999999999	3.2233560000000003	2.0	54.389987	5.249585	4.0	0.031285	2.254922	2.0	41.022934	6.916875	5.0	91.924715	2.509389	2.0	20.912791	14.338888	3.0	0.010234	5.579784	1.0	32.695535	15.499137	5.0	33.424186
6906.0	4.0	94.772403	7.611474	57.903870999999995	41.75477	0.24573299999999998	0.23623000000000002	0.26409099999999996	0.832274	4.593373000000001	4.0	37.199665	7.346706	1.0	0.017478999999999998	9.99141	4.0	46.429946	15.265609	4.0	70.25516999999999	8.72852	2.0	11.34118	12.475309	5.0	0.06034	6.0816	2.0	51.328438	22.524551000000002	6.0	76.24138
6933.0	4.0	42.783284	93.91448000000001	56.680581999999994	20.390715	0.9797049999999999	0.403567	0.11853399999999999	0.158279	18.629671	4.0	23.301012	6.087699	4.0	0.015472	16.838988	5.0	14.126207	4.509661	2.0	52.721318000000004	17.925678	6.0	38.784131	9.122471	4.0	0.010889	13.406675	3.0	13.839082000000001	7.874956	5.0	55.977121
7060.0	4.0	41.960117	64.26912	81.704134	56.99949300000001	0.23632899999999998	0.808921	0.163454	0.41305200000000003	4.825003	5.0	10.859733	7.743334	3.0	0.01409	1.9545150000000002	6.0	73.91892800000001	17.616004999999998	5.0	46.640627	3.2798529999999997	2.0	98.586156	20.755987	3.0	0.011323	16.188760000000002	2.0	7.38732	18.427968	3.0	64.878476
7079.0	4.0	62.733996	77.252199	82.128508	20.952809	0.357598	0.45098699999999997	0.26512600000000003	0.926675	6.798121000000001	5.0	8.268168	21.398016000000002	1.0	0.05055	12.478082	5.0	18.46419	19.656629000000002	3.0	91.212117	1.2110610000000002	4.0	13.701562	10.313283	4.0	0.100313	5.132037	3.0	93.196893	9.037347	3.0	23.282044
7193.0	4.0	97.742716	57.091225	73.086851	78.627489	0.54751	0.7065279999999999	0.23944200000000002	0.860867	14.120970000000002	4.0	29.165305	25.262303	5.0	0.033365	3.893102	2.0	76.905124	13.235744	5.0	98.91940600000001	14.596418	1.0	68.216252	20.229107	3.0	0.02781	4.1105279999999995	5.0	86.53902	18.038339999999998	5.0	41.094914
7622.0	4.0	25.754041	48.234775	95.546805	44.456881	0.609714	0.9464969999999999	0.25238499999999997	0.658217	12.222203	5.0	40.748632	19.089401000000002	2.0	0.021093	5.219371	3.0	2.214516	12.715266	5.0	43.862906	16.227192000000002	1.0	90.494214	20.083672	1.0	0.252689	17.464492	1.0	24.284564000000003	6.692713	5.0	56.342119999999994
7661.0	4.0	66.624009	58.48705699999999	85.333242	23.91518	0.633731	0.9437780000000001	0.720593	0.24507199999999998	19.127709	5.0	98.035914	20.043184	1.0	0.01913	10.624272	5.0	75.882628	8.203322	5.0	95.241591	11.451054	6.0	10.504431	3.247652	6.0	0.133945	11.20918	1.0	15.114287	21.256288	6.0	50.914606
7837.0	4.0	25.461817	95.628852	96.41846899999999	46.148546	0.822677	0.484095	0.49416499999999997	0.7208760000000001	6.422232	4.0	73.126076	23.527907	3.0	0.015314	5.066525	2.0	41.227702	6.703355999999999	1.0	59.864270999999995	2.707132	6.0	18.758632000000002	8.923869	5.0	0.431091	10.954799000000001	5.0	77.869034	21.206027	5.0	41.50848
8192.0	4.0	21.626716000000002	21.864241	67.98194000000001	58.807665	0.754446	0.189506	0.111019	0.6396890000000001	0.726047	6.0	56.40164	15.826695	5.0	0.011364	14.025862	2.0	64.208606	23.587776	1.0	27.731749	4.03108	2.0	97.816795	7.840017	1.0	0.085017	8.8953	4.0	46.03155	17.322888	5.0	21.817255
8207.0	4.0	78.21751400000001	48.251319	26.186475	74.59099599999999	0.7239770000000001	0.620482	0.150891	0.642352	5.526014	6.0	80.504873	5.586581	6.0	0.011612	0.879798	3.0	45.476233	0.556275	5.0	95.968622	19.172141	2.0	8.662056	18.847554000000002	1.0	0.028725	13.666314999999999	1.0	33.875999	3.3506339999999994	6.0	77.640677
8787.0	4.0	36.688169	90.316634	78.475911	31.387957	0.101341	0.41862299999999997	0.803729	0.131305	3.068116	1.0	19.852101	24.382918	4.0	0.010042	14.334774	1.0	28.533483	22.121404000000002	6.0	94.268671	18.490866	5.0	3.201867	15.021585	1.0	0.021758	10.276512	2.0	53.696419999999996	14.717769	5.0	58.031275
9057.0	4.0	38.239852	24.763285999999997	46.069677	62.823933999999994	0.15573399999999998	0.729309	0.5989800000000001	0.388959	15.30771	1.0	53.728142000000005	14.119933999999999	5.0	0.153894	13.884914000000002	5.0	2.599126	13.521851000000002	6.0	38.610121	16.533626	5.0	3.851549	24.225072	5.0	0.23379499999999998	9.34553	5.0	56.356404000000005	12.987166	6.0	46.652082
9147.0	4.0	90.50856800000001	62.599934999999995	90.678493	69.945897	0.36035700000000004	0.8315100000000001	0.48205	0.347104	15.986001000000002	4.0	9.636523	0.5844659999999999	3.0	0.018119	6.853249000000001	5.0	79.67698299999999	15.309254000000001	2.0	53.829694999999994	1.564804	4.0	37.614045000000004	16.442899	1.0	0.016497	15.737870000000001	1.0	89.90446700000001	11.907505	5.0	69.22606400000001
9308.0	4.0	33.029644	21.257379	61.209813	96.31244699999999	0.548906	0.9905780000000001	0.8161970000000001	0.744891	3.985877	2.0	70.449991	16.019981	2.0	0.011093	14.124951999999999	4.0	60.352691	6.782609	4.0	83.614133	0.909158	2.0	92.94796600000001	16.073888	5.0	0.011978	2.159441	3.0	91.17809100000001	13.985307999999998	3.0	81.522473
9324.0	4.0	97.036411	54.708521999999995	96.696241	96.165679	0.109044	0.254573	0.352031	0.708359	19.006042	6.0	42.348321	2.028455	5.0	0.012289	0.560804	5.0	15.396378	12.969586999999999	6.0	56.403218	25.247492	2.0	24.296143	19.498197	4.0	0.036062000000000004	6.645821000000001	6.0	18.069256	21.083578	5.0	35.478092
9380.0	4.0	71.485777	33.437127000000004	74.305113	71.73125999999999	0.607047	0.294488	0.870309	0.9804370000000001	4.628475	2.0	67.649569	17.959239999999998	1.0	0.015106999999999999	17.820534	4.0	81.197693	21.222876	1.0	33.800477	6.530496	1.0	59.809316	20.182794	5.0	0.146473	8.755939	3.0	16.354706	8.78535	6.0	38.00508
9392.0	4.0	19.906304000000002	59.389809	36.716029999999996	48.919588	0.524217	0.507798	0.16766	0.80064	16.126645	6.0	16.653487	14.223189999999999	3.0	0.08174	7.256532000000001	1.0	78.61484200000001	1.417632	3.0	78.527695	19.864555	6.0	9.025898	10.111099000000001	4.0	0.043985	0.21391500000000002	4.0	92.86265300000001	19.766504	6.0	90.633418
9463.0	4.0	48.909864	32.872609000000004	29.35022	87.980141	0.42704	0.213125	0.29044899999999996	0.541321	9.306111999999999	2.0	70.52370400000001	11.552297	3.0	0.010068	1.0835190000000001	3.0	44.575860999999996	13.024147	5.0	79.076299	23.037078	1.0	6.334105999999999	15.009017000000002	5.0	0.135434	1.690031	4.0	99.22296700000001	18.779465	5.0	37.715462
9505.0	4.0	76.26382199999999	36.095603999999994	51.17158	98.29601600000001	0.321187	0.942908	0.652972	0.9374100000000001	17.697742	5.0	34.89353	21.088442999999998	1.0	0.015594	0.257431	4.0	5.044762	14.048829000000001	6.0	60.897544999999994	23.173837	3.0	6.32944	5.459039	1.0	0.013068999999999999	8.934645	3.0	21.862835	16.092071	5.0	63.951162
9683.0	4.0	65.039643	82.914755	63.553425	26.553688	0.215356	0.15487	0.171598	0.326509	15.493045	4.0	71.689215	4.720967	5.0	0.011511	13.794156	4.0	19.568170000000002	9.876136	5.0	60.767449	12.003945	1.0	5.498811	16.087836	5.0	0.010412000000000001	4.738305	6.0	33.020112	4.624415	6.0	72.71797600000001
9710.0	4.0	29.167338	96.085114	49.558256	22.127681	0.743984	0.46429799999999993	0.536767	0.938688	4.089767	5.0	66.766063	18.129277	6.0	0.040878	3.060942	4.0	18.296607	11.632557	4.0	24.32297	9.410689	1.0	13.856385000000001	17.642782999999998	6.0	0.143761	5.752814	5.0	30.626472999999997	8.272855	4.0	67.191183
9.0	4.0	96.858496	42.856027000000005	14.542776000000002	52.228313	0.260309	0.530961	0.178635	0.48134799999999994	11.763391	6.0	21.952128	20.233303	4.0	0.01563	3.343748	5.0	71.28705500000001	12.885684	4.0	93.966474	11.380493	4.0	7.275322	19.748527	1.0	0.064652	13.373028	3.0	56.866677	7.124414	3.0	32.316753999999996
72.0	4.0	76.835306	14.723178	80.360869	77.73089399999999	0.9621559999999999	0.505514	0.117093	0.891602	8.701728999999998	1.0	80.65084	21.851047	3.0	0.011857	0.489079	6.0	35.63145	4.515721	6.0	21.814954	10.380466	2.0	78.451824	19.15161	2.0	0.033625999999999996	9.705442999999999	2.0	11.837142	15.011632999999998	4.0	33.2012
144.0	4.0	42.407722	4.99654	79.135784	29.550263	0.389404	0.31304499999999996	0.725821	0.8407709999999999	7.8644229999999995	2.0	48.00512	12.569906	1.0	0.016915	12.949728	1.0	68.95472	3.6462779999999997	3.0	80.459637	5.065765	1.0	16.881425	18.245632999999998	3.0	0.019918	6.889428	1.0	56.580583	13.582846	2.0	62.759974
229.0	4.0	96.661106	52.201221000000004	78.609607	35.907837	0.220336	0.534556	0.185326	0.407883	20.375635	5.0	94.552198	19.060356	2.0	0.015372	16.151513	6.0	4.717969	21.282132	1.0	25.354176000000002	16.853031	1.0	52.089562	22.820879	6.0	0.071786	1.813343	6.0	87.609561	6.01512	5.0	97.384396
436.0	4.0	23.215195	53.167753000000005	93.1094	54.801019	0.345393	0.531148	0.19611800000000001	0.990757	9.603572999999999	5.0	55.904654	18.313447	1.0	0.02537	16.42747	5.0	95.716697	0.35997399999999996	3.0	39.114737	3.124094	1.0	66.331078	10.058365	2.0	0.019936000000000002	4.219736	5.0	20.577652	22.984849	4.0	49.463751
504.0	4.0	71.382426	32.964894	95.642995	26.525877	0.442983	0.402688	0.115496	0.501342	20.993234	6.0	56.032813	17.266935999999998	1.0	0.015955	9.823213	1.0	65.643214	8.553329	3.0	39.134617999999996	23.138118	6.0	23.99101	3.7460760000000004	6.0	0.011565	0.7231380000000001	2.0	36.878963	20.390057000000002	6.0	51.449489
615.0	4.0	44.552169	50.903795	75.54369399999999	96.90320899999999	0.907609	0.28331100000000004	0.6107319999999999	0.481149	3.3485400000000003	4.0	66.21392900000001	22.831381	3.0	0.01217	5.661318	2.0	78.510109	23.135412	3.0	59.632794999999994	1.6435279999999999	5.0	35.654996999999995	13.716123999999999	1.0	0.105304	1.160949	4.0	81.26084200000001	23.767488	4.0	82.765861
897.0	4.0	53.897693999999994	25.381711	79.012497	47.464079	0.950942	0.738603	0.8371209999999999	0.5832350000000001	11.961466999999999	3.0	92.347509	10.313292	2.0	0.201222	6.627427000000001	1.0	33.852786	0.8576010000000001	6.0	39.749967	1.8835240000000002	5.0	9.040275999999999	19.775968	2.0	0.013465999999999999	14.388748000000001	1.0	5.755688	7.52088	3.0	40.935922
1180.0	4.0	76.86662	78.82937199999999	89.708924	93.727626	0.670249	0.939499	0.16436199999999998	0.7014729999999999	2.1835240000000002	6.0	27.80903	14.102045	2.0	0.016096	6.999128999999999	1.0	94.164506	13.756932	6.0	26.400603000000004	16.323441	1.0	27.370984999999997	13.535882	6.0	0.022955	8.293367	2.0	31.652709	13.365298999999998	6.0	43.74842
1238.0	4.0	10.109661000000001	92.729775	74.436998	51.577303	0.8254389999999999	0.7255739999999999	0.216448	0.638826	19.346849	3.0	97.687919	19.264521	5.0	0.020092	7.7550289999999995	2.0	58.538503000000006	14.901114999999999	4.0	99.94372	4.110645	2.0	75.127012	19.374726000000003	2.0	0.07510700000000001	5.606394	3.0	67.135373	22.59083	4.0	20.899337
1315.0	4.0	45.588339000000005	63.481815000000005	57.72725500000001	82.84713599999999	0.5990439999999999	0.654351	0.33215100000000003	0.8034319999999999	23.572784	3.0	81.536987	11.472002	6.0	0.025992	7.770888	3.0	6.751036999999999	3.711649	5.0	42.588611	10.423552	2.0	26.019164	15.717587	2.0	0.019386	3.984883	1.0	46.46847	22.883824	6.0	36.212381
1348.0	4.0	71.852114	78.444864	97.641286	21.540008	0.989193	0.739383	0.191867	0.43181899999999995	11.718187	5.0	94.216412	12.228326	4.0	0.050822000000000006	2.813314	5.0	61.518257	3.723747	6.0	10.798219	5.800862	6.0	52.876563	15.600762	2.0	0.023316	7.803008999999999	4.0	99.48635999999999	19.016832	5.0	87.795771
1533.0	4.0	79.090762	63.806357999999996	66.849514	88.56934	0.233397	0.891774	0.285637	0.843566	11.758610000000001	2.0	64.702516	10.166901	1.0	0.04868	17.736157000000002	3.0	18.829496	6.9403880000000004	1.0	57.962727	18.062854	3.0	11.023024000000001	11.780422	5.0	0.07358300000000001	16.611210999999997	1.0	71.74347	9.097329	5.0	84.42051500000001
1584.0	4.0	75.167443	34.671595	94.317368	84.335741	0.591613	0.9857950000000001	0.20213599999999998	0.611244	22.938983	1.0	23.455855	9.778613	5.0	0.045354000000000005	6.2477480000000005	1.0	45.816311	7.188469	3.0	90.234672	1.418649	5.0	97.41800699999999	14.272146	4.0	0.016405	5.918744	3.0	6.360823	23.562507	5.0	71.07270799999999
1643.0	4.0	28.060158	10.810275	75.398119	58.321447	0.35887199999999997	0.205571	0.123678	0.211227	17.622946	5.0	89.57888299999999	1.868457	2.0	0.113034	5.934695	4.0	67.36527199999999	9.925508	5.0	29.767605	4.5743	3.0	9.837477	11.572526	2.0	0.056665	13.028697	5.0	47.707988	22.156403	4.0	75.39562099999999
1874.0	4.0	14.074710000000001	39.571095	88.034713	69.587953	0.108304	0.446851	0.50865	0.716155	6.093542	4.0	37.711870000000005	25.207864	1.0	0.015011000000000002	9.8934	6.0	53.011203	16.384168	2.0	78.324464	11.855186	6.0	2.729777	13.454182999999999	5.0	0.08443099999999999	15.688538000000001	4.0	3.6225739999999997	7.102321000000001	6.0	43.275421
2230.0	4.0	17.340897000000002	80.667469	86.93328100000001	14.152554	0.432068	0.134052	0.205315	0.444913	4.595557	5.0	49.210082	0.496914	3.0	0.07406900000000001	3.007558	1.0	81.1274	8.841754	3.0	35.555341	12.249133	1.0	64.61616500000001	23.97539	3.0	0.094403	12.812764	6.0	50.444281	16.062402	3.0	7.294269
2439.0	4.0	63.362788	53.873141000000004	68.009134	47.924365	0.367871	0.926358	0.743963	0.530728	1.372168	2.0	78.863091	6.516041	3.0	0.024549	4.996999	1.0	8.698238	16.323339999999998	6.0	67.551109	11.364491000000001	3.0	3.1556509999999998	24.301966	2.0	0.055113	11.670914	2.0	97.640132	20.908804	5.0	86.875466
2534.0	4.0	41.99818	11.673778	98.773222	30.137598999999998	0.169096	0.609217	0.16872	0.646125	4.22155	5.0	26.111342999999998	18.661382	5.0	0.020256	3.039931	6.0	53.350809	8.031295	2.0	45.705765	9.009838	5.0	61.501721999999994	17.406995000000002	2.0	0.035374	5.559405	3.0	31.773484999999997	18.439531	4.0	58.287378000000004
2587.0	4.0	3.017202	97.41075	56.873463	33.879799	0.853096	0.446241	0.35032399999999997	0.366736	14.868216	3.0	58.81545500000001	4.382184	3.0	0.012758	15.585975	1.0	15.165988	4.305592	6.0	74.408165	16.715227	6.0	11.914577	22.278978	2.0	0.014717	15.902575	5.0	32.589876000000004	11.019792	6.0	35.94897
2591.0	4.0	20.530426000000002	22.50996	92.767557	41.03658	0.25973	0.762842	0.22734000000000001	0.34089899999999995	9.651944	1.0	73.17291800000001	22.291511	1.0	0.021677000000000002	2.496983	1.0	94.29411	4.812912	5.0	63.561329	11.05223	5.0	25.617224	19.442193	2.0	0.052993	10.691706	4.0	49.609906	6.977399	5.0	81.368998
2687.0	4.0	13.377612	19.585599	62.698744	56.68446899999999	0.9037860000000001	0.11740899999999999	0.131022	0.466417	4.714594	6.0	52.226154	9.136412	4.0	0.09988999999999999	0.91848	5.0	7.729544000000001	8.287805	4.0	46.770663	6.676508999999999	6.0	31.370499	22.255432	1.0	0.06164	14.809992000000001	2.0	96.250376	5.824611	6.0	86.143947
2977.0	4.0	32.599228000000004	21.934985	50.242934000000005	6.903828999999999	0.831342	0.553688	0.186852	0.664275	21.248909	6.0	81.28747299999999	10.424772	2.0	0.061689999999999995	7.058742	6.0	9.300513	19.738495999999998	5.0	82.05673399999999	11.679506	3.0	10.957805	14.055137	2.0	0.012442	3.8693839999999997	2.0	38.430042	1.6124459999999998	4.0	68.849233
3426.0	4.0	82.739681	93.234149	94.818658	55.02645699999999	0.9511709999999999	0.49264399999999997	0.34423400000000004	0.644586	4.695001	3.0	87.538946	5.683611	5.0	0.018504	6.172111	3.0	21.081378	5.94187	6.0	39.301527	5.38501	2.0	42.520607	12.474229	2.0	0.012098000000000001	2.809031	4.0	90.465716	18.381473	3.0	51.448257
3826.0	4.0	65.602404	70.774147	95.014802	37.443558	0.254319	0.823109	0.125365	0.656111	6.6672910000000005	3.0	65.318951	25.031699	4.0	0.013534000000000001	17.111098000000002	4.0	76.23635999999999	12.880001	4.0	75.866005	13.815807999999999	1.0	68.19373399999999	3.738918	1.0	0.021440999999999998	13.009533	1.0	11.61058	11.180284	4.0	70.319241
3851.0	4.0	97.754322	17.098731	90.366884	35.710503	0.834717	0.24860900000000002	0.527084	0.34560100000000005	5.971723	4.0	28.545489	17.550126000000002	3.0	0.287798	6.143217	4.0	40.01532	10.843637	4.0	73.34427099999999	12.362042	1.0	26.526089000000002	20.105627	1.0	0.02143	13.361084	2.0	77.19188299999999	12.873032	6.0	95.844974
4071.0	4.0	90.29411400000001	56.915521999999996	12.747174000000001	14.783698000000001	0.560968	0.295513	0.630674	0.163907	10.718967	6.0	16.196316	21.119276	2.0	0.039279	11.172374000000001	6.0	76.455602	21.860803	3.0	35.709545	5.050368	3.0	2.123636	18.064458	4.0	0.71704	1.384493	4.0	20.744298	23.469023999999997	3.0	96.606942
4109.0	4.0	74.691051	28.864775	88.934741	57.346793000000005	0.810358	0.538293	0.908984	0.5438470000000001	14.69651	6.0	43.292621000000004	23.028787	1.0	0.011836	8.33378	5.0	44.804904	22.066132999999997	1.0	35.791841	2.940993	2.0	28.125238	11.762847	1.0	0.010702	5.791968	2.0	99.733088	14.581960999999998	4.0	69.446957
4203.0	4.0	14.454734	52.967257	55.08811600000001	28.740140000000004	0.113232	0.31091799999999997	0.136974	0.22495199999999999	21.839661	2.0	29.203903999999998	2.409691	4.0	0.047707	5.853826000000001	6.0	40.339811	20.047732	4.0	4.794223000000001	24.874666	2.0	11.97076	2.256186	1.0	0.051387999999999996	14.388581	4.0	48.845003999999996	14.920016	4.0	43.307666999999995
4520.0	4.0	94.722871	39.322109000000005	87.642114	87.406746	0.38510300000000003	0.342844	0.10105900000000001	0.705852	4.066537	1.0	51.876559	22.664419	5.0	0.045071	1.932491	1.0	90.137825	14.862263	3.0	95.518203	15.377873999999998	1.0	4.273479	4.730611	5.0	0.026260000000000002	11.787169	2.0	25.219331	9.634436	6.0	88.45421800000001
4701.0	4.0	60.72704399999999	59.500299	47.546251	52.820207999999994	0.282466	0.790899	0.11928599999999999	0.204815	0.692257	5.0	8.412158	22.232387	1.0	0.025791	6.521909	3.0	97.098575	17.611675	6.0	50.948522	19.41839	6.0	20.342883	11.217245	1.0	0.011137000000000001	7.954916000000001	6.0	98.403415	12.901938000000001	4.0	71.366527
4879.0	4.0	63.101255	89.556531	97.431073	81.34227	0.742157	0.683764	0.9117870000000001	0.455872	2.214727	1.0	19.219062	6.1097779999999995	6.0	0.028999	13.825589	2.0	3.579416	16.428729	5.0	65.270691	3.859695	1.0	16.898072	23.691303	1.0	0.011007	9.344679	2.0	35.753759	23.547929	6.0	55.153242000000006
4971.0	4.0	66.606039	28.455340000000003	77.25716	37.337719	0.319844	0.634039	0.654122	0.152668	4.8771510000000005	2.0	54.636984999999996	14.192939	1.0	0.012684	1.087517	4.0	53.639964	14.190764000000001	6.0	10.232956	0.95825	3.0	45.953113	4.13782	6.0	0.12781700000000001	14.129467000000002	5.0	21.212197	9.323294	5.0	20.446008
5082.0	4.0	15.607648000000001	29.422127000000003	6.932413	45.938802	0.7319640000000001	0.7383350000000001	0.24463800000000002	0.665219	2.232211	6.0	87.68679399999999	3.637746	3.0	0.11954000000000001	4.550909	2.0	69.143589	1.6775849999999999	3.0	16.002465	0.334834	1.0	36.30668	13.398954999999999	6.0	0.040927	10.572411	4.0	62.49099399999999	13.640604999999999	6.0	27.257696000000003
5140.0	4.0	58.964376	52.025182	93.742863	60.929376	0.746696	0.326864	0.362622	0.428595	15.386323	3.0	30.423125	15.659310000000001	1.0	0.011061	5.688271	2.0	26.426965999999997	21.703699	5.0	65.23958	1.834234	3.0	41.497133000000005	7.81618	1.0	0.014445	5.692908	3.0	91.79150899999999	18.01037	5.0	93.877452
5254.0	4.0	25.253748	50.844120000000004	89.408475	93.131361	0.215502	0.720178	0.217669	0.26114699999999996	15.961694	3.0	82.493315	0.37144699999999997	5.0	0.032482	3.086943	3.0	92.010012	1.169381	2.0	15.520710999999999	11.772663	2.0	29.888185999999997	9.356883999999999	3.0	0.014652000000000002	11.178533	2.0	9.676017	13.474561999999999	6.0	85.16627700000001
5735.0	4.0	57.748738	60.596105	39.107959	62.243487	0.54198	0.863142	0.379925	0.68166	16.91603	5.0	39.697486	17.221943	2.0	0.016153999999999998	4.7104	5.0	69.98105699999999	6.421376	4.0	6.664182	14.657251	6.0	2.3628810000000002	22.597972	2.0	0.011124	5.957126000000001	6.0	81.743604	18.758671	4.0	44.223583000000005
6077.0	4.0	98.342864	68.818722	72.101578	36.61864	0.44857600000000003	0.19888599999999998	0.743677	0.682802	6.7961089999999995	6.0	75.45589	5.8856459999999995	6.0	0.011068999999999999	8.31902	5.0	62.122116000000005	24.187669	5.0	40.172394	0.713967	6.0	78.01921899999999	12.636619999999999	5.0	0.17052	4.9495510000000005	4.0	27.113231	18.307308	6.0	28.114797999999997
6150.0	4.0	95.157606	40.447344	55.838473	96.754345	0.96205	0.534782	0.17569200000000001	0.804016	9.728558	6.0	39.381857000000004	0.263349	4.0	0.031543	9.250597	1.0	56.271213	0.426066	6.0	81.609561	17.358931	4.0	84.00458	9.291095	5.0	0.010443000000000001	0.240877	5.0	44.745082000000004	4.150535	6.0	62.683463
6167.0	4.0	51.987299	91.087745	58.083659999999995	67.062646	0.193386	0.660313	0.460434	0.678303	23.9544	5.0	56.316863	13.057775999999999	2.0	0.021394	16.441892000000003	5.0	10.268419999999999	6.283653	6.0	38.602001	1.6066610000000001	1.0	60.196425	4.74071	4.0	0.128893	1.246646	5.0	66.195612	12.921365	6.0	53.60704200000001
6249.0	4.0	57.745172	12.373128	26.659464	98.34691099999999	0.523898	0.678621	0.589422	0.7663220000000001	0.605422	2.0	79.057705	22.419810000000002	6.0	0.05352899999999999	3.4340870000000003	5.0	49.871815999999995	3.991345	4.0	13.977920000000001	15.351011999999999	1.0	69.812389	11.670304	1.0	0.01037	0.23487	1.0	96.319474	16.745688	6.0	77.14084
6365.0	4.0	91.66958000000001	23.390184	39.845352	55.489591000000004	0.768505	0.500088	0.153204	0.989826	3.2420259999999996	4.0	51.004808000000004	16.70194	2.0	0.011731	4.640443	6.0	96.542282	5.119157	3.0	89.703132	16.666016	2.0	24.063845	11.183389	2.0	0.053264	0.8787379999999999	2.0	50.027759	13.630289999999999	5.0	22.342571
6475.0	4.0	28.462625	22.42357	65.189414	35.369960999999996	0.18770799999999999	0.32855100000000004	0.23381	0.33381500000000003	4.193329	6.0	51.432955	21.256262	3.0	0.019506	5.051639	2.0	88.746424	12.494813	5.0	34.786495	1.402988	1.0	50.17488	9.539436	1.0	0.014471000000000001	12.270974	3.0	76.28353	10.738425999999999	5.0	35.862045
6612.0	4.0	50.299335	87.742209	87.779439	38.309945	0.8968940000000001	0.555901	0.451481	0.842405	16.796832000000002	2.0	21.847675	16.693922	1.0	0.011686	16.187627	2.0	7.839713000000001	24.334848	5.0	50.332039	16.276046	3.0	15.268163000000001	15.801516000000001	2.0	0.0765	0.292324	2.0	10.360783	8.191549	4.0	79.442932
6896.0	4.0	70.859875	63.424841	81.039838	66.20528900000001	0.933966	0.9270120000000001	0.380176	0.9296209999999999	3.2233560000000003	2.0	54.389987	5.249585	4.0	0.031285	2.254922	2.0	41.022934	6.916875	5.0	91.924715	2.509389	2.0	20.912791	14.338888	3.0	0.010234	5.579784	1.0	32.695535	15.499137	5.0	33.424186
6906.0	4.0	94.772403	7.611474	57.903870999999995	41.75477	0.24573299999999998	0.23623000000000002	0.26409099999999996	0.832274	4.593373000000001	4.0	37.199665	7.346706	1.0	0.017478999999999998	9.99141	4.0	46.429946	15.265609	4.0	70.25516999999999	8.72852	2.0	11.34118	12.475309	5.0	0.06034	6.0816	2.0	51.328438	22.524551000000002	6.0	76.24138
6933.0	4.0	42.783284	93.91448000000001	56.680581999999994	20.390715	0.9797049999999999	0.403567	0.11853399999999999	0.158279	18.629671	4.0	23.301012	6.087699	4.0	0.015472	16.838988	5.0	14.126207	4.509661	2.0	52.721318000000004	17.925678	6.0	38.784131	9.122471	4.0	0.010889	13.406675	3.0	13.839082000000001	7.874956	5.0	55.977121
7060.0	4.0	41.960117	64.26912	81.704134	56.99949300000001	0.23632899999999998	0.808921	0.163454	0.41305200000000003	4.825003	5.0	10.859733	7.743334	3.0	0.01409	1.9545150000000002	6.0	73.91892800000001	17.616004999999998	5.0	46.640627	3.2798529999999997	2.0	98.586156	20.755987	3.0	0.011323	16.188760000000002	2.0	7.38732	18.427968	3.0	64.878476
7079.0	4.0	62.733996	77.252199	82.128508	20.952809	0.357598	0.45098699999999997	0.26512600000000003	0.926675	6.798121000000001	5.0	8.268168	21.398016000000002	1.0	0.05055	12.478082	5.0	18.46419	19.656629000000002	3.0	91.212117	1.2110610000000002	4.0	13.701562	10.313283	4.0	0.100313	5.132037	3.0	93.196893	9.037347	3.0	23.282044
7193.0	4.0	97.742716	57.091225	73.086851	78.627489	0.54751	0.7065279999999999	0.23944200000000002	0.860867	14.120970000000002	4.0	29.165305	25.262303	5.0	0.033365	3.893102	2.0	76.905124	13.235744	5.0	98.91940600000001	14.596418	1.0	68.216252	20.229107	3.0	0.02781	4.1105279999999995	5.0	86.53902	18.038339999999998	5.0	41.094914
7622.0	4.0	25.754041	48.234775	95.546805	44.456881	0.609714	0.9464969999999999	0.25238499999999997	0.658217	12.222203	5.0	40.748632	19.089401000000002	2.0	0.021093	5.219371	3.0	2.214516	12.715266	5.0	43.862906	16.227192000000002	1.0	90.494214	20.083672	1.0	0.252689	17.464492	1.0	24.284564000000003	6.692713	5.0	56.342119999999994
7661.0	4.0	66.624009	58.48705699999999	85.333242	23.91518	0.633731	0.9437780000000001	0.720593	0.24507199999999998	19.127709	5.0	98.035914	20.043184	1.0	0.01913	10.624272	5.0	75.882628	8.203322	5.0	95.241591	11.451054	6.0	10.504431	3.247652	6.0	0.133945	11.20918	1.0	15.114287	21.256288	6.0	50.914606
7837.0	4.0	25.461817	95.628852	96.41846899999999	46.148546	0.822677	0.484095	0.49416499999999997	0.7208760000000001	6.422232	4.0	73.126076	23.527907	3.0	0.015314	5.066525	2.0	41.227702	6.703355999999999	1.0	59.864270999999995	2.707132	6.0	18.758632000000002	8.923869	5.0	0.431091	10.954799000000001	5.0	77.869034	21.206027	5.0	41.50848
8192.0	4.0	21.626716000000002	21.864241	67.98194000000001	58.807665	0.754446	0.189506	0.111019	0.6396890000000001	0.726047	6.0	56.40164	15.826695	5.0	0.011364	14.025862	2.0	64.208606	23.587776	1.0	27.731749	4.03108	2.0	97.816795	7.840017	1.0	0.085017	8.8953	4.0	46.03155	17.322888	5.0	21.817255
8207.0	4.0	78.21751400000001	48.251319	26.186475	74.59099599999999	0.7239770000000001	0.620482	0.150891	0.642352	5.526014	6.0	80.504873	5.586581	6.0	0.011612	0.879798	3.0	45.476233	0.556275	5.0	95.968622	19.172141	2.0	8.662056	18.847554000000002	1.0	0.028725	13.666314999999999	1.0	33.875999	3.3506339999999994	6.0	77.640677
8787.0	4.0	36.688169	90.316634	78.475911	31.387957	0.101341	0.41862299999999997	0.803729	0.131305	3.068116	1.0	19.852101	24.382918	4.0	0.010042	14.334774	1.0	28.533483	22.121404000000002	6.0	94.268671	18.490866	5.0	3.201867	15.021585	1.0	0.021758	10.276512	2.0	53.696419999999996	14.717769	5.0	58.031275
9057.0	4.0	38.239852	24.763285999999997	46.069677	62.823933999999994	0.15573399999999998	0.729309	0.5989800000000001	0.388959	15.30771	1.0	53.728142000000005	14.119933999999999	5.0	0.153894	13.884914000000002	5.0	2.599126	13.521851000000002	6.0	38.610121	16.533626	5.0	3.851549	24.225072	5.0	0.23379499999999998	9.34553	5.0	56.356404000000005	12.987166	6.0	46.652082
9147.0	4.0	90.50856800000001	62.599934999999995	90.678493	69.945897	0.36035700000000004	0.8315100000000001	0.48205	0.347104	15.986001000000002	4.0	9.636523	0.5844659999999999	3.0	0.018119	6.853249000000001	5.0	79.67698299999999	15.309254000000001	2.0	53.829694999999994	1.564804	4.0	37.614045000000004	16.442899	1.0	0.016497	15.737870000000001	1.0	89.90446700000001	11.907505	5.0	69.22606400000001
9308.0	4.0	33.029644	21.257379	61.209813	96.31244699999999	0.548906	0.9905780000000001	0.8161970000000001	0.744891	3.985877	2.0	70.449991	16.019981	2.0	0.011093	14.124951999999999	4.0	60.352691	6.782609	4.0	83.614133	0.909158	2.0	92.94796600000001	16.073888	5.0	0.011978	2.159441	3.0	91.17809100000001	13.985307999999998	3.0	81.522473
9324.0	4.0	97.036411	54.708521999999995	96.696241	96.165679	0.109044	0.254573	0.352031	0.708359	19.006042	6.0	42.348321	2.028455	5.0	0.012289	0.560804	5.0	15.396378	12.969586999999999	6.0	56.403218	25.247492	2.0	24.296143	19.498197	4.0	0.036062000000000004	6.645821000000001	6.0	18.069256	21.083578	5.0	35.478092
9380.0	4.0	71.485777	33.437127000000004	74.305113	71.73125999999999	0.607047	0.294488	0.870309	0.9804370000000001	4.628475	2.0	67.649569	17.959239999999998	1.0	0.015106999999999999	17.820534	4.0	81.197693	21.222876	1.0	33.800477	6.530496	1.0	59.809316	20.182794	5.0	0.146473	8.755939	3.0	16.354706	8.78535	6.0	38.00508
9392.0	4.0	19.906304000000002	59.389809	36.716029999999996	48.919588	0.524217	0.507798	0.16766	0.80064	16.126645	6.0	16.653487	14.223189999999999	3.0	0.08174	7.256532000000001	1.0	78.61484200000001	1.417632	3.0	78.527695	19.864555	6.0	9.025898	10.111099000000001	4.0	0.043985	0.21391500000000002	4.0	92.86265300000001	19.766504	6.0	90.633418
9463.0	4.0	48.909864	32.872609000000004	29.35022	87.980141	0.42704	0.213125	0.29044899999999996	0.541321	9.306111999999999	2.0	70.52370400000001	11.552297	3.0	0.010068	1.0835190000000001	3.0	44.575860999999996	13.024147	5.0	79.076299	23.037078	1.0	6.334105999999999	15.009017000000002	5.0	0.135434	1.690031	4.0	99.22296700000001	18.779465	5.0	37.715462
9505.0	4.0	76.26382199999999	36.095603999999994	51.17158	98.29601600000001	0.321187	0.942908	0.652972	0.9374100000000001	17.697742	5.0	34.89353	21.088442999999998	1.0	0.015594	0.257431	4.0	5.044762	14.048829000000001	6.0	60.897544999999994	23.173837	3.0	6.32944	5.459039	1.0	0.013068999999999999	8.934645	3.0	21.862835	16.092071	5.0	63.951162
9683.0	4.0	65.039643	82.914755	63.553425	26.553688	0.215356	0.15487	0.171598	0.326509	15.493045	4.0	71.689215	4.720967	5.0	0.011511	13.794156	4.0	19.568170000000002	9.876136	5.0	60.767449	12.003945	1.0	5.498811	16.087836	5.0	0.010412000000000001	4.738305	6.0	33.020112	4.624415	6.0	72.71797600000001
9710.0	4.0	29.167338	96.085114	49.558256	22.127681	0.743984	0.46429799999999993	0.536767	0.938688	4.089767	5.0	66.766063	18.129277	6.0	0.040878	3.060942	4.0	18.296607	11.632557	4.0	24.32297	9.410689	1.0	13.856385000000001	17.642782999999998	6.0	0.143761	5.752814	5.0	30.626472999999997	8.272855	4.0	67.191183
