219.0	3.0	5.230665	38.967760999999996	56.140237	85.640057	0.904308	0.636753	0.29945700000000003	0.828834	5.198233	1.0	20.814307	16.681172	3.0	0.055014	5.954631	2.0	32.600053	19.891006	2.0	65.971231	12.577531	1.0	86.517892	15.14135	5.0	0.018449	11.141369000000001	6.0	94.520376	17.799966	6.0	60.044701
602.0	3.0	48.883362	14.367067	72.740587	60.560989	0.728967	0.680936	0.34666399999999997	0.479158	19.646028	4.0	39.973032	4.970324	2.0	0.016268	11.306283	6.0	3.132345	17.64722	2.0	78.545186	23.78669	2.0	27.600058	8.284952	2.0	0.018005	10.126053	5.0	66.505309	15.050889000000002	5.0	25.538117
1039.0	3.0	23.532181	1.5410709999999999	62.21417099999999	34.885371	0.80488	0.167898	0.44328199999999995	0.257142	5.751398	6.0	97.650998	16.398309	1.0	0.147096	9.540639	4.0	30.834262	6.109488	2.0	17.756894	2.964829	6.0	79.45738100000001	21.209316	5.0	0.022444	4.157948	3.0	42.489253000000005	12.55649	6.0	39.078064000000005
1043.0	3.0	1.2996940000000001	50.476038	52.786087	11.526332	0.851693	0.528008	0.883186	0.25352399999999997	24.195919	4.0	11.312138000000001	5.380243	6.0	0.011375	2.382346	5.0	91.719933	23.595785	6.0	70.124583	3.1523779999999997	3.0	92.73120300000001	7.785959	3.0	0.011159	7.213792999999999	4.0	16.369345000000003	14.864713	4.0	18.255266
1650.0	3.0	2.310193	40.929914000000004	52.253701	66.454921	0.512911	0.525584	0.755894	0.307141	9.791052	6.0	11.114314	12.484222	6.0	0.040628	12.88913	2.0	96.670402	2.412345	3.0	79.65560500000001	0.657532	3.0	94.85236	7.463575	2.0	0.014754	9.042214999999999	3.0	95.502033	20.333177	6.0	56.946971999999995
1821.0	3.0	77.52834200000001	6.23681	45.930832	96.47374599999999	0.587983	0.826808	0.6821050000000001	0.6930930000000001	14.117257	1.0	2.273124	22.249077	5.0	0.040435000000000006	3.8121910000000003	2.0	84.358362	12.001610000000001	2.0	4.956167	1.182104	5.0	87.238173	1.8409779999999998	6.0	0.010675	18.208223	2.0	28.207771	19.190592000000002	4.0	43.766894
1870.0	3.0	2.164629	69.445583	44.843531	64.47775899999999	0.14199	0.877743	0.664846	0.483382	14.575792000000002	3.0	80.825967	3.686026	6.0	0.038781	14.335256	5.0	89.083881	23.681507	5.0	15.802415	3.958572	6.0	88.080569	7.3127889999999995	6.0	0.049874	5.956951999999999	5.0	79.65288699999999	16.808366	5.0	34.103955
1995.0	3.0	70.97855899999999	20.06229	54.301007999999996	55.04578299999999	0.617794	0.826966	0.41035600000000005	0.41158999999999996	0.377607	3.0	45.819626	10.605697	2.0	0.03695	0.869519	4.0	50.653157	23.821237	6.0	27.250951	20.898238	3.0	26.877919	8.088371	5.0	0.026232	9.590697	5.0	66.179316	7.1914869999999995	5.0	35.680031
2521.0	3.0	44.814496000000005	3.7315629999999995	88.401733	8.776864999999999	0.527939	0.363808	0.8519559999999999	0.21797600000000003	21.382257	6.0	64.411932	23.081418	2.0	0.021403	16.132576	4.0	52.533677000000004	0.7200350000000001	4.0	32.441	3.5388059999999997	1.0	90.531399	22.159807	2.0	0.010920000000000001	12.563303999999999	2.0	78.728569	3.005023	5.0	46.783701
2794.0	3.0	72.586943	3.5206660000000003	61.769199	84.074362	0.667845	0.618016	0.754446	0.743081	2.373551	5.0	20.697118	23.689088	4.0	0.197122	7.345911999999999	5.0	29.669751	0.52478	4.0	55.468205000000005	16.738304	2.0	84.968248	6.345676	1.0	0.034117	4.17049	2.0	51.345799	4.511966	3.0	10.457655
4045.0	3.0	26.590508000000003	2.155852	9.385475999999999	60.62591	0.18444000000000002	0.764264	0.342544	0.627989	1.6987700000000001	5.0	37.945558	1.7986650000000002	2.0	0.023437	12.180617999999999	2.0	25.874956	22.514329999999998	6.0	77.952867	0.8488549999999999	3.0	82.293696	13.424166	4.0	0.068453	11.418636	3.0	45.538975	6.881978	6.0	49.154602000000004
4115.0	3.0	99.44763499999999	3.8285150000000003	42.145644	24.729472	0.165447	0.676894	0.270936	0.5631010000000001	3.8139309999999997	5.0	59.403473	19.3805	4.0	0.45006999999999997	0.567624	2.0	39.889668	11.147074	4.0	98.117814	0.434487	3.0	99.10239	3.649518	1.0	0.01083	17.899306	3.0	74.854849	20.726182	3.0	44.557849
4379.0	3.0	10.179393	26.65792	68.00686400000001	12.560159	0.736978	0.327324	0.501897	0.785411	17.584935	2.0	18.148442000000003	17.511718	5.0	0.011299	15.550026	1.0	53.662941000000004	23.192560999999998	1.0	5.415163	0.8319	2.0	73.536497	20.883372	5.0	0.355205	17.975022	4.0	94.588316	7.878856	4.0	17.69454
6271.0	3.0	37.134398	6.792072999999999	20.63308	12.874617	0.870326	0.474279	0.33884699999999995	0.519618	7.10315	6.0	80.794892	14.166823999999998	5.0	0.010171	15.074632000000001	3.0	5.066374	12.971313	4.0	20.031706	1.255072	3.0	22.822505	21.973620999999998	3.0	0.027995	5.753376	4.0	86.21233000000001	8.656071	3.0	17.437558
6337.0	3.0	76.661525	6.54598	67.251773	34.014796999999994	0.342031	0.620065	0.306856	0.288502	24.214447	5.0	41.569748	1.736001	1.0	0.025214	16.139375	3.0	76.130263	22.366929000000003	4.0	62.963067	5.690843	4.0	44.2802	15.669363	3.0	0.032629000000000005	17.609339000000002	4.0	42.75119	24.759408999999998	3.0	28.904782
6671.0	3.0	31.060958000000003	11.708642	17.326258	44.453177000000004	0.40335	0.954181	0.702162	0.5900989999999999	2.192431	2.0	15.803567000000001	15.840598000000002	2.0	0.318648	4.329878	5.0	52.457542000000004	11.234246	1.0	11.611127999999999	10.185376	4.0	44.104268	7.8101449999999994	5.0	0.014551	17.467007000000002	5.0	48.100228	19.376832	6.0	60.684104000000005
7215.0	3.0	29.954393	19.464309	53.982730000000004	82.36160799999999	0.765921	0.960775	0.223189	0.897574	21.292179	2.0	73.738198	6.561532000000001	5.0	0.152311	16.574301000000002	2.0	85.171726	12.413483	3.0	98.652423	2.854477	1.0	58.888089	17.559504	6.0	0.012092	17.610383	6.0	28.155655	16.580906	5.0	94.66038
7297.0	3.0	87.982442	14.444409	42.886378	71.547409	0.316102	0.5594279999999999	0.8387959999999999	0.700371	10.581597	6.0	62.409943000000005	0.653555	1.0	0.010198	7.120099000000001	2.0	68.424521	23.012317000000003	1.0	91.345574	0.492433	2.0	80.789885	8.710478	1.0	0.012428	17.842834	2.0	65.932497	16.289364000000003	6.0	73.633682
7772.0	3.0	24.689358	27.186199	89.233242	79.172602	0.9978940000000001	0.958902	0.8168920000000001	0.6420779999999999	2.381392	6.0	35.991864	11.053321	3.0	0.011504	11.700856	2.0	27.824303999999998	14.204111	4.0	21.167949	4.465184	1.0	69.262692	20.354067999999998	4.0	0.015119999999999998	14.136279	6.0	81.111811	18.327296	5.0	69.586896
7814.0	3.0	78.914048	9.226066000000001	38.979543	9.680553999999999	0.612716	0.915544	0.539347	0.120505	11.52094	4.0	10.797553	20.449182	3.0	0.01489	10.872929	3.0	25.498124	13.466922	5.0	4.080557	4.142094999999999	4.0	43.600894	3.169469	1.0	0.0396	8.044148	5.0	81.438076	16.896507999999997	5.0	21.467965
7910.0	3.0	42.978123	6.902252000000001	18.167813	24.997711	0.544917	0.389552	0.22978600000000002	0.663642	13.223920999999999	6.0	6.349094999999999	18.343106	6.0	0.026014999999999996	18.013317999999998	5.0	84.336063	19.313492999999998	6.0	68.703091	0.586202	3.0	28.174647999999998	16.414864	1.0	0.015758	5.6313699999999995	6.0	28.990982000000002	21.903385999999998	5.0	88.70264
8293.0	3.0	75.56695400000001	1.9508830000000001	63.302788	35.234733	0.460395	0.147769	0.47989899999999996	0.9924149999999999	12.94455	5.0	82.828754	18.137620000000002	6.0	0.028057	11.782117	1.0	98.725886	14.676048000000002	5.0	73.41470799999999	1.736423	2.0	98.181587	2.972914	1.0	0.026452999999999997	15.9691	6.0	38.390046999999996	20.167404	4.0	23.021123
8408.0	3.0	6.301625	81.329952	68.189185	69.877031	0.797864	0.8961379999999999	0.733009	0.952362	14.929348000000001	1.0	57.553053000000006	0.911642	6.0	0.033322000000000004	9.316485	5.0	68.434762	11.414759	1.0	73.302486	6.511876	1.0	95.856116	14.022910000000001	4.0	0.010492	7.266928	6.0	64.830658	15.956256	4.0	68.393029
8557.0	3.0	12.079936	2.90881	48.009626000000004	50.048458000000004	0.915285	0.891774	0.754653	0.653421	12.572426	5.0	79.801546	19.075135	2.0	0.010375	18.154208999999998	3.0	7.9213	20.542439	3.0	95.445308	8.391263	1.0	96.84109000000001	9.982285000000001	6.0	0.046924	8.495673	2.0	89.57438	15.811884	3.0	26.789593
8758.0	3.0	63.674527000000005	34.551891	75.87939300000001	95.48731	0.535391	0.9914729999999999	0.717313	0.8419709999999999	11.415874	3.0	54.255941	23.781686999999998	3.0	0.011526	11.302972	6.0	90.421604	23.937220999999997	5.0	31.195529999999998	12.529753	1.0	38.141306	9.464243	2.0	0.024898	7.290133999999999	4.0	96.89219399999999	16.532504	4.0	95.557509
8847.0	3.0	13.911113	20.375716	87.88561700000001	93.185946	0.341016	0.54785	0.804099	0.654771	7.832752	1.0	10.911748	8.310864	6.0	0.014766	2.78126	5.0	54.819219999999994	19.822123	2.0	89.75456700000001	1.576011	6.0	13.87616	22.28785	1.0	0.012902	14.308939	6.0	45.553785	23.567821	4.0	79.163223
9184.0	3.0	27.506608	4.7678650000000005	23.706552	71.99517	0.322602	0.62331	0.196487	0.960304	11.718882	5.0	15.288748000000002	7.478627	2.0	0.011134999999999999	2.423457	3.0	70.05046999999999	6.407211	5.0	22.082195000000002	3.4714139999999998	2.0	58.980768000000005	10.758258999999999	5.0	0.011451000000000001	6.906845	5.0	47.26113	20.870943	6.0	30.418547999999998
9278.0	3.0	61.130815000000005	7.43265	67.198758	54.08500600000001	0.298593	0.9923049999999999	0.6359319999999999	0.523354	1.787049	4.0	96.401521	18.092169000000002	4.0	0.09808099999999999	13.377434	1.0	27.115277000000003	13.581939000000002	3.0	22.210563	0.9105780000000001	1.0	50.825957	10.915708	6.0	0.019639	18.352097	4.0	75.739643	11.794138	5.0	79.55960400000001
9415.0	3.0	99.30973	3.696623	58.854197	97.394839	0.472192	0.639247	0.33159099999999997	0.977384	12.649431	3.0	55.262634999999996	21.738798000000003	2.0	0.025934	12.28122	2.0	43.066221999999996	17.417519	4.0	44.432106	7.759138	1.0	75.299829	12.198243	3.0	0.0135	13.183948000000001	3.0	48.712841999999995	22.685558	3.0	73.55710400000001
219.0	3.0	5.230665	38.967760999999996	56.140237	85.640057	0.904308	0.636753	0.29945700000000003	0.828834	5.198233	1.0	20.814307	16.681172	3.0	0.055014	5.954631	2.0	32.600053	19.891006	2.0	65.971231	12.577531	1.0	86.517892	15.14135	5.0	0.018449	11.141369000000001	6.0	94.520376	17.799966	6.0	60.044701
602.0	3.0	48.883362	14.367067	72.740587	60.560989	0.728967	0.680936	0.34666399999999997	0.479158	19.646028	4.0	39.973032	4.970324	2.0	0.016268	11.306283	6.0	3.132345	17.64722	2.0	78.545186	23.78669	2.0	27.600058	8.284952	2.0	0.018005	10.126053	5.0	66.505309	15.050889000000002	5.0	25.538117
1039.0	3.0	23.532181	1.5410709999999999	62.21417099999999	34.885371	0.80488	0.167898	0.44328199999999995	0.257142	5.751398	6.0	97.650998	16.398309	1.0	0.147096	9.540639	4.0	30.834262	6.109488	2.0	17.756894	2.964829	6.0	79.45738100000001	21.209316	5.0	0.022444	4.157948	3.0	42.489253000000005	12.55649	6.0	39.078064000000005
1043.0	3.0	1.2996940000000001	50.476038	52.786087	11.526332	0.851693	0.528008	0.883186	0.25352399999999997	24.195919	4.0	11.312138000000001	5.380243	6.0	0.011375	2.382346	5.0	91.719933	23.595785	6.0	70.124583	3.1523779999999997	3.0	92.73120300000001	7.785959	3.0	0.011159	7.213792999999999	4.0	16.369345000000003	14.864713	4.0	18.255266
1650.0	3.0	2.310193	40.929914000000004	52.253701	66.454921	0.512911	0.525584	0.755894	0.307141	9.791052	6.0	11.114314	12.484222	6.0	0.040628	12.88913	2.0	96.670402	2.412345	3.0	79.65560500000001	0.657532	3.0	94.85236	7.463575	2.0	0.014754	9.042214999999999	3.0	95.502033	20.333177	6.0	56.946971999999995
1821.0	3.0	77.52834200000001	6.23681	45.930832	96.47374599999999	0.587983	0.826808	0.6821050000000001	0.6930930000000001	14.117257	1.0	2.273124	22.249077	5.0	0.040435000000000006	3.8121910000000003	2.0	84.358362	12.001610000000001	2.0	4.956167	1.182104	5.0	87.238173	1.8409779999999998	6.0	0.010675	18.208223	2.0	28.207771	19.190592000000002	4.0	43.766894
1870.0	3.0	2.164629	69.445583	44.843531	64.47775899999999	0.14199	0.877743	0.664846	0.483382	14.575792000000002	3.0	80.825967	3.686026	6.0	0.038781	14.335256	5.0	89.083881	23.681507	5.0	15.802415	3.958572	6.0	88.080569	7.3127889999999995	6.0	0.049874	5.956951999999999	5.0	79.65288699999999	16.808366	5.0	34.103955
1995.0	3.0	70.97855899999999	20.06229	54.301007999999996	55.04578299999999	0.617794	0.826966	0.41035600000000005	0.41158999999999996	0.377607	3.0	45.819626	10.605697	2.0	0.03695	0.869519	4.0	50.653157	23.821237	6.0	27.250951	20.898238	3.0	26.877919	8.088371	5.0	0.026232	9.590697	5.0	66.179316	7.1914869999999995	5.0	35.680031
2521.0	3.0	44.814496000000005	3.7315629999999995	88.401733	8.776864999999999	0.527939	0.363808	0.8519559999999999	0.21797600000000003	21.382257	6.0	64.411932	23.081418	2.0	0.021403	16.132576	4.0	52.533677000000004	0.7200350000000001	4.0	32.441	3.5388059999999997	1.0	90.531399	22.159807	2.0	0.010920000000000001	12.563303999999999	2.0	78.728569	3.005023	5.0	46.783701
2794.0	3.0	72.586943	3.5206660000000003	61.769199	84.074362	0.667845	0.618016	0.754446	0.743081	2.373551	5.0	20.697118	23.689088	4.0	0.197122	7.345911999999999	5.0	29.669751	0.52478	4.0	55.468205000000005	16.738304	2.0	84.968248	6.345676	1.0	0.034117	4.17049	2.0	51.345799	4.511966	3.0	10.457655
4045.0	3.0	26.590508000000003	2.155852	9.385475999999999	60.62591	0.18444000000000002	0.764264	0.342544	0.627989	1.6987700000000001	5.0	37.945558	1.7986650000000002	2.0	0.023437	12.180617999999999	2.0	25.874956	22.514329999999998	6.0	77.952867	0.8488549999999999	3.0	82.293696	13.424166	4.0	0.068453	11.418636	3.0	45.538975	6.881978	6.0	49.154602000000004
4115.0	3.0	99.44763499999999	3.8285150000000003	42.145644	24.729472	0.165447	0.676894	0.270936	0.5631010000000001	3.8139309999999997	5.0	59.403473	19.3805	4.0	0.45006999999999997	0.567624	2.0	39.889668	11.147074	4.0	98.117814	0.434487	3.0	99.10239	3.649518	1.0	0.01083	17.899306	3.0	74.854849	20.726182	3.0	44.557849
4379.0	3.0	10.179393	26.65792	68.00686400000001	12.560159	0.736978	0.327324	0.501897	0.785411	17.584935	2.0	18.148442000000003	17.511718	5.0	0.011299	15.550026	1.0	53.662941000000004	23.192560999999998	1.0	5.415163	0.8319	2.0	73.536497	20.883372	5.0	0.355205	17.975022	4.0	94.588316	7.878856	4.0	17.69454
6271.0	3.0	37.134398	6.792072999999999	20.63308	12.874617	0.870326	0.474279	0.33884699999999995	0.519618	7.10315	6.0	80.794892	14.166823999999998	5.0	0.010171	15.074632000000001	3.0	5.066374	12.971313	4.0	20.031706	1.255072	3.0	22.822505	21.973620999999998	3.0	0.027995	5.753376	4.0	86.21233000000001	8.656071	3.0	17.437558
6337.0	3.0	76.661525	6.54598	67.251773	34.014796999999994	0.342031	0.620065	0.306856	0.288502	24.214447	5.0	41.569748	1.736001	1.0	0.025214	16.139375	3.0	76.130263	22.366929000000003	4.0	62.963067	5.690843	4.0	44.2802	15.669363	3.0	0.032629000000000005	17.609339000000002	4.0	42.75119	24.759408999999998	3.0	28.904782
6671.0	3.0	31.060958000000003	11.708642	17.326258	44.453177000000004	0.40335	0.954181	0.702162	0.5900989999999999	2.192431	2.0	15.803567000000001	15.840598000000002	2.0	0.318648	4.329878	5.0	52.457542000000004	11.234246	1.0	11.611127999999999	10.185376	4.0	44.104268	7.8101449999999994	5.0	0.014551	17.467007000000002	5.0	48.100228	19.376832	6.0	60.684104000000005
7215.0	3.0	29.954393	19.464309	53.982730000000004	82.36160799999999	0.765921	0.960775	0.223189	0.897574	21.292179	2.0	73.738198	6.561532000000001	5.0	0.152311	16.574301000000002	2.0	85.171726	12.413483	3.0	98.652423	2.854477	1.0	58.888089	17.559504	6.0	0.012092	17.610383	6.0	28.155655	16.580906	5.0	94.66038
7297.0	3.0	87.982442	14.444409	42.886378	71.547409	0.316102	0.5594279999999999	0.8387959999999999	0.700371	10.581597	6.0	62.409943000000005	0.653555	1.0	0.010198	7.120099000000001	2.0	68.424521	23.012317000000003	1.0	91.345574	0.492433	2.0	80.789885	8.710478	1.0	0.012428	17.842834	2.0	65.932497	16.289364000000003	6.0	73.633682
7772.0	3.0	24.689358	27.186199	89.233242	79.172602	0.9978940000000001	0.958902	0.8168920000000001	0.6420779999999999	2.381392	6.0	35.991864	11.053321	3.0	0.011504	11.700856	2.0	27.824303999999998	14.204111	4.0	21.167949	4.465184	1.0	69.262692	20.354067999999998	4.0	0.015119999999999998	14.136279	6.0	81.111811	18.327296	5.0	69.586896
7814.0	3.0	78.914048	9.226066000000001	38.979543	9.680553999999999	0.612716	0.915544	0.539347	0.120505	11.52094	4.0	10.797553	20.449182	3.0	0.01489	10.872929	3.0	25.498124	13.466922	5.0	4.080557	4.142094999999999	4.0	43.600894	3.169469	1.0	0.0396	8.044148	5.0	81.438076	16.896507999999997	5.0	21.467965
7910.0	3.0	42.978123	6.902252000000001	18.167813	24.997711	0.544917	0.389552	0.22978600000000002	0.663642	13.223920999999999	6.0	6.349094999999999	18.343106	6.0	0.026014999999999996	18.013317999999998	5.0	84.336063	19.313492999999998	6.0	68.703091	0.586202	3.0	28.174647999999998	16.414864	1.0	0.015758	5.6313699999999995	6.0	28.990982000000002	21.903385999999998	5.0	88.70264
8293.0	3.0	75.56695400000001	1.9508830000000001	63.302788	35.234733	0.460395	0.147769	0.47989899999999996	0.9924149999999999	12.94455	5.0	82.828754	18.137620000000002	6.0	0.028057	11.782117	1.0	98.725886	14.676048000000002	5.0	73.41470799999999	1.736423	2.0	98.181587	2.972914	1.0	0.026452999999999997	15.9691	6.0	38.390046999999996	20.167404	4.0	23.021123
8408.0	3.0	6.301625	81.329952	68.189185	69.877031	0.797864	0.8961379999999999	0.733009	0.952362	14.929348000000001	1.0	57.553053000000006	0.911642	6.0	0.033322000000000004	9.316485	5.0	68.434762	11.414759	1.0	73.302486	6.511876	1.0	95.856116	14.022910000000001	4.0	0.010492	7.266928	6.0	64.830658	15.956256	4.0	68.393029
8557.0	3.0	12.079936	2.90881	48.009626000000004	50.048458000000004	0.915285	0.891774	0.754653	0.653421	12.572426	5.0	79.801546	19.075135	2.0	0.010375	18.154208999999998	3.0	7.9213	20.542439	3.0	95.445308	8.391263	1.0	96.84109000000001	9.982285000000001	6.0	0.046924	8.495673	2.0	89.57438	15.811884	3.0	26.789593
8758.0	3.0	63.674527000000005	34.551891	75.87939300000001	95.48731	0.535391	0.9914729999999999	0.717313	0.8419709999999999	11.415874	3.0	54.255941	23.781686999999998	3.0	0.011526	11.302972	6.0	90.421604	23.937220999999997	5.0	31.195529999999998	12.529753	1.0	38.141306	9.464243	2.0	0.024898	7.290133999999999	4.0	96.89219399999999	16.532504	4.0	95.557509
8847.0	3.0	13.911113	20.375716	87.88561700000001	93.185946	0.341016	0.54785	0.804099	0.654771	7.832752	1.0	10.911748	8.310864	6.0	0.014766	2.78126	5.0	54.819219999999994	19.822123	2.0	89.75456700000001	1.576011	6.0	13.87616	22.28785	1.0	0.012902	14.308939	6.0	45.553785	23.567821	4.0	79.163223
9184.0	3.0	27.506608	4.7678650000000005	23.706552	71.99517	0.322602	0.62331	0.196487	0.960304	11.718882	5.0	15.288748000000002	7.478627	2.0	0.011134999999999999	2.423457	3.0	70.05046999999999	6.407211	5.0	22.082195000000002	3.4714139999999998	2.0	58.980768000000005	10.758258999999999	5.0	0.011451000000000001	6.906845	5.0	47.26113	20.870943	6.0	30.418547999999998
9278.0	3.0	61.130815000000005	7.43265	67.198758	54.08500600000001	0.298593	0.9923049999999999	0.6359319999999999	0.523354	1.787049	4.0	96.401521	18.092169000000002	4.0	0.09808099999999999	13.377434	1.0	27.115277000000003	13.581939000000002	3.0	22.210563	0.9105780000000001	1.0	50.825957	10.915708	6.0	0.019639	18.352097	4.0	75.739643	11.794138	5.0	79.55960400000001
9415.0	3.0	99.30973	3.696623	58.854197	97.394839	0.472192	0.639247	0.33159099999999997	0.977384	12.649431	3.0	55.262634999999996	21.738798000000003	2.0	0.025934	12.28122	2.0	43.066221999999996	17.417519	4.0	44.432106	7.759138	1.0	75.299829	12.198243	3.0	0.0135	13.183948000000001	3.0	48.712841999999995	22.685558	3.0	73.55710400000001
