6.0	3.0	20.128004999999998	16.463839	53.647523	53.671301	0.446112	0.861419	0.819728	0.399888	2.924109	2.0	31.728779	20.490539000000002	1.0	0.019977	0.17032	6.0	86.669507	1.9017509999999997	6.0	67.515527	23.00338	4.0	26.404228000000003	7.92148	3.0	31.408982	12.288189	2.0	10.115327	4.2640139999999995	1.0	16.472177	24.533025	3.0	92.12742800000001
30.0	3.0	69.896618	5.889762	10.071489999999999	87.667346	0.630134	0.396278	0.26010500000000003	0.713737	22.323767	1.0	30.375878000000004	20.859975	1.0	0.020437999999999998	2.4335139999999997	5.0	5.824158000000001	1.9022330000000003	1.0	91.811419	23.523541	4.0	58.127247	14.857460000000001	2.0	46.996899	2.508547	6.0	6.977692	21.483638	5.0	47.653791999999996	23.781425	5.0	53.693601
74.0	3.0	23.706142	1.9220240000000002	56.58433	50.691416	0.202101	0.5858369999999999	0.100953	0.429122	6.8363	2.0	72.111391	25.296796	5.0	0.029449	3.887468	6.0	26.780455	5.575678	1.0	68.49178	1.28751	6.0	8.291444	11.115578999999999	2.0	98.12088	11.742907	6.0	41.219971	7.168858	3.0	81.206462	21.44712	1.0	2.7944310000000003
92.0	3.0	60.86246	7.9411059999999996	92.76349	14.976231	0.201783	0.713895	0.9297059999999999	0.232058	20.472445	1.0	64.77937800000001	22.298913	2.0	0.011609	1.8202150000000001	6.0	95.16947900000001	0.361971	3.0	39.530035999999996	16.841845000000003	2.0	90.13936899999999	21.995672	2.0	24.493515	11.054469000000001	3.0	25.049426999999998	20.305994000000002	4.0	97.09084399999999	23.417534	3.0	34.737035
144.0	3.0	44.190616999999996	1.766298	25.377729000000002	49.348692	0.132969	0.585799	0.147287	0.6987329999999999	9.029749	3.0	34.545396000000004	19.029615	4.0	0.013944999999999999	3.406028	3.0	70.436361	0.8015140000000001	1.0	3.434535	22.768426	6.0	66.186511	22.346298	5.0	34.243547	20.774639999999998	1.0	96.133813	13.995370999999999	2.0	97.98628599999999	14.100539999999999	5.0	43.753699
173.0	3.0	65.965694	1.855477	53.402632999999994	86.56790699999999	0.363671	0.549866	0.222318	0.796331	3.6769019999999997	1.0	74.252875	19.619311	4.0	0.010352	2.186801	3.0	88.43364	2.0675	5.0	31.153337	18.358914000000002	3.0	29.2467	2.577835	3.0	64.664397	18.673735	1.0	34.680647	3.192246	1.0	87.473677	19.920726000000002	2.0	24.897733
305.0	3.0	75.19547800000001	15.015521	50.841308000000005	51.801631	0.862207	0.951033	0.488195	0.791482	19.142317000000002	4.0	11.071747	25.369788	1.0	0.750261	3.6440300000000003	3.0	24.351252	2.602271	5.0	71.894735	17.889342000000003	3.0	96.754929	21.932028	6.0	19.739099	18.123735999999997	6.0	91.43042	8.381624	2.0	71.493971	13.462774	3.0	44.358837
311.0	3.0	75.223872	4.416469	94.830574	73.55925	0.924658	0.524472	0.7691319999999999	0.450607	4.254383	6.0	38.601003000000006	20.934545999999997	5.0	0.010657	0.451276	5.0	71.654801	5.033799	1.0	53.245633999999995	8.546859	5.0	64.99965300000001	12.997434	2.0	12.52968	9.905091	4.0	76.800436	21.756315	1.0	54.258359999999996	2.5988290000000003	2.0	46.893341
324.0	3.0	57.942523	59.57679	75.677368	90.137682	0.8711260000000001	0.971087	0.764321	0.348179	13.829378	5.0	62.979699	0.9869610000000001	6.0	0.015393	5.02276	2.0	57.314645	4.555936	3.0	49.261158	3.671669	4.0	17.986529	15.616499	5.0	1.027334	18.081795	6.0	35.979363	15.266132999999998	3.0	52.021044	2.570148	2.0	31.134478
357.0	3.0	25.341409	4.167294	57.805663	99.236378	0.506518	0.259438	0.637366	0.508235	1.9888700000000001	1.0	98.24398599999999	13.070159	1.0	0.024108	2.044361	5.0	87.470036	1.583949	6.0	51.840517	14.879145999999999	2.0	71.396309	1.8827779999999998	6.0	46.707197	9.789753999999999	4.0	98.10149799999999	7.932978	2.0	99.371972	18.671776	2.0	61.530522999999995
398.0	3.0	74.486352	2.990132	88.61103100000001	32.161668	0.225779	0.626682	0.322621	0.196712	0.9753040000000001	2.0	88.601158	4.68609	5.0	0.059823	5.382967	3.0	92.84040999999999	2.808334	1.0	29.549819	21.179824	5.0	36.886046	12.587785	1.0	2.001938	20.354935	6.0	59.533396999999994	12.598051	2.0	35.673635	3.8081419999999997	4.0	25.514241000000002
568.0	3.0	34.043993	9.169911	40.549310999999996	68.088431	0.5492199999999999	0.913165	0.42537299999999995	0.767538	16.138345	1.0	24.741992	2.918302	2.0	0.016218	3.6108190000000002	2.0	55.15944399999999	1.418556	1.0	77.976748	20.558528	3.0	71.8029	4.235123000000001	4.0	1.6038379999999999	21.977332999999998	4.0	33.029523	24.185271	1.0	34.856279	4.0569440000000005	3.0	35.028706
633.0	3.0	6.174882	28.431568	28.102536999999998	67.26051700000001	0.8752559999999999	0.942959	0.271384	0.49435100000000004	11.943292	6.0	77.724559	5.89993	3.0	0.14441600000000002	5.20854	1.0	56.642210999999996	1.416984	3.0	75.435869	10.812672000000001	1.0	48.106074	15.018092000000001	3.0	99.046852	23.997134	6.0	34.749665	16.941485	3.0	18.675801	1.256634	6.0	37.038878000000004
635.0	3.0	81.19398000000001	36.368443	51.188888	59.331304	0.527828	0.978167	0.176525	0.120746	13.343147	3.0	27.528713	6.467782	3.0	0.014661000000000002	3.260037	5.0	12.084163	3.955014	5.0	98.662989	18.488673000000002	4.0	60.928072	23.118548	4.0	94.975155	16.910467999999998	4.0	40.857467	8.668846	2.0	95.17241	22.239284	2.0	94.784832
700.0	3.0	6.474038	7.73605	15.171304999999998	67.307227	0.689336	0.9300360000000001	0.206387	0.21628000000000003	11.845362	1.0	28.837778000000004	20.390321	4.0	0.041325	4.216524	4.0	71.17727	1.712905	4.0	5.322948	16.601329	5.0	34.320014	18.845975	4.0	31.875169	3.906113	1.0	11.513605	22.675023	5.0	79.894645	0.950203	6.0	65.928227
758.0	3.0	65.366589	18.633304000000003	95.545666	52.635239	0.287292	0.8690620000000001	0.891323	0.12415899999999999	3.560964	5.0	64.548429	20.780881	5.0	0.019663	5.0788519999999995	2.0	2.298845	6.051471	3.0	12.441804	12.492283	3.0	99.289518	6.688467	6.0	37.29403	9.586238999999999	4.0	54.676396999999994	5.805413	2.0	30.03175	13.970244000000001	2.0	24.92602
879.0	3.0	93.80132900000001	24.582984	48.748855	19.359334	0.928184	0.663644	0.61598	0.4499	23.444994	6.0	33.062207	24.376645	2.0	0.034098	1.130082	2.0	49.511907	4.645266	4.0	52.522167	22.567304999999998	1.0	64.953331	19.183631	3.0	84.575854	15.678279000000002	2.0	94.132437	19.466336	1.0	18.816763	13.152610000000001	5.0	87.944766
894.0	3.0	52.05743	6.872249000000001	77.095782	12.211969	0.214954	0.729097	0.692392	0.44593900000000003	1.321749	6.0	44.366703	4.44799	3.0	0.026599	1.996895	6.0	12.028083	1.137464	1.0	39.950187	23.532123000000002	3.0	36.795763	22.943049	2.0	47.104534	24.064973000000002	4.0	16.874858	21.245479	5.0	21.938836	6.266254	5.0	16.329869
967.0	3.0	50.147203000000005	5.037989	29.073109999999996	73.298937	0.873236	0.397839	0.8673120000000001	0.907733	9.024947000000001	6.0	49.093033	17.555906	4.0	0.030116000000000004	1.8330810000000002	2.0	33.162856	4.518294999999999	2.0	85.022299	8.504303	2.0	81.022425	14.027148	4.0	97.416791	18.654017	6.0	85.939278	17.461294	2.0	10.956728	3.558203	5.0	24.696314
978.0	3.0	9.142397	8.431636	82.523195	60.754220999999994	0.533518	0.501699	0.5437069999999999	0.440665	4.990947	2.0	31.350493	20.141184	6.0	0.012244	1.6659540000000002	1.0	35.947041999999996	0.123976	6.0	27.329703000000002	11.102886999999999	6.0	54.115705000000005	3.228012	5.0	4.475683	18.332373	6.0	71.24736899999999	23.632364000000003	1.0	42.45773	6.730123	3.0	21.474066
990.0	3.0	19.261886999999998	3.546874	24.078785999999997	85.254661	0.411408	0.626799	0.739401	0.219347	4.208480000000001	4.0	30.968271	14.953854000000002	5.0	0.011105	5.536041	2.0	41.601149	2.76982	5.0	4.153832	11.516325	6.0	35.905201	23.32283	4.0	37.412405	13.556653	2.0	15.210164	18.279528	2.0	22.020778	9.676733	6.0	24.117644
1089.0	3.0	74.40419399999999	13.381254	42.195863	63.31531999999999	0.425737	0.9218719999999999	0.803605	0.349493	0.27723600000000004	5.0	12.703116	0.842885	6.0	0.010619	2.6420209999999997	6.0	21.696691	4.239534	4.0	78.629121	11.332749	5.0	83.350302	8.351661	3.0	62.125728	13.421567000000001	1.0	95.70890899999999	6.649025	3.0	60.639720999999994	11.882391	2.0	36.55892
1105.0	3.0	39.73733	67.404503	35.873169	50.612154	0.583059	0.8200870000000001	0.275836	0.8166859999999999	3.6318449999999998	2.0	4.456828	10.670738	5.0	0.012029	4.000128	2.0	99.07939	2.826448	3.0	61.860554	17.897724	2.0	97.044742	0.626111	4.0	83.186937	19.650161999999998	2.0	7.356492	1.1119620000000001	6.0	48.157379999999996	1.363549	6.0	84.08495
1230.0	3.0	91.047327	10.599246	48.469332	99.721695	0.789986	0.723759	0.666247	0.58372	0.9498790000000001	2.0	64.439231	1.3480860000000001	3.0	0.01158	3.740417	6.0	75.3899	5.237872	4.0	32.652044000000004	10.614424	6.0	52.292882	21.345370000000003	3.0	79.68803199999999	18.825452	3.0	58.083999	8.249249	2.0	49.574748	13.653395000000002	6.0	22.526861
1283.0	3.0	43.949622999999995	17.504273	26.964222999999997	93.443973	0.571769	0.83904	0.46390600000000004	0.501602	21.81413	4.0	53.41479399999999	24.743085999999998	6.0	0.011937999999999999	6.244185	2.0	97.891542	5.073606	1.0	73.54665	22.346885	2.0	76.360259	12.760539999999999	2.0	10.636314	2.395679	5.0	81.16885	20.524959	4.0	92.743821	8.286743	5.0	86.976085
1286.0	3.0	44.848494	4.000078	19.514287	94.33394100000001	0.6002609999999999	0.352636	0.430134	0.504568	22.983024	5.0	53.371756999999995	4.102692	5.0	0.023699	3.784103	4.0	91.953436	3.3036199999999996	5.0	55.3453	0.831375	6.0	86.64366	18.292385	3.0	46.2141	8.888782	6.0	14.847373999999999	13.790068	1.0	21.839037	11.840276	5.0	30.299539000000003
1297.0	3.0	93.589541	12.757539	83.39211999999999	33.101756	0.291232	0.5295300000000001	0.9076620000000001	0.594834	17.738351	6.0	65.813925	9.933736999999999	1.0	0.014072999999999999	1.627988	5.0	50.682281	3.671498	4.0	60.641123	21.191623	3.0	10.435410000000001	8.966363000000001	3.0	13.286138000000001	0.828709	1.0	58.200553	15.796479000000001	2.0	78.515571	9.910142	2.0	18.688704
1313.0	3.0	46.005662	21.22247	34.663649	79.09194699999999	0.167964	0.9127770000000001	0.560368	0.584647	17.637310999999997	2.0	92.61776	14.366612	5.0	0.010152	1.281643	3.0	61.83008	4.822648	4.0	22.604733	21.613495999999998	6.0	90.83055300000001	23.756507	3.0	90.247364	13.345035999999999	1.0	39.377158	21.048132	2.0	55.926903	10.298364	6.0	15.911645000000002
1327.0	3.0	57.007912	3.809386	29.670308000000002	23.713485000000002	0.539652	0.533877	0.252633	0.706278	11.202964999999999	5.0	54.88991600000001	14.609767999999999	2.0	0.096325	0.803126	4.0	41.462749	4.181798000000001	6.0	78.616497	22.674445000000002	2.0	22.960932999999997	10.714419	5.0	53.27655	3.42374	2.0	33.042235999999995	9.676117999999999	2.0	16.371160999999997	2.857772	2.0	67.415953
1345.0	3.0	21.89358	19.541337	69.873988	89.172995	0.204574	0.665809	0.186441	0.8915780000000001	9.072192999999999	5.0	15.823647	11.570217	4.0	0.011672	0.664656	4.0	6.860587	1.663925	3.0	65.83165100000001	17.204007999999998	3.0	56.638797	1.0194370000000001	2.0	86.729736	21.402601	5.0	69.610947	5.817199	6.0	35.940451	8.573487	4.0	19.350454
1374.0	3.0	21.617355	4.954771	98.153086	53.378781999999994	0.7792020000000001	0.895732	0.10747000000000001	0.711017	23.818908999999998	2.0	15.120225	18.247920999999998	6.0	0.012645	0.759325	3.0	53.436046999999995	3.62649	6.0	2.7146790000000003	20.60289	1.0	75.44018100000001	3.6445190000000003	4.0	90.284582	22.623915	1.0	47.86233	5.807672	2.0	64.671947	11.260576	3.0	57.084687
1431.0	3.0	75.37434300000001	11.634016	30.640121	89.7734	0.112748	0.894559	0.36291100000000004	0.1106	19.468403	4.0	10.899478	11.465351	4.0	0.029414999999999997	1.7063869999999999	1.0	70.020021	4.717468	4.0	86.354377	13.227932000000001	2.0	39.185922999999995	7.81232	1.0	77.575061	23.70264	3.0	71.847931	23.835719	4.0	26.086022	9.530826	2.0	94.76256
1491.0	3.0	6.01812	44.719477000000005	97.080529	28.566439000000003	0.920167	0.574576	0.706387	0.616418	17.388972	4.0	64.30283299999999	6.075736	6.0	0.011288	5.1972879999999995	1.0	81.836558	2.682703	3.0	92.374491	23.453022	3.0	48.019662	8.279116	4.0	69.93154100000001	22.571816000000002	4.0	72.375219	18.659983	1.0	7.153522	1.348802	4.0	47.676895
1540.0	3.0	89.864798	4.8783080000000005	80.508169	64.82347800000001	0.602533	0.6833560000000001	0.80503	0.829326	3.055173	4.0	76.672708	4.414781	3.0	0.25065	2.434572	2.0	67.211877	0.7749189999999999	5.0	60.183862	18.026267999999998	1.0	59.418355000000005	25.169313	4.0	60.471897	0.280902	6.0	53.77135	2.61488	6.0	12.536949	11.555900999999999	5.0	24.711737
1553.0	3.0	16.228143	2.11089	24.760459	46.789038	0.6260600000000001	0.5889449999999999	0.581172	0.27520900000000004	22.719526000000002	4.0	51.570787	0.632312	4.0	0.031485	1.080973	1.0	78.099398	0.948067	2.0	17.682342000000002	20.190832999999998	3.0	84.58970699999999	2.078437	2.0	72.12238	11.307807	3.0	92.143619	16.907529999999998	2.0	3.1435169999999997	20.002557	5.0	65.902698
1621.0	3.0	88.929872	26.624059999999997	19.356261	97.952465	0.756903	0.9064709999999999	0.34528000000000003	0.391302	10.193647	5.0	21.923302	2.947292	1.0	0.013032	1.829064	6.0	74.122867	6.100062	1.0	92.210177	17.773421	5.0	39.834865	9.893321	6.0	37.395942	9.15	4.0	2.844505	11.546619999999999	4.0	16.077720000000003	11.708642	2.0	47.602163
1739.0	3.0	99.747466	12.549891	61.27794599999999	45.031388	0.8535709999999999	0.553746	0.450604	0.789396	8.541752	3.0	65.974513	3.385326	2.0	0.030721	5.268261	3.0	70.06076	4.252586	3.0	73.718213	19.136696	4.0	90.506591	18.280569	1.0	17.031793	7.820358000000001	5.0	81.312929	13.965148999999998	1.0	18.184654000000002	2.104575	3.0	75.472373
1742.0	3.0	57.337871	2.9209509999999996	98.116072	26.845122999999997	0.248727	0.8339709999999999	0.5111140000000001	0.23518000000000003	11.834315	5.0	9.888819	16.559645	5.0	0.049976	4.241059	6.0	55.105015	4.876362	1.0	41.726658	19.739145	1.0	57.038771999999994	14.810008999999999	3.0	91.032312	18.126268	6.0	10.487105999999999	3.991767	5.0	4.182802	4.7483	5.0	61.791116
1801.0	3.0	70.187566	4.730353	33.729591	55.23556800000001	0.42233999999999994	0.340802	0.774853	0.6014109999999999	3.002196	1.0	66.975868	15.0282	4.0	0.024363	2.410662	3.0	74.55111099999999	1.14721	1.0	12.588773	17.720239000000003	1.0	28.292999	8.982523	5.0	65.779871	16.307126999999998	6.0	31.713865999999996	23.209249	6.0	43.421001000000004	16.947126	6.0	63.687574
1805.0	3.0	84.01034	1.872166	76.952788	33.740845	0.44846400000000003	0.315258	0.27952	0.47233800000000004	23.183616	3.0	44.674609000000004	11.307554	4.0	0.020489	5.195057	4.0	80.165846	0.769379	6.0	21.61841	19.227755	4.0	11.937031	18.505769	4.0	65.729635	1.624408	6.0	48.089382	8.314857	3.0	80.912116	24.860884	1.0	7.439013
1816.0	3.0	88.322907	2.256655	20.799934	41.336534	0.56265	0.862016	0.692619	0.402046	9.086117999999999	4.0	76.95725999999999	5.430408	5.0	0.12689	4.3801120000000004	4.0	77.381576	4.875853	2.0	12.7974	23.414882000000002	4.0	79.835625	8.172659	2.0	13.619774	0.781022	3.0	83.681709	21.952820000000003	4.0	46.568746000000004	1.333257	3.0	19.53405
1840.0	3.0	19.353343	15.768282000000001	74.26088399999999	94.302132	0.967777	0.6510729999999999	0.7061850000000001	0.271269	15.693132	2.0	72.838091	13.776913	5.0	0.018795	4.767014	3.0	82.711389	3.093702	4.0	27.202433000000003	7.578939	1.0	5.19921	3.743903	1.0	72.806354	21.555460999999998	3.0	38.091079	3.787588	4.0	35.727657	15.430416000000001	2.0	30.447502000000004
1901.0	3.0	8.273763	30.785829	94.24282	87.26513299999999	0.65691	0.884843	0.38648000000000005	0.116496	16.598814	6.0	99.179295	5.38966	5.0	0.013850999999999999	1.253731	5.0	20.446635999999998	0.8284940000000001	1.0	19.76676	22.064162	5.0	87.322399	4.008281	6.0	54.09555600000001	22.626523000000002	6.0	58.515102	6.332768	5.0	81.684512	14.338854000000001	3.0	25.113868
1959.0	3.0	4.179599	42.012138	78.119734	70.274064	0.618575	0.5624560000000001	0.997872	0.805469	22.58588	1.0	92.323551	7.282482000000001	1.0	0.01517	4.634919	2.0	18.817129	1.9345599999999998	4.0	22.767266	5.215978	5.0	28.338124	20.686297	2.0	33.843382	24.07835	5.0	48.329115	0.251432	3.0	65.386925	4.351614	2.0	94.915902
1990.0	3.0	12.330184	5.028626	95.38338399999999	34.494907	0.332086	0.217135	0.19558499999999998	0.136271	23.733346	6.0	59.39764	18.899863	3.0	0.010876	4.560272	6.0	28.438014000000003	0.408032	4.0	23.841571	15.313014	6.0	7.278616	23.737819000000002	5.0	45.021477000000004	22.633649	5.0	67.680359	18.387619	4.0	10.544787	8.008941	5.0	44.311209999999996
2011.0	3.0	81.318873	13.433909	38.865986	39.181988	0.719938	0.974091	0.617984	0.5565260000000001	15.961848000000002	6.0	15.657810000000001	9.246094	3.0	0.029567000000000003	6.090093	2.0	14.329072	4.4077470000000005	2.0	42.943576	15.693876999999999	1.0	92.37025	6.4230160000000005	1.0	53.923949	17.626795	3.0	68.510118	1.551434	3.0	36.017846	0.582904	4.0	50.837547
2033.0	3.0	1.528197	42.081540000000004	99.411745	46.656259000000006	0.765113	0.627614	0.9566690000000001	0.191519	13.744815	5.0	10.762089	17.149816	3.0	0.192648	2.451364	4.0	56.131887	6.065745	6.0	55.947970999999995	19.359953	6.0	84.554795	8.338902000000001	1.0	48.760766	0.42466499999999996	4.0	55.35991800000001	19.981111	3.0	90.70739499999999	8.970163000000001	3.0	98.899045
2091.0	3.0	15.940348	16.134753	42.346099	17.762675	0.187756	0.917759	0.200197	0.7237239999999999	13.522357999999999	3.0	8.445908	4.727149	6.0	0.022798	4.258826	2.0	43.028209999999994	3.0369029999999997	4.0	41.912375	18.445460999999998	4.0	46.203016	3.937607	3.0	59.72630600000001	19.879620000000003	6.0	76.72758	22.601609	5.0	78.58539499999999	12.337489	2.0	26.455634999999997
2252.0	3.0	55.235440000000004	15.156172	95.739205	30.601816999999997	0.708422	0.533419	0.785974	0.684704	11.107215	1.0	90.63935500000001	4.137685	2.0	0.03438	2.6653029999999998	5.0	18.076909	5.863987	4.0	70.616845	21.093579000000002	4.0	13.856933999999999	7.627910000000001	5.0	79.852388	16.778035	2.0	97.342185	10.532525999999999	6.0	54.335781999999995	23.321594	5.0	21.222563
2270.0	3.0	26.2269	4.858812	47.515808	54.75666999999999	0.652413	0.247454	0.813052	0.334047	8.234826	2.0	8.503123	1.143856	2.0	0.017981999999999998	3.0081	4.0	24.674870000000002	4.180394000000001	5.0	19.316056	20.845803	4.0	95.645441	22.985339	5.0	51.343810999999995	21.190835	3.0	62.531538	8.069247	3.0	97.467905	0.7596970000000001	4.0	8.976707000000001
2289.0	3.0	7.544785000000001	16.018773	56.399579	41.950246	0.329972	0.818497	0.682296	0.9315950000000001	9.081122	1.0	34.349457	11.541131	1.0	0.049238	3.603457	6.0	30.842418	2.1899040000000003	6.0	79.80569200000001	14.436558999999999	4.0	78.57800300000001	24.24221	5.0	66.582033	18.570316000000002	6.0	80.888548	1.81161	2.0	2.724501	4.493878	4.0	82.873085
2329.0	3.0	15.560348000000001	36.695288	95.056798	78.839562	0.19877899999999998	0.9797100000000001	0.288479	0.348655	5.269805	4.0	6.713697	3.250484	6.0	0.012045	4.008842	4.0	27.257157	3.596133	5.0	79.267322	17.110927	4.0	87.641913	15.329872	5.0	77.463789	6.606876	2.0	95.032976	7.012287	6.0	4.281983	14.252782	3.0	80.532758
2499.0	3.0	72.893301	10.956327	15.55005	21.630725	0.46265500000000004	0.9001899999999999	0.837973	0.18037999999999998	16.391408	1.0	1.4718360000000001	6.690338000000001	3.0	0.020905	5.575404	6.0	38.609653	4.981142	4.0	45.369896999999995	16.896392000000002	2.0	59.092773	19.456943	3.0	89.896585	5.471844	3.0	91.042968	2.812211	6.0	6.647003	4.2009360000000004	5.0	16.065981
2516.0	3.0	3.6615550000000003	8.830566000000001	90.84650400000001	23.614176999999998	0.9786	0.285428	0.9007649999999999	0.159154	13.990110999999999	2.0	49.322107	13.615085	3.0	0.027939999999999996	5.358721	2.0	27.671232	4.16892	5.0	71.094307	23.779887	6.0	2.085102	13.798076000000002	6.0	50.808493	23.056857	6.0	21.356191	16.500615	5.0	59.152291000000005	1.183431	5.0	71.061402
2639.0	3.0	84.932879	4.527442	33.00051	37.163025	0.5733010000000001	0.5553520000000001	0.974292	0.502999	18.564079	1.0	84.75694399999999	1.1828670000000001	5.0	0.012378	0.57244	4.0	15.228644000000001	1.167278	4.0	89.24733	19.009918	3.0	62.65617099999999	8.798096000000001	2.0	17.654887	16.5144	3.0	78.227338	1.951281	5.0	43.78215	1.9305430000000001	6.0	38.830366
2673.0	3.0	1.598419	1.484429	66.04533599999999	59.109338	0.9342719999999999	0.501195	0.791641	0.103375	14.166476000000001	5.0	15.839436	19.274497	3.0	0.46725900000000004	0.22539099999999998	3.0	83.773589	5.716548	1.0	20.688107000000002	6.453016000000001	2.0	50.011611	23.632072	3.0	60.883286	13.674183	5.0	34.51903	4.074606	1.0	66.82425699999999	17.552598	3.0	17.351708
2723.0	3.0	81.593074	2.503567	43.71723	58.09750699999999	0.298546	0.935584	0.8531639999999999	0.28325700000000004	13.276873000000002	3.0	74.373039	17.548522	3.0	0.032882	2.967175	1.0	4.839786	5.618983999999999	4.0	21.087888	15.252765	5.0	38.982628000000005	18.956641	3.0	81.677941	11.456301	5.0	33.897805	23.300001	1.0	3.7510739999999996	15.253774	5.0	15.988183
2757.0	3.0	1.9475770000000001	83.117351	8.996257	83.45658900000001	0.478042	0.322954	0.45632700000000004	0.194051	7.771159	6.0	1.9250479999999999	6.82302	6.0	0.012227	4.301783	4.0	17.256565	0.9354	6.0	88.09285899999999	8.882188000000001	1.0	86.935272	8.58485	1.0	98.99199399999999	3.7192519999999996	6.0	44.199	17.634588	3.0	14.303633	13.147235	4.0	70.258336
2790.0	3.0	75.022859	3.317651	71.473303	59.81618100000001	0.8965350000000001	0.578852	0.5946239999999999	0.566396	19.168718	3.0	6.06493	2.228002	2.0	0.011914	6.11904	6.0	97.631512	2.36692	1.0	49.500032	6.4974110000000005	5.0	84.35649000000001	10.701717	3.0	10.628428	6.146875	2.0	81.775586	11.911763	5.0	46.552339	15.616419	4.0	63.941361
2900.0	3.0	1.417582	30.86921	93.97824399999999	88.973248	0.6250399999999999	0.40990699999999997	0.6260319999999999	0.424232	8.343962	1.0	15.799357999999998	5.110462999999999	5.0	0.021047	2.607639	2.0	46.05353	1.248664	1.0	57.481868000000006	17.39254	4.0	2.177449	17.932857000000002	4.0	94.995411	0.47153500000000004	4.0	37.595806	2.356334	6.0	47.697078000000005	4.819159	5.0	58.559118000000005
2924.0	3.0	11.278571000000001	19.033993	19.486499	83.851774	0.536171	0.498928	0.74366	0.489605	0.659671	6.0	82.666928	24.624399	3.0	0.011917	0.548225	4.0	77.01831700000001	4.163104	1.0	76.928004	21.031893	6.0	30.916188000000002	7.53725	5.0	18.813596	7.030889	6.0	53.666702	14.680434	2.0	29.879978	15.358765	1.0	77.321437
2935.0	3.0	74.929865	5.570892	78.504849	92.793311	0.6016520000000001	0.984527	0.177884	0.578073	21.720810999999998	1.0	24.389267	18.588679	2.0	0.030331	1.058131	3.0	50.309849	3.506122	4.0	68.698705	11.065348	1.0	69.513615	16.428831	1.0	94.026871	19.819516	2.0	64.211788	13.462549	2.0	58.499889	6.876510000000001	4.0	54.157379000000006
2940.0	3.0	39.801277	8.087091000000001	41.203934000000004	78.17859200000001	0.302182	0.472239	0.526907	0.603909	18.973414000000002	4.0	9.347131	19.061953	6.0	0.021215	1.053618	3.0	6.782813000000001	4.3864730000000005	3.0	54.295390000000005	14.593023	5.0	76.73316	5.859946	1.0	40.489896	3.9624379999999997	5.0	73.427063	17.734056	4.0	11.827425	6.196395	6.0	90.529949
3053.0	3.0	89.354489	13.439525	83.882423	93.24995899999999	0.8891479999999999	0.738074	0.35228400000000004	0.976549	4.342219999999999	5.0	6.863538	16.088045	2.0	0.090317	2.603627	6.0	27.396838	4.697384	5.0	61.432280000000006	17.866297	5.0	8.203766	23.800677	1.0	69.83698199999999	2.8434630000000003	5.0	7.993942999999999	13.206581	1.0	79.479431	12.459113	2.0	54.68608199999999
3070.0	3.0	24.146866	4.16861	91.14748399999999	40.792906	0.26711399999999996	0.8391620000000001	0.868972	0.499436	16.312366	6.0	13.90729	18.198318	6.0	0.010304	4.841557	5.0	79.44978499999999	0.588752	5.0	7.8282169999999995	17.327009	3.0	73.113005	7.4595899999999995	3.0	20.795828	1.6555669999999998	3.0	38.672657	16.773997	4.0	63.271655	7.208982000000001	2.0	56.174611
3152.0	3.0	85.18634899999999	5.177038	30.330779999999997	98.514902	0.182005	0.23008299999999998	0.281629	0.281371	5.247498	1.0	71.535376	3.5624559999999996	1.0	0.034502	4.232375	5.0	74.531917	0.13517200000000001	6.0	48.923905	15.359651999999999	2.0	36.932055	8.869716	4.0	69.77115	8.354756	4.0	5.582126000000001	14.254114999999999	6.0	29.798496999999998	14.846874	1.0	70.704274
3184.0	3.0	75.780604	12.32532	27.148501	69.66325400000001	0.479646	0.950147	0.460254	0.396946	23.027453	5.0	23.241606	20.489563	2.0	0.021997	2.7855529999999997	6.0	8.804725	2.6128270000000002	4.0	89.742296	11.192483	5.0	94.977743	19.871699	5.0	12.588296000000001	7.183402	6.0	36.866201000000004	16.02339	2.0	27.864811	12.168303	1.0	7.11585
3198.0	3.0	42.784622999999996	2.191539	78.672728	59.499028	0.18123699999999998	0.914018	0.429617	0.290431	19.171277	4.0	76.65431	25.108566	4.0	0.029358999999999996	0.784674	3.0	85.27545500000001	5.878145	2.0	81.781727	9.186653999999999	1.0	22.485454	14.543130999999999	5.0	73.930138	7.540019	3.0	23.354412	17.050601	4.0	91.33411600000001	7.638263	2.0	96.952993
3232.0	3.0	75.11667800000001	15.746085999999998	23.938523999999997	48.158544	0.582029	0.6163	0.17268	0.208941	17.168671	6.0	34.403656	25.187699	5.0	0.011309	0.8728389999999999	4.0	71.777622	3.988104	4.0	67.673128	17.092241	3.0	6.405298999999999	5.345542	1.0	58.948487	13.760875	2.0	30.471897	19.766810999999997	6.0	90.948791	0.9547950000000001	3.0	81.954953
3285.0	3.0	66.38439	3.143613	22.515952	37.351543	0.210637	0.48043199999999997	0.754664	0.124825	20.429916	2.0	48.034380999999996	2.950269	5.0	0.014334999999999999	3.3930339999999997	4.0	38.046838	0.939275	5.0	6.921646000000001	7.222175	5.0	83.986235	11.83583	6.0	76.202086	2.188539	3.0	69.972111	17.640615	4.0	69.604283	19.828176000000003	6.0	62.201421999999994
3364.0	3.0	2.717597	19.453339	25.446998	91.757801	0.7936270000000001	0.355759	0.917042	0.503383	19.98304	2.0	4.4951669999999995	11.528414	5.0	0.012937	5.710197	5.0	20.101021	2.8057060000000003	5.0	71.970021	14.664701	6.0	59.039643000000005	1.153467	2.0	61.89060500000001	10.007402	4.0	26.095768	2.083405	2.0	39.436764000000004	13.309767	1.0	35.391619
3384.0	3.0	11.173631	4.9603589999999995	59.779697999999996	84.86773000000001	0.134212	0.8532200000000001	0.945534	0.781674	2.763976	2.0	25.836726000000002	9.149498	1.0	0.031062	1.357024	5.0	29.969552	0.19383599999999998	1.0	70.44688599999999	19.23405	3.0	58.172022	14.256568	6.0	5.103743	19.540795000000003	4.0	27.460040999999997	9.154422	1.0	20.448525	24.765082999999997	6.0	92.362222
3536.0	3.0	41.560357	9.815123	64.355396	72.679171	0.258076	0.339391	0.523933	0.42286599999999996	4.180834	2.0	41.987613	3.614936	5.0	0.026467	1.701326	3.0	86.19044699999999	0.810361	5.0	42.332437	22.138331	5.0	82.91788100000001	10.6878	3.0	81.706128	2.5513209999999997	6.0	34.864554999999996	10.045532000000001	5.0	34.340605	3.242308	2.0	49.057924
3549.0	3.0	49.776175	9.601911	70.79812199999999	66.189347	0.115319	0.6940689999999999	0.644049	0.42818	12.415834	6.0	42.024608	14.654715	4.0	0.04137	1.8173560000000002	4.0	24.776377	2.7458240000000003	4.0	9.781207	13.768398999999999	2.0	31.775583	12.554839	2.0	98.401027	12.191144	6.0	48.398959000000005	23.927432	4.0	60.529585	4.838952	5.0	26.029219
3560.0	3.0	78.28116700000001	28.52345	76.332021	38.587981	0.216298	0.837133	0.9526389999999999	0.387036	6.291564	1.0	45.514669	17.24425	2.0	0.011473	3.0238959999999997	5.0	94.98084899999999	5.366935	2.0	54.684739	22.941817999999998	2.0	45.855237	11.901396	3.0	35.7302	7.2818309999999995	2.0	79.23656899999999	22.797152	5.0	35.978333	3.979158	2.0	37.170016
4014.0	3.0	61.15906	5.570268	84.183677	69.085	0.195188	0.748909	0.513131	0.913769	4.378179	3.0	56.519307999999995	13.029459	5.0	0.010997	1.808132	6.0	46.032014000000004	6.143823	6.0	52.676458	13.360056	3.0	9.767105	24.758468	4.0	25.588186	9.198316	3.0	67.35600600000001	16.17311	2.0	38.344763	23.434263	3.0	63.875113
4116.0	3.0	17.202147	14.933356	97.759111	99.389081	0.73597	0.5730109999999999	0.605582	0.8382940000000001	10.672744	4.0	36.089921000000004	1.2495370000000001	2.0	0.018095	1.300284	6.0	30.705941999999997	6.125991	3.0	32.021275	12.098666	3.0	95.215818	6.738801	6.0	4.3303769999999995	21.550692	6.0	51.309855999999996	11.950951	1.0	55.51858000000001	7.642484	4.0	41.258509000000004
4135.0	3.0	53.48135	6.53655	69.861328	40.343590999999996	0.783081	0.402642	0.928525	0.284988	1.382893	6.0	71.389061	5.397917	3.0	0.012215	0.315347	4.0	45.224342	6.000115	5.0	5.8559779999999995	20.580082	2.0	37.568024	19.374083	1.0	65.145237	9.105824	2.0	31.950676	12.539398	3.0	34.259462	0.694703	4.0	80.547862
4200.0	3.0	94.986088	19.007707	18.134222	13.854373999999998	0.537042	0.986431	0.24851700000000002	0.383811	22.023418	1.0	13.629189000000002	14.346917999999999	6.0	0.010115	6.077885	6.0	14.185732999999999	3.307801	5.0	7.598160000000001	13.887354	5.0	59.298989	22.172237	3.0	47.124765999999994	3.015361	4.0	92.74659799999999	3.6217870000000003	4.0	70.979366	8.894623	5.0	24.441365
4251.0	3.0	26.940089	6.807128	31.091834000000002	98.20437199999999	0.159466	0.502269	0.11024	0.6342439999999999	5.418404	6.0	26.580852	23.856920000000002	4.0	0.08067200000000001	0.731079	6.0	80.21134599999999	2.9632240000000003	4.0	40.541769	14.059937	6.0	40.107022	7.819553	3.0	88.528196	3.879806	3.0	51.065098	7.421603999999999	6.0	73.758124	21.887954	6.0	11.563782000000002
4256.0	3.0	13.909967000000002	16.226370000000003	42.642154999999995	63.013739	0.827535	0.496507	0.495026	0.43574700000000005	23.021805999999998	4.0	10.856826	9.389811	5.0	0.11358900000000001	0.5315409999999999	6.0	74.255336	4.167444000000001	1.0	70.813292	12.269267	5.0	87.70808199999999	20.674823	4.0	80.38334499999999	23.1037	2.0	10.354759	20.3798	5.0	61.370674	19.408224	3.0	67.147692
4334.0	3.0	82.21381099999999	4.047014	41.449827	43.385128	0.37246	0.33671	0.22388000000000002	0.888928	20.79748	2.0	48.960432	22.105443	4.0	0.025228999999999998	1.358674	5.0	51.94457	2.519839	6.0	15.697547	12.869114	5.0	48.920903	7.515376	6.0	78.150586	7.643055	2.0	79.509916	6.883769	4.0	47.518606	0.635828	6.0	88.077322
4345.0	3.0	96.118534	8.519102	25.169859	53.200044999999996	0.5888869999999999	0.579791	0.292146	0.8475590000000001	10.147397999999999	4.0	10.800269	7.115028999999999	1.0	0.010406	2.433995	5.0	58.271443000000005	0.582697	4.0	25.948086	14.925495999999999	2.0	32.94701	8.940585	4.0	63.42695500000001	10.396338	5.0	35.253690999999996	17.846293	2.0	21.627511	11.440472	1.0	71.06208000000001
4363.0	3.0	61.321527	20.437787	85.055728	35.06337	0.186808	0.800795	0.263268	0.584033	18.439435	1.0	41.418977000000005	14.036585999999998	5.0	0.025342	4.144373000000001	2.0	89.20102299999999	4.694572	2.0	12.970842999999999	21.321558	5.0	32.842865	12.110724000000001	6.0	99.622425	15.560397	2.0	86.00605300000001	19.651169	6.0	90.207965	0.415017	1.0	38.456726
4414.0	3.0	21.678929999999998	4.499283999999999	63.45365	99.40673100000001	0.8994059999999999	0.557668	0.86629	0.59475	21.241134	3.0	9.021522000000001	1.8232529999999998	2.0	0.083564	0.116756	2.0	84.276728	1.861577	1.0	61.014889000000004	22.836976999999997	6.0	73.811723	11.985635	2.0	99.667736	23.74014	6.0	27.743434999999998	8.583321	1.0	21.249624	13.950204000000001	1.0	9.272776
4708.0	3.0	93.996054	3.4614879999999997	88.623285	38.55213	0.41695299999999996	0.750071	0.506817	0.43400900000000003	15.923134	3.0	43.001861	8.575776	5.0	0.011692000000000001	2.858176	1.0	21.155020999999998	3.614429	1.0	78.513059	20.899638	4.0	78.450231	18.717807	5.0	37.739962	24.295735999999998	3.0	95.017042	24.205764000000002	6.0	28.454271000000002	1.4883950000000001	4.0	64.82397399999999
4716.0	3.0	91.241316	8.618223	6.612477	43.612875	0.161314	0.628872	0.785733	0.591094	3.7999370000000003	1.0	63.00115600000001	20.618928	4.0	0.012118	3.4047730000000005	4.0	97.986089	1.66723	6.0	2.813821	14.544725	3.0	37.595465000000004	16.051638	5.0	23.440438	1.342776	2.0	94.207983	0.585982	5.0	55.035991	21.05557	3.0	29.277820000000002
4767.0	3.0	18.728179	14.965004	14.105386	65.70245	0.5722189999999999	0.808875	0.106005	0.573769	8.304592999999999	3.0	33.963542	2.725835	2.0	0.035976999999999995	2.478358	1.0	20.897724	4.699609	3.0	62.840729	10.797547	6.0	55.63295600000001	0.700779	1.0	65.541847	11.676741	4.0	88.045665	8.495989999999999	1.0	98.791093	1.1892120000000002	4.0	54.485271
4888.0	3.0	85.975287	32.251329999999996	41.09848	16.967222	0.98064	0.9093600000000001	0.25515	0.8337950000000001	22.585117999999998	1.0	5.060283	1.80329	1.0	0.032258999999999996	5.397322	6.0	77.994658	4.728606	5.0	90.553567	19.642970000000002	2.0	78.76254499999999	21.762732999999997	2.0	57.320723	2.710566	1.0	52.639959	0.773316	3.0	81.928789	3.031605	6.0	32.650251000000004
4923.0	3.0	92.353266	7.107724	63.137831000000006	54.859398	0.45462700000000006	0.36440300000000003	0.395504	0.783421	19.307913	3.0	30.992502	7.680117999999999	4.0	0.08036900000000001	0.782157	4.0	9.353231	0.084884	3.0	12.047308000000001	11.787878	3.0	24.922021	2.734492	3.0	83.342279	0.354371	5.0	47.531588	22.695197	5.0	47.997854	23.269757000000002	4.0	96.475112
5007.0	3.0	50.413171999999996	4.382267	97.073187	98.700781	0.712341	0.734516	0.365332	0.43644499999999997	22.431766	4.0	6.635566000000001	2.359261	5.0	0.017125	1.257989	6.0	33.166228000000004	3.171094	1.0	33.033415999999995	18.338603	4.0	81.035739	12.743152	5.0	32.540743	11.554976	2.0	67.698943	10.374356	1.0	71.35036099999999	9.853878	1.0	52.293477
5046.0	3.0	52.094297999999995	11.913171	21.157647	34.754931	0.460226	0.617009	0.889826	0.815078	0.266644	2.0	66.772406	7.576065	3.0	0.013831	2.988395	1.0	23.536343	3.153142	3.0	39.23059	22.368213	1.0	65.07101	8.486846	4.0	26.278839	7.905264	1.0	91.204981	0.383784	4.0	72.891329	0.96546	3.0	88.869636
5122.0	3.0	45.868794	4.6930819999999995	39.453536	4.398937	0.275086	0.676649	0.793549	0.177677	18.378729	2.0	29.337684000000003	14.439985	3.0	0.061812	3.249635	6.0	29.279051000000003	1.464821	4.0	36.416672	15.569672	1.0	96.207712	12.755415	5.0	20.287619	3.898504	1.0	28.781278000000004	13.775870000000001	1.0	65.78846	4.91761	2.0	33.361458
5156.0	3.0	75.409072	3.436397	36.731768	70.328407	0.781688	0.729482	0.8602620000000001	0.525292	10.780154	2.0	61.866461	6.05194	1.0	0.040805	0.479525	5.0	33.630959000000004	4.872126000000001	3.0	70.640484	17.880021	2.0	83.86869899999999	12.446543	3.0	43.698638	9.396328	6.0	78.507827	4.810368	5.0	77.451909	9.466078999999999	6.0	54.020826
5238.0	3.0	79.599565	8.802321000000001	24.078897	29.801505	0.9727299999999999	0.9419629999999999	0.6736770000000001	0.8182729999999999	22.873251999999997	2.0	13.935232000000001	7.416438	4.0	0.026032	1.265755	3.0	29.203488	2.543841	5.0	23.384983	23.33871	6.0	28.905057	10.366219000000001	2.0	58.225592000000006	18.205105	4.0	34.453613	11.894285	4.0	9.223328	11.139498	5.0	56.276630000000004
5341.0	3.0	5.333781	51.183316	64.137635	91.57373299999999	0.610874	0.7034020000000001	0.5137619999999999	0.21005	16.822048000000002	3.0	8.524979	13.613112	1.0	0.013025	1.7636610000000001	5.0	36.93199	5.265778	5.0	57.004982	22.227381	6.0	10.70528	6.859574	6.0	91.030277	6.852238000000001	6.0	92.758853	24.096491	6.0	18.668034	12.329495	6.0	8.474055
5443.0	3.0	25.084526999999998	1.90618	20.289558	95.251379	0.212233	0.719558	0.462844	0.49144899999999997	3.781387	1.0	48.623263	16.345389	1.0	0.011067	0.680003	2.0	60.11059100000001	5.655880000000001	3.0	56.56664	9.527302	6.0	16.169811	11.637163000000001	1.0	68.698786	16.615442	2.0	91.15838199999999	12.719948	2.0	99.013793	14.157595	6.0	52.029641
5448.0	3.0	5.516918	11.485833	77.962766	44.953433000000004	0.9865360000000001	0.27758299999999997	0.958935	0.763579	20.288183	6.0	2.0740830000000003	2.3754020000000002	3.0	0.011729999999999999	0.820363	3.0	63.017689000000004	0.789687	1.0	27.236766999999997	13.606713000000001	6.0	80.209876	24.913698999999998	6.0	37.899446000000005	13.452155	4.0	2.931921	14.052257	5.0	54.897713	21.276249	4.0	1.2576379999999998
5457.0	3.0	32.715607	1.525164	74.308083	65.601086	0.425414	0.202932	0.27021100000000003	0.275674	2.749883	3.0	45.717465999999995	0.423362	3.0	0.190661	3.2307360000000003	4.0	81.692175	1.2151319999999999	3.0	7.854752	14.999474	4.0	54.394665	14.021775	2.0	63.408832999999994	1.748228	3.0	51.27214	23.547406	4.0	70.426978	10.616019999999999	6.0	9.102952
5653.0	3.0	92.016917	4.700637	85.97285500000001	77.695206	0.257592	0.6320640000000001	0.733642	0.774312	13.866183	2.0	26.185941	23.597182	3.0	0.013812	2.58019	5.0	73.373044	4.509707	1.0	72.200335	14.416841	1.0	66.199791	8.745327	2.0	30.536092	23.108589000000002	4.0	53.823283999999994	9.722961	1.0	22.130736	18.831974	4.0	87.762023
5750.0	3.0	38.946727	14.924066	44.823394	20.120302	0.626865	0.70591	0.38604299999999997	0.19380799999999998	10.625191000000001	1.0	63.007173	7.7582320000000005	3.0	0.054143	2.727189	3.0	9.554039	2.043872	6.0	79.945326	20.116020000000002	1.0	75.62621899999999	6.8717179999999995	4.0	65.040252	8.381383999999999	4.0	59.85128	8.60554	3.0	77.092477	15.663535999999999	2.0	67.724522
5789.0	3.0	77.786785	2.858775	23.005584	98.677782	0.591865	0.870868	0.788543	0.41123999999999994	23.17499	1.0	19.734364000000003	5.804012999999999	2.0	0.015209	2.7035419999999997	6.0	21.174247	1.3164790000000002	6.0	74.780836	6.660725	4.0	41.732116999999995	21.279439	2.0	86.111536	15.812534	4.0	23.882518	17.911932	3.0	53.777868999999995	6.720644999999999	1.0	71.953151
5792.0	3.0	56.659257	10.073466	70.337773	23.398963000000002	0.22672899999999999	0.963983	0.807331	0.44824200000000003	18.830213	1.0	55.634899	17.916061	3.0	0.033738	2.249299	5.0	39.727656	5.94448	1.0	75.023717	6.1751510000000005	3.0	99.24292700000001	12.817371000000001	2.0	67.344667	1.386762	1.0	56.905046	15.11556	3.0	66.935362	19.542348999999998	3.0	60.389711
5813.0	3.0	82.265046	3.6448160000000005	23.717553	28.503309	0.196856	0.6550199999999999	0.277737	0.670814	22.457626	2.0	13.430948999999998	22.722986	2.0	0.031367	5.795611	3.0	46.275334	2.504664	4.0	24.665982	22.757054	5.0	94.36790699999999	11.901713	4.0	28.278340999999998	23.146670999999998	6.0	82.222175	19.844281	2.0	37.038877	5.351337	6.0	37.532251
5823.0	3.0	34.407816	17.863343	17.299694	19.37796	0.66223	0.959932	0.21395	0.410934	6.291588	1.0	6.164696	19.55953	5.0	0.035591000000000005	1.28409	6.0	40.771716999999995	5.947825	5.0	92.945089	15.500719	3.0	6.644767	17.424482	6.0	71.766387	9.364627	5.0	9.629553999999999	7.574774000000001	3.0	70.420688	6.336483	3.0	75.008521
5848.0	3.0	69.74185899999999	20.888087	58.471938	23.924119	0.369687	0.7618010000000001	0.708497	0.505131	12.936428	1.0	77.712122	14.485266000000001	6.0	0.016169	4.596765	6.0	82.73405799999999	1.625377	2.0	22.848379	21.492444	3.0	59.17046	13.298797	4.0	56.059259	8.876971000000001	3.0	33.608612	0.706346	4.0	61.89499	15.168687	3.0	37.583273
5859.0	3.0	71.537601	5.6682879999999995	19.798227999999998	50.431758	0.275452	0.9798100000000001	0.344105	0.144877	3.711814	1.0	51.239003000000004	17.362322	4.0	0.018699	2.111153	3.0	52.985631999999995	4.850667	2.0	97.85749	5.021844000000001	1.0	92.808274	16.400304000000002	5.0	43.552222	13.671126999999998	3.0	16.735492	5.008657	2.0	58.584683999999996	18.287797	4.0	27.885825
5922.0	3.0	18.065102	1.268168	64.950962	82.799856	0.11470599999999999	0.93314	0.669665	0.16325599999999998	4.2947809999999995	3.0	74.19289300000001	10.601294000000001	6.0	0.023777	4.09324	2.0	26.232864000000003	2.989919	2.0	15.387992	19.690175	1.0	49.632806	3.029403	3.0	78.322587	15.891777	4.0	39.406121	18.982779	5.0	34.149018	1.6799950000000001	4.0	89.47055999999999
5982.0	3.0	35.191824	6.132219	62.515981000000004	36.023595	0.467308	0.536304	0.507462	0.353738	2.489271	3.0	74.72955	16.501189	3.0	0.011463	6.048722	5.0	46.479858	1.110028	5.0	76.242719	9.600325	1.0	31.779135999999998	16.602189000000003	1.0	41.158744	3.9787209999999997	5.0	41.071335999999995	10.237525	4.0	69.810041	16.146854	4.0	4.35584
5995.0	3.0	77.850764	14.344519	26.160532999999997	59.553881000000004	0.9551219999999999	0.722058	0.5553680000000001	0.36787800000000004	16.684773	5.0	76.338502	23.584768	5.0	0.0147	3.3924199999999995	3.0	25.72614	2.0044869999999997	3.0	40.049131	12.358543	5.0	13.364946	20.680149	2.0	92.027766	10.740638	5.0	25.875203	19.365079	4.0	34.626669	0.797942	6.0	78.411259
6014.0	3.0	33.846561	3.9569910000000004	95.370551	63.43839200000001	0.23363699999999998	0.973359	0.816635	0.608874	2.963009	2.0	25.816233999999998	5.378076999999999	1.0	0.011161	2.0956509999999997	3.0	58.212451	2.67678	1.0	1.350392	8.231136	1.0	93.609224	21.450295999999998	3.0	4.391419	6.91247	4.0	26.540528000000002	10.923861	5.0	70.628176	17.543771	2.0	33.262921
6207.0	3.0	2.814873	40.169328	94.638468	87.321015	0.942939	0.8799170000000001	0.984492	0.128367	23.813086	6.0	37.029578	8.159332000000001	5.0	0.023285	2.456905	6.0	12.275876	4.05549	1.0	46.322348	4.589296	2.0	45.40953	13.692637	4.0	78.50925699999999	15.05755	3.0	69.372286	18.180037	1.0	93.817853	12.204116	6.0	57.478334999999994
6211.0	3.0	50.077551	1.379458	87.451438	26.422074	0.560956	0.220597	0.7318439999999999	0.670606	3.214661	1.0	42.352369	3.717003	4.0	0.079345	0.729087	6.0	38.804228	3.285142	5.0	15.972760000000001	22.840273999999997	2.0	4.89674	23.421869	4.0	72.392638	15.336893	1.0	63.655348	4.51122	3.0	31.148707	21.854706	1.0	30.897465000000004
6212.0	3.0	72.305031	4.279475	49.911396	27.571828000000004	0.9533809999999999	0.762626	0.388302	0.20080699999999999	4.0301290000000005	6.0	10.587489999999999	17.331385	1.0	0.013408000000000002	0.449171	4.0	7.879719000000001	2.776898	1.0	30.803621000000003	8.642598	5.0	64.548589	7.262353999999999	2.0	90.587723	11.324881	4.0	81.523892	3.795487	6.0	13.269776	3.432808	6.0	92.97894699999999
6246.0	3.0	54.960356000000004	3.7013230000000004	68.886501	76.078787	0.616584	0.14240799999999998	0.665108	0.503738	19.837106	4.0	27.080251	20.914716000000002	3.0	0.015040000000000001	1.578194	3.0	26.771496000000003	3.879598	2.0	29.505342	19.236823	6.0	35.821478000000006	5.995592	5.0	6.645742	10.762363	6.0	12.717872	16.061668	6.0	35.380045	12.572356	6.0	69.080988
6281.0	3.0	85.161534	13.450673000000002	59.573842000000006	96.615512	0.9773120000000001	0.328307	0.7343729999999999	0.171471	12.405476	6.0	29.868495000000003	20.575574	5.0	0.014597	0.349046	6.0	56.670556999999995	4.498743	5.0	65.571324	22.343042999999998	2.0	96.373434	13.151910999999998	1.0	9.802952000000001	13.454676999999998	3.0	52.805074	3.867516	3.0	73.382476	14.412306	6.0	16.755453
6353.0	3.0	3.990424	24.116472	13.078000999999999	86.76831	0.9148940000000001	0.43470699999999995	0.5390659999999999	0.40131500000000003	5.9027709999999995	3.0	50.596204	9.215378	4.0	0.01464	2.606323	1.0	2.843154	5.547308	4.0	41.65818	7.747902000000001	4.0	15.203218	22.664539	5.0	11.836194	11.710583	6.0	23.206720999999998	1.069633	2.0	84.916496	20.204995999999998	4.0	96.452198
6424.0	3.0	75.959257	6.323371	81.536294	4.125504	0.209247	0.5004569999999999	0.499507	0.21865	7.149733	2.0	33.648224	14.600762	5.0	0.029006999999999998	5.03125	6.0	9.956698	3.664272	5.0	47.845603000000004	10.984777000000001	2.0	80.2221	5.001976	5.0	34.805583	20.771316	4.0	28.867126000000003	24.008557999999997	1.0	99.468528	5.43014	6.0	56.468539
6468.0	3.0	70.547076	11.546477000000001	82.75126800000001	55.898343999999994	0.932127	0.8815129999999999	0.41502100000000003	0.629142	12.296989	6.0	1.5485	22.707836999999998	3.0	0.016799	5.864412000000001	4.0	83.820803	2.553747	6.0	31.657615999999997	13.419255999999999	4.0	94.398011	2.605308	1.0	87.191816	16.294110999999997	3.0	73.518203	19.382892000000002	3.0	20.396957999999998	6.032438	2.0	89.267205
6515.0	3.0	76.662785	34.820504	70.195791	61.89062	0.309884	0.9327209999999999	0.32564499999999996	0.671373	23.125392	4.0	57.355619	4.238493	4.0	0.01877	0.741695	3.0	96.097352	2.855783	4.0	72.83843399999999	19.046910999999998	3.0	73.432622	13.709256	2.0	54.025418	11.389493	1.0	37.524618	20.535272	1.0	22.117732999999998	5.201201999999999	1.0	49.650954999999996
6516.0	3.0	63.0196	9.009117	53.656538	76.377876	0.43772799999999995	0.9425209999999999	0.26156999999999997	0.484731	10.147086	2.0	10.424968	3.9450730000000003	3.0	0.010228000000000001	5.222332	3.0	84.866472	0.839096	2.0	36.116208	10.557252	6.0	41.519079	10.436430999999999	4.0	12.003725	4.058661	5.0	28.209375	9.510022	3.0	58.353103000000004	6.163876999999999	6.0	68.827508
6529.0	3.0	90.07440600000001	4.196667	48.502395	83.269808	0.9848709999999999	0.32769899999999996	0.311965	0.92442	8.031669	2.0	12.449178	24.281766	3.0	0.015054	0.8290860000000001	5.0	38.925984	4.910074	4.0	55.706444999999995	23.448566	1.0	60.294035	13.731297	6.0	48.665057	9.606821	2.0	85.581012	13.295295000000001	3.0	82.02436800000001	20.147273000000002	4.0	65.60559
6609.0	3.0	44.775506	7.754322	61.69955	41.092096000000005	0.8155819999999999	0.368008	0.711841	0.186649	10.737129	4.0	26.523469	12.61945	3.0	0.013652000000000001	5.548191	1.0	22.125985999999997	5.215704	6.0	98.852899	19.923929	5.0	20.459357999999998	19.437264000000003	1.0	69.27091999999999	20.654772	3.0	47.544133	3.7082980000000005	3.0	26.140094	3.7287160000000004	2.0	81.677557
6718.0	3.0	20.394703	6.837308	44.029051	97.411771	0.5618770000000001	0.8362	0.526455	0.728878	18.740993	6.0	69.553311	20.605239	5.0	0.010246	2.144472	3.0	26.490195	4.723269	3.0	75.387478	9.228863	1.0	63.744037	12.004922	3.0	15.640754999999999	3.664599	5.0	97.274346	0.40031500000000003	6.0	52.721956999999996	14.628357999999999	5.0	93.191425
6779.0	3.0	46.120084999999996	2.635573	15.801751000000001	55.538849	0.197776	0.372449	0.379733	0.591881	11.089297	6.0	19.935947	11.287339999999999	5.0	0.035002	1.107708	6.0	91.503364	2.814052	1.0	43.220938000000004	11.032397	3.0	56.819561	8.40915	6.0	77.103785	8.662507000000002	6.0	51.162147	11.172829	4.0	9.948238	8.073628	3.0	2.120034
6780.0	3.0	80.643345	18.948948	59.261602	71.50263100000001	0.48174300000000003	0.850302	0.24296399999999999	0.439558	2.3646279999999997	1.0	51.628837	12.804210000000001	3.0	0.016821	5.986579	6.0	5.992107	5.392103	3.0	50.773371000000004	21.754356	3.0	65.44814000000001	24.168341	1.0	53.901466000000006	10.434125	2.0	79.03213000000001	1.314605	3.0	64.106623	9.012625	4.0	41.872668
6910.0	3.0	98.52381	5.312301000000001	17.872566	92.37132700000001	0.5877760000000001	0.506007	0.6481279999999999	0.803708	16.122175	4.0	48.488952000000005	11.732395	6.0	0.012348	2.16826	6.0	10.696745	5.402722	4.0	51.838597	5.312663	1.0	73.62378000000001	14.0846	5.0	24.647853	9.781856	6.0	80.476677	4.996446	4.0	79.30873299999999	17.575537	1.0	96.777662
6911.0	3.0	11.861613	15.754285000000001	64.404317	64.79280899999999	0.5678529999999999	0.459345	0.17128	0.548848	14.638417	1.0	12.026202	12.078814	6.0	0.09587999999999999	0.711857	4.0	91.115257	4.615736	3.0	46.444846999999996	12.015981	6.0	51.769326	4.749931	2.0	58.431943999999994	11.918785	5.0	57.752598	1.172345	5.0	54.183119999999995	13.964820999999999	2.0	55.758384
6924.0	3.0	9.648157000000001	11.995572	72.703272	28.197928000000005	0.155106	0.665945	0.941104	0.643204	19.382666	6.0	77.618113	8.788965	3.0	0.010188	3.5906830000000003	5.0	54.835972999999996	4.2298089999999995	1.0	28.837576000000002	1.8780919999999999	2.0	77.608048	10.598948	4.0	14.194501999999998	1.43139	4.0	51.534079	19.526669000000002	3.0	71.814656	8.448725	2.0	23.183161
6945.0	3.0	99.962997	17.24406	65.917937	87.337	0.406945	0.47299300000000005	0.47898999999999997	0.549054	17.817451000000002	3.0	67.558748	10.861604	6.0	0.024485	0.828875	4.0	87.108283	2.000628	6.0	85.658899	22.320215	3.0	75.22313199999999	0.44252600000000003	5.0	24.266322	8.844519	6.0	91.783177	10.298737	5.0	13.421798	24.613967000000002	3.0	21.406959
6950.0	3.0	98.751856	2.673537	44.443558	37.975309	0.40520500000000004	0.30280999999999997	0.160927	0.24326199999999998	2.829797	3.0	78.072435	16.855045	1.0	0.012326	0.951357	5.0	73.430914	5.508239	5.0	68.99372	5.407994	3.0	63.468214	22.875469	1.0	73.89075600000001	4.516303	1.0	46.609838	15.552817999999998	4.0	45.906683	7.893445	4.0	74.881381
7004.0	3.0	8.219139	70.90612	7.735817	91.950375	0.951024	0.964708	0.130639	0.37514899999999995	16.226747	2.0	81.45497900000001	4.151101000000001	5.0	0.026927	1.7957919999999998	2.0	28.393140000000002	4.190188	2.0	43.050667	11.640744	5.0	14.050767	14.453714999999999	6.0	90.607587	20.53056	3.0	48.574011999999996	6.157155	5.0	3.066125	20.588123	6.0	14.505935000000001
7069.0	3.0	58.467769	22.666231	83.85991800000001	77.551763	0.46392799999999995	0.718268	0.382878	0.40562800000000004	7.222175999999999	6.0	3.6253580000000003	19.778641	2.0	0.012785	3.582694	3.0	97.295753	6.204683	2.0	87.37777	17.413335	3.0	19.611694	5.588936	4.0	75.843337	23.35663	2.0	19.56444	9.235542	6.0	66.794957	3.81819	4.0	2.8073509999999997
7119.0	3.0	41.669408000000004	10.091671	85.22589599999999	22.509564	0.314753	0.792412	0.28733000000000003	0.368715	20.308931	2.0	17.125435999999997	21.477914000000002	3.0	0.11138599999999999	4.273409	4.0	73.22160500000001	0.198702	1.0	26.985234000000002	8.403388	5.0	66.82983	22.887435	4.0	25.501103	15.359668	4.0	22.345485	17.630745	3.0	18.502710999999998	5.519048000000001	1.0	98.785866
7125.0	3.0	98.585545	10.364685	79.86147	58.477895	0.521147	0.736538	0.9752290000000001	0.36839	21.535332999999998	3.0	53.266723	18.821776999999997	4.0	0.010426999999999999	1.974779	1.0	88.543001	5.44311	5.0	82.255248	10.028317	6.0	63.545017	6.710106	4.0	7.7089	20.708504	5.0	84.668286	17.435512	2.0	9.800663	8.140763	3.0	99.28022
7153.0	3.0	93.907344	9.972116	84.527742	20.677812	0.8745040000000001	0.804393	0.347956	0.421573	12.014824	6.0	67.526103	4.64206	3.0	0.014799000000000001	1.341607	2.0	33.822846999999996	2.269191	4.0	84.406488	16.951332999999998	3.0	65.999736	1.834213	6.0	79.647108	19.376279999999998	5.0	88.105127	0.24968200000000002	3.0	85.553212	16.257348999999998	1.0	49.423942
7274.0	3.0	24.730027	14.713703	80.993348	28.150895000000002	0.11648800000000001	0.959068	0.947715	0.153731	3.80435	5.0	45.347507	0.777663	4.0	0.041957	5.5121720000000005	3.0	35.785940000000004	5.446337000000001	6.0	82.33685799999999	10.204366	3.0	16.178219	22.381382000000002	3.0	98.257341	12.743313	6.0	93.064044	0.469979	2.0	35.015862	3.5516400000000004	1.0	7.8608199999999995
7427.0	3.0	85.81350400000001	8.180563000000001	95.219264	52.471540000000005	0.62775	0.8832459999999999	0.864182	0.456239	3.2169659999999998	6.0	46.841983	21.796439000000003	6.0	0.023048	1.306343	3.0	46.346118	1.5830549999999999	5.0	42.703811	11.753853	4.0	23.200922	19.107131	1.0	23.236831	21.360882999999998	3.0	91.257684	18.978771	5.0	97.41186	21.982314000000002	5.0	99.799476
7452.0	3.0	35.760486	8.04978	16.497106	56.721456	0.28469099999999997	0.767874	0.175429	0.6322479999999999	6.5809690000000005	1.0	85.595223	5.213469	2.0	0.040512	1.025994	5.0	67.218976	3.0063	1.0	9.681503999999999	21.809681	6.0	66.248301	22.677022	6.0	39.705481	11.538957	1.0	25.45485	8.755075	4.0	30.78133	2.1655729999999997	1.0	18.71272
7590.0	3.0	82.795609	9.634899	31.711384000000002	44.457415000000005	0.21380700000000002	0.389959	0.506165	0.5618029999999999	1.90062	2.0	66.175315	6.8659539999999994	5.0	0.035709	2.5034520000000002	3.0	80.99855	1.2140030000000002	1.0	14.649536	17.609217	3.0	50.300443	20.544247	3.0	35.52942	9.566358000000001	3.0	81.304506	13.441691	6.0	31.0517	18.004478	4.0	86.19068
7608.0	3.0	57.386088	10.600079	29.399001000000002	77.96422700000001	0.539905	0.778083	0.40983100000000006	0.962831	23.362398000000002	1.0	5.034121	8.30412	4.0	0.07950499999999999	6.175777	5.0	40.103707	1.501141	4.0	77.053984	21.007993	5.0	93.212271	2.741263	1.0	48.461681	5.967787	1.0	31.817173999999998	19.982339	6.0	99.518677	24.701247	2.0	72.414168
7622.0	3.0	57.272101	21.337341000000002	28.21172	63.32108100000001	0.26976999999999995	0.790836	0.952817	0.5246890000000001	8.976734	5.0	42.204869	7.429425999999999	1.0	0.013041	6.153436	3.0	50.843157	0.954025	3.0	27.276335999999997	21.68556	3.0	84.286998	23.099994	4.0	30.536784	12.442858	6.0	31.83338	1.317693	1.0	49.962501	21.33588	5.0	70.076306
7627.0	3.0	17.587318	7.149271000000001	22.638026	81.742374	0.718731	0.646695	0.7920189999999999	0.37026	7.750209	5.0	75.599086	0.99871	6.0	0.087911	5.75202	4.0	15.039079000000001	5.936325	5.0	58.854595999999994	12.640414999999999	2.0	61.344852	6.571596	2.0	34.879515999999995	12.184396000000001	6.0	41.553203	4.4748730000000005	5.0	1.8115869999999998	9.185537	6.0	84.10114499999999
7667.0	3.0	30.194832	16.339674	71.435506	65.033858	0.980901	0.989721	0.33305500000000005	0.805717	12.660962	3.0	29.576514000000003	12.795638	4.0	0.048148	3.546479	3.0	77.05956	1.3750069999999999	1.0	60.475766	19.411854	6.0	11.77362	5.898954	5.0	45.329845	21.817097	6.0	78.379827	3.675261	2.0	13.072986	14.945715	4.0	58.467943999999996
7814.0	3.0	74.771461	15.206275	54.96175	57.858078000000006	0.11473399999999999	0.951434	0.967468	0.512307	8.421519	2.0	85.33824	10.447766	3.0	0.02103	2.059463	2.0	78.371211	5.999861	2.0	87.78315500000001	18.46665	5.0	75.501835	12.83961	2.0	6.4565	4.028397	1.0	19.013365	18.343314000000003	1.0	35.432175	16.119889	6.0	68.704764
7834.0	3.0	76.52579200000001	2.517146	92.87716999999999	63.71499	0.8034319999999999	0.43733299999999997	0.245581	0.815189	9.442375	4.0	28.001068	23.144357	1.0	0.011992000000000001	0.6199359999999999	2.0	84.816067	3.5190839999999994	4.0	42.746939000000005	14.166712	5.0	2.126153	21.327810999999997	3.0	77.171207	2.25014	5.0	25.273463	10.813303999999999	6.0	9.560113000000001	18.434120999999998	2.0	23.638377
7846.0	3.0	82.87911	21.159961	45.686836	27.504879	0.31208400000000003	0.91381	0.574254	0.8440709999999999	7.971073	2.0	90.032987	24.348809	6.0	0.011396	1.7784380000000002	6.0	2.865309	3.041764	5.0	56.995709	20.370361	4.0	44.485091	3.9835510000000003	4.0	56.514449	21.195685	5.0	44.346158	13.632182	4.0	68.34366	2.405233	6.0	39.691959999999995
7938.0	3.0	98.50484	1.6681119999999998	82.46684499999999	30.660407	0.915216	0.4867	0.452029	0.693883	5.040106	1.0	26.159145000000002	10.380363000000001	1.0	0.053399	2.280609	4.0	10.048242	0.296709	1.0	30.52845	23.447505	3.0	76.17535500000001	24.562859	6.0	22.870703	6.650761999999999	5.0	72.109301	18.620984	2.0	86.942488	13.263284	4.0	69.391603
7965.0	3.0	96.885632	13.143799	54.980757999999994	90.449225	0.912955	0.5903619999999999	0.21943600000000002	0.363598	6.397366000000001	2.0	83.289816	19.595442000000002	6.0	0.014183000000000001	3.1396029999999997	3.0	79.792388	3.8947870000000004	6.0	49.925194	16.214075	4.0	51.278355	10.104211	6.0	9.736009	20.967646	5.0	52.121237	10.703271	4.0	40.687459999999994	3.0405330000000004	5.0	68.031203
8084.0	3.0	27.508906	1.479716	19.833978	51.235208	0.10789800000000001	0.6986680000000001	0.429021	0.178324	7.953530000000001	3.0	48.577814000000004	12.537313000000001	5.0	0.349112	2.6950819999999998	3.0	21.766975	4.269687	4.0	10.236802	19.125538	1.0	97.930686	1.17687	5.0	40.211712	21.771029000000002	1.0	44.766119	17.934795	2.0	75.0112	18.156532000000002	2.0	54.073918000000006
8113.0	3.0	7.188109	16.763112	36.983019	10.234469	0.583795	0.728662	0.684045	0.35006	16.699447	4.0	99.414227	5.803153	5.0	0.078192	6.022244000000001	4.0	95.150979	5.008498	2.0	8.689931	19.903457999999997	4.0	42.574335	1.502875	4.0	16.560768	20.480646	3.0	41.083503	2.104257	3.0	78.449353	2.8797770000000003	5.0	46.093685
8154.0	3.0	1.103899	23.60949	70.903142	82.267034	0.502989	0.18441300000000002	0.371595	0.11868499999999998	16.80465	5.0	24.489338	2.17437	1.0	0.012888	4.738987	5.0	70.672845	3.878142	3.0	72.139046	18.147165	4.0	90.85158100000001	21.532273999999997	3.0	13.508220000000001	21.008254	4.0	62.049836	15.360216000000001	3.0	13.579260999999999	25.120264000000002	3.0	27.469027
8221.0	3.0	99.43933	3.7913099999999997	42.553917999999996	25.047528	0.964858	0.272296	0.6849810000000001	0.257412	12.150561	4.0	48.583489	8.938317999999999	1.0	0.023492	0.82834	3.0	31.186946999999996	1.722507	1.0	30.082009999999997	19.832524	4.0	96.80648599999999	24.859676999999998	3.0	10.297035000000001	15.337631	3.0	15.199892000000002	17.590878	4.0	90.24891600000001	11.358569000000001	1.0	99.00048000000001
8304.0	3.0	3.506014	80.991685	14.628254	91.292063	0.6481439999999999	0.513065	0.787844	0.675652	23.285685	4.0	77.579054	14.060522	5.0	0.017929	3.4711220000000003	4.0	44.767556	3.749424	1.0	52.017205	21.590628	1.0	38.42334	1.598191	2.0	7.762103	4.073484	3.0	36.011288	14.719735	1.0	36.760725	5.327015	6.0	11.283864999999999
8329.0	3.0	49.511338	1.009986	20.876364000000002	73.094288	0.11645599999999999	0.557099	0.184419	0.676129	0.75116	3.0	81.594272	15.645655	5.0	0.012881	0.337624	4.0	55.356628	1.730759	4.0	30.729557	20.66506	3.0	83.771569	7.205492	5.0	23.054628	14.546996	6.0	28.682557	1.786107	6.0	49.568543	8.480551	4.0	34.223988
8346.0	3.0	34.90292	2.269214	62.807559999999995	24.622865	0.672301	0.692523	0.53	0.992505	22.583876	5.0	8.077017999999999	1.7705549999999999	6.0	0.095511	1.95035	5.0	94.52391	5.119179	4.0	97.998835	5.915418	1.0	47.321376	17.85201	2.0	32.332904	7.748944	1.0	43.447858000000004	6.515514	5.0	16.214288	1.41992	2.0	89.315722
8364.0	3.0	5.413348	93.540707	90.47555	44.377381	0.937003	0.6877939999999999	0.277864	0.344466	7.007884	3.0	61.27630799999999	5.747758	5.0	0.010726000000000001	4.034868	6.0	33.269189000000004	5.771669999999999	5.0	69.28378599999999	21.520854	4.0	58.285252	10.656112	6.0	65.157135	16.946929	5.0	82.227449	1.182701	6.0	51.525946000000005	24.360323	2.0	85.211156
8369.0	3.0	94.537413	20.589248	74.22721700000001	66.35163399999999	0.351335	0.983492	0.469263	0.709553	0.406777	3.0	44.732942	5.03748	5.0	0.010272	4.907091	2.0	97.72151	3.210974	4.0	95.75039699999999	22.775095	6.0	33.093742999999996	5.371586	4.0	80.11765799999999	3.5275410000000003	4.0	12.513489	3.5663099999999996	5.0	79.020876	15.507223999999999	1.0	26.556877000000004
8390.0	3.0	88.813822	5.884806	52.591189	94.211561	0.58838	0.344506	0.442954	0.513518	6.322293	5.0	69.010942	3.4938309999999997	3.0	0.42258900000000005	0.8579829999999999	2.0	99.71486800000001	0.27428400000000003	5.0	77.460308	14.515476000000001	3.0	15.709995000000001	4.6491620000000005	1.0	31.551887	13.886586	3.0	36.043452	3.4095120000000003	3.0	14.092185999999998	18.733168	2.0	59.46611
8456.0	3.0	75.555422	4.336402	78.254697	30.617960999999998	0.19459	0.746636	0.8875879999999999	0.21317600000000003	7.597322	4.0	27.242282	2.536331	1.0	0.077539	4.092644	4.0	12.116128999999999	2.389581	2.0	67.550071	13.596738	3.0	4.944925	12.100719	4.0	41.464039	12.914166	3.0	69.967524	5.887219	4.0	39.429658	5.509398	1.0	95.054519
8471.0	3.0	35.444419	1.749855	66.57420400000001	91.591939	0.8199120000000001	0.124946	0.714488	0.794284	20.552979999999998	3.0	18.726444	12.249122999999999	3.0	0.012631	1.3204420000000001	4.0	74.541515	4.648068	1.0	74.669524	18.270135999999997	1.0	73.550663	19.529220000000002	2.0	9.697517	20.911873999999997	2.0	36.646131	1.7548599999999999	1.0	12.653664	17.590367	3.0	52.744294999999994
8481.0	3.0	40.077581	2.843226	91.50235	18.313635	0.21585500000000002	0.927892	0.183201	0.6169060000000001	6.436036	5.0	67.268472	21.80547	4.0	0.015671	1.9792310000000002	3.0	97.499224	5.563041	4.0	5.103556	16.582905	3.0	52.072449	4.378113	2.0	77.228494	1.399159	4.0	23.592807999999998	17.760612	6.0	35.952571999999996	16.412899	5.0	67.248615
8524.0	3.0	66.341449	5.246633999999999	28.378563	61.865629000000006	0.20295	0.726155	0.9961129999999999	0.147276	13.860449	1.0	30.942421999999997	19.489161	6.0	0.021002	4.425158000000001	4.0	25.203978	3.625341	5.0	8.352795	17.841518	2.0	9.835619	7.525453999999999	4.0	66.81705600000001	8.456428	2.0	12.576313	5.138394	3.0	95.932237	16.151553	1.0	55.958702
8534.0	3.0	79.00895899999999	13.678414000000002	56.387776	38.718583	0.320069	0.797813	0.23788600000000001	0.191499	23.338425	1.0	48.611482	21.491355	4.0	0.017321	2.349767	6.0	60.963530000000006	4.404407	6.0	57.756893000000005	17.742910000000002	3.0	74.297034	13.813702	5.0	88.478736	23.083859	1.0	11.898907000000001	14.801492000000001	6.0	77.35642	13.773499	2.0	3.109354
8549.0	3.0	87.27636600000001	10.334201	12.163236999999999	55.302313	0.826377	0.458834	0.476774	0.789428	20.144663	2.0	54.25589	11.790585	5.0	0.016402	0.45193900000000004	6.0	91.19716	3.165115	1.0	8.674933	11.816913000000001	3.0	71.847886	5.892245	1.0	48.761046	1.473948	1.0	7.9999210000000005	4.614365	1.0	64.376233	13.550498000000001	3.0	58.138601
8623.0	3.0	1.067592	80.533874	58.161639	77.32984599999999	0.916673	0.721459	0.9332159999999999	0.272368	10.000947	3.0	32.304158	16.330741	6.0	0.022542	6.0095730000000005	6.0	22.074818	1.9178240000000002	1.0	83.833097	17.017117000000002	6.0	81.211185	21.993967	6.0	60.285858	11.219482000000001	4.0	24.738515	13.446378	5.0	55.390223	1.469922	6.0	75.045291
8672.0	3.0	64.885773	7.539511	85.46675400000001	48.47428	0.129294	0.6390020000000001	0.825894	0.171905	12.821964999999999	2.0	79.495766	22.442704	2.0	0.010320999999999999	3.870027	6.0	24.164445999999998	3.980801	1.0	85.349265	6.949053999999999	2.0	41.913299	7.576733	4.0	62.362731999999994	18.964018	1.0	37.235264	20.827775	1.0	93.950278	9.236246000000001	4.0	52.90185699999999
8683.0	3.0	35.142456	11.584541	76.702524	34.224732	0.602104	0.447176	0.8945059999999999	0.726975	16.03408	4.0	28.656966999999998	0.842454	2.0	0.011877	0.987367	3.0	37.129098	2.9363599999999996	1.0	95.781649	21.977782	3.0	17.900235000000002	2.7081880000000003	1.0	87.181379	8.500906	6.0	41.82356	15.190437	6.0	2.437777	2.5463270000000002	6.0	68.961934
8695.0	3.0	82.874475	17.817913	91.463789	78.40265500000001	0.45992700000000003	0.961899	0.900541	0.24756799999999998	14.569176	2.0	17.870707	19.360156	3.0	0.011196	0.9090280000000001	1.0	92.45280799999999	2.065023	4.0	58.864689	15.817269	3.0	74.833283	23.672207	4.0	16.754688	9.765002	6.0	61.022943000000005	9.935322	1.0	65.86019399999999	4.398181	2.0	11.426688
8788.0	3.0	42.479621	10.428101	81.671687	59.583965	0.63207	0.8875709999999999	0.749684	0.589658	16.273695	4.0	37.487899	8.379736999999999	3.0	0.026889999999999997	4.749591000000001	3.0	29.619353000000004	1.897563	5.0	76.39122900000001	18.592388	3.0	35.387122	22.29391	5.0	20.022470000000002	2.940553	3.0	10.410998	11.351413	5.0	12.476683999999999	5.204784	1.0	2.0509049999999998
8863.0	3.0	1.593016	30.715821000000002	39.110382	94.00386400000001	0.886066	0.677751	0.736202	0.7652939999999999	4.704532	3.0	3.203088	9.720233	4.0	0.015815	2.1088720000000003	2.0	63.929441000000004	2.642784	6.0	26.941592	1.219503	5.0	18.252825	15.987708999999999	5.0	69.884106	17.669318	2.0	62.078239	2.5202	1.0	76.801528	8.443664	1.0	55.657603
8881.0	3.0	1.268936	94.976662	55.279777	87.62096	0.8208270000000001	0.217901	0.5938	0.6116020000000001	22.736726	6.0	34.51624	21.430660999999997	2.0	0.024228	1.851011	5.0	60.222489	4.090876000000001	4.0	25.685927	21.937544	2.0	29.924156	3.795235	5.0	11.268697	19.259145	4.0	35.337104	4.254251999999999	5.0	5.916698	2.2888509999999997	6.0	85.22545600000001
9097.0	3.0	95.640831	14.478357999999998	69.807053	82.792311	0.691524	0.670697	0.24002600000000002	0.163524	2.775255	5.0	14.228831	18.592608	3.0	0.017558	2.550415	5.0	41.412929999999996	0.882882	6.0	89.574566	21.837623999999998	5.0	12.514435	8.125889	4.0	36.983461	16.736736999999998	3.0	7.454422999999999	20.056045	3.0	90.567194	24.67746	5.0	17.750933
9130.0	3.0	11.250142	28.383228000000003	99.38723399999999	86.574297	0.9816370000000001	0.9472200000000001	0.6268100000000001	0.384229	11.756157	6.0	49.296139000000004	6.17968	4.0	0.024284	0.93835	4.0	68.93754	3.833325	5.0	84.244357	12.59573	5.0	59.306712	17.300949	3.0	94.509613	18.291032	5.0	59.061376	16.527682000000002	2.0	81.74954100000001	0.323766	6.0	41.398907
9194.0	3.0	92.970377	7.193467	27.492922999999998	88.958338	0.6116090000000001	0.716372	0.67556	0.393333	12.292961	1.0	26.991365999999996	18.183218	5.0	0.03584	3.808411	5.0	16.285337	1.2856299999999998	5.0	66.197415	10.4997	5.0	44.215740999999994	7.115695	2.0	82.34518	11.122144	5.0	92.14751700000001	9.643862	1.0	24.636004999999997	21.476716	5.0	46.165595
9325.0	3.0	1.9526459999999999	73.495474	44.932412	87.20454000000001	0.492918	0.196796	0.131249	0.10545299999999999	21.504114	5.0	53.157134	6.639187	4.0	0.010481	2.97922	1.0	33.505382	5.325669	6.0	56.554033	6.247942	6.0	37.254308	14.268582	6.0	60.88045699999999	24.047361	4.0	80.175895	13.657338000000001	6.0	66.713889	1.12742	4.0	79.32043
9385.0	3.0	99.19006800000001	4.158366	61.330555000000004	42.605346999999995	0.99219	0.9127780000000001	0.427749	0.299809	2.4006279999999998	3.0	47.254411	24.38393	5.0	0.026302999999999997	1.8205240000000003	6.0	38.536352	3.535278	5.0	65.066772	11.228969000000001	4.0	4.151502	12.395435	4.0	49.953701	10.121933	6.0	76.45764100000001	5.6118559999999995	3.0	41.399584000000004	4.214496	3.0	73.17006500000001
9394.0	3.0	74.94024	7.62789	47.318923999999996	99.687916	0.34348	0.8549190000000001	0.9832139999999999	0.341758	17.218117000000003	6.0	66.888186	24.169214999999998	5.0	0.016572	2.760609	2.0	13.10485	2.527087	2.0	99.16462	9.787059	3.0	66.25144300000001	11.407539	2.0	52.918944999999994	15.094375	3.0	14.269820000000001	17.197871	3.0	68.303849	1.330971	4.0	40.328818
9414.0	3.0	71.990686	11.753812	84.261077	69.729848	0.533552	0.5250060000000001	0.341359	0.23346799999999998	17.165364999999998	1.0	34.327453000000006	5.643179	4.0	0.010695999999999999	3.693777	2.0	17.120593	3.9606239999999997	5.0	24.102843	12.114099000000001	3.0	35.964865	9.556766	4.0	97.49012900000001	13.512846	2.0	49.674034999999996	5.927077	5.0	68.488911	22.560402	1.0	59.424507999999996
9420.0	3.0	65.181453	14.681949	93.691906	78.48227	0.503667	0.5709890000000001	0.871108	0.31550700000000004	11.795983999999999	4.0	42.021405	22.77668	5.0	0.019765	0.544832	5.0	74.486646	3.5877519999999996	4.0	45.887118	21.289417999999998	5.0	46.824313000000004	12.195859	5.0	98.232004	3.798693	4.0	15.281228	10.269934	5.0	47.974423	6.910711999999999	2.0	57.99665699999999
9665.0	3.0	96.005829	3.9310620000000003	99.780845	18.208917	0.926816	0.526406	0.8491549999999999	0.45457299999999995	9.148703	6.0	42.838257	6.415457	1.0	0.063945	1.366211	5.0	87.60174	4.945162	5.0	17.189281	4.310967	1.0	85.987356	14.550495999999999	1.0	59.356351000000004	14.521642000000002	1.0	94.50940899999999	19.602878	5.0	76.037461	7.805985000000001	3.0	47.767767
9793.0	3.0	74.608822	48.578711	92.565938	90.05003	0.39996	0.655866	0.179505	0.32676	7.890811	3.0	18.402879000000002	10.31272	5.0	0.019163999999999997	3.7739559999999996	6.0	72.340799	5.455014	5.0	30.513161	20.855318	3.0	39.203815000000006	19.624423999999998	5.0	72.9982	2.197613	3.0	82.05803399999999	6.337098999999999	5.0	32.324534	7.525778	6.0	30.059271999999996
9877.0	3.0	69.584462	24.561861999999998	72.60301	62.148996	0.140371	0.9773459999999999	0.38587899999999997	0.565282	22.253847	5.0	37.72775	6.456549	4.0	0.023916999999999997	6.023373	1.0	93.261675	4.58006	5.0	57.635856999999994	20.651326	5.0	66.933412	24.410265	4.0	40.350475	21.284132	3.0	18.012763	16.749607	4.0	10.290008	2.2613380000000003	5.0	22.766176
9890.0	3.0	34.971601	21.911348999999998	75.416896	79.30695300000001	0.257904	0.850311	0.835268	0.206096	13.076605	6.0	63.453161	4.097925	3.0	0.03787	3.6552589999999996	5.0	70.707603	4.461619000000001	1.0	51.447357000000004	18.273204999999997	2.0	39.913940999999994	15.985767999999998	5.0	90.593327	19.299135	6.0	77.743488	14.938279000000001	2.0	8.968706	19.422220000000003	6.0	69.38766
9892.0	3.0	48.145225	23.345535	85.811564	40.705616	0.669268	0.8174	0.713346	0.302639	21.065824	5.0	47.254216	6.408014	6.0	0.014543	1.6468990000000001	1.0	66.104858	2.65128	5.0	70.54491	18.93836	4.0	92.271674	15.124447	3.0	5.93623	19.841865	4.0	23.910266	2.736255	4.0	30.527409000000002	14.810174	6.0	90.08592
9962.0	3.0	77.897865	9.443941	80.045392	85.676351	0.112729	0.501397	0.306962	0.5179199999999999	13.217521	4.0	45.968707	13.724526000000001	5.0	0.010893	1.9541970000000002	6.0	94.821476	4.129759	1.0	86.910416	10.740017	2.0	50.941164	0.7460640000000001	3.0	49.749732	10.642965	1.0	76.431872	9.428168	3.0	24.2145	12.459086	3.0	98.595887
