1.0	4.0	81.977455	41.992439000000005	1.0586879999999999	87.81926899999999	0.898948	0.638707	0.803553	0.340762	13.0995	4.0	32.369710999999995	22.938814	2.0	0.013337	0.34223200000000004	6.0	13.582104999999999	2.396531	6.0	66.374521	20.152374	4.0	59.39285699999999	3.486703	4.0	13.884364000000001	15.575395	3.0	89.590524	1.933868	6.0	62.339907999999994	1.135298	5.0	67.567337
204.0	4.0	31.970822	50.113712	7.198092	18.788159	0.309113	0.491806	0.304203	0.29434699999999997	7.110311	5.0	77.114356	15.77467	2.0	0.027984	2.173435	6.0	88.87737	1.537588	3.0	41.323724	6.517139	6.0	88.41466199999999	5.111316	3.0	24.746106	24.200888	5.0	14.690348	15.340376000000001	1.0	5.280869	3.877501	6.0	74.972812
360.0	4.0	11.360783999999999	5.469743	83.098529	2.408087	0.779652	0.108249	0.56896	0.21706399999999998	22.568475	1.0	20.036965	3.669207	3.0	0.016682	1.095587	6.0	73.557886	5.484187	4.0	73.727917	2.900401	3.0	99.808363	18.093867000000003	6.0	35.400462	0.844944	5.0	29.245134999999998	10.78401	5.0	97.076328	16.478331	5.0	70.52788000000001
414.0	4.0	64.729256	41.174248999999996	10.374963000000001	18.459849	0.563975	0.5367930000000001	0.530389	0.437517	15.522761	2.0	79.693849	9.134999	1.0	0.010618	5.263255	6.0	45.983940999999994	5.02266	5.0	47.324253999999996	21.757084	5.0	84.477257	11.49259	3.0	52.749905000000005	19.294365	1.0	54.586348	0.99624	6.0	67.186809	5.9017	6.0	90.954625
459.0	4.0	37.397921999999994	64.918961	15.561810999999999	49.197711	0.389499	0.513225	0.709382	0.914674	15.978692	2.0	58.306551	17.247677	4.0	0.103578	1.2613530000000002	2.0	41.751427	4.248871	6.0	58.593837	12.984306	3.0	43.215531	4.310537999999999	3.0	10.559512	7.6058460000000006	6.0	85.48513299999999	13.912849	1.0	8.104206	2.431796	5.0	94.528301
601.0	4.0	96.194123	2.991098	19.375701	8.554289	0.635125	0.563517	0.33358699999999997	0.9404819999999999	3.279518	5.0	33.395128	5.83066	1.0	0.094952	2.577807	1.0	85.271146	2.714665	3.0	92.751745	1.901038	6.0	95.075174	23.329249	6.0	15.878699	1.233808	4.0	27.333882	17.015478	1.0	72.650605	2.827439	3.0	88.99152099999999
778.0	4.0	16.871939	88.024237	31.036391	2.023556	0.533193	0.42994099999999996	0.147151	0.378834	9.041241000000001	6.0	64.49053599999999	9.454906	4.0	0.033438999999999997	2.037666	1.0	56.180119999999995	3.6286739999999997	4.0	90.098057	20.282477	6.0	86.902125	11.747777000000001	6.0	52.064425	2.277362	4.0	84.465035	2.7048740000000002	2.0	65.20111800000001	12.929364999999999	3.0	4.786873
913.0	4.0	13.44176	59.666786	72.276638	3.4774220000000002	0.26114499999999996	0.143441	0.17684	0.9907739999999999	11.275371	1.0	59.748948	7.934914999999999	4.0	0.010179	5.848609	4.0	77.853268	2.0561990000000003	3.0	74.362675	19.448003	3.0	98.36814	7.9785	2.0	81.839189	1.925455	5.0	20.078927	6.341915	5.0	69.69855799999999	6.751562	5.0	75.60983399999999
1157.0	4.0	50.962516	4.092985	20.455257999999997	6.477296	0.758516	0.701192	0.8614870000000001	0.24484899999999998	0.701621	1.0	32.395354	14.236888	1.0	0.010003	4.913575	6.0	77.994862	0.783163	6.0	1.279932	2.488526	5.0	70.352809	17.010127999999998	3.0	23.940794	2.953662	3.0	63.021393999999994	21.352435999999997	6.0	38.997791	0.694434	1.0	29.176053999999997
1160.0	4.0	73.047437	96.57554300000001	34.131777	46.416638	0.38147	0.431295	0.8959739999999999	0.68482	21.557498000000002	5.0	89.937433	10.129936	3.0	0.016338	3.0261810000000002	5.0	35.862623	3.418564	2.0	37.040071999999995	10.373273	4.0	29.013222	0.769352	3.0	51.758069	23.005732000000002	6.0	72.68205	0.9207110000000001	2.0	49.55198	11.651646000000001	4.0	8.798103
1171.0	4.0	49.648996999999994	69.84370200000001	3.5620410000000002	70.095116	0.159833	0.912391	0.26512800000000003	0.195249	5.1844	2.0	97.986981	14.650903	6.0	0.013137000000000001	4.383454	2.0	92.450611	4.662578	2.0	52.271567	12.631986	6.0	8.823151	5.332371	6.0	77.98278	14.745966000000001	2.0	7.2454089999999995	5.17028	4.0	61.116121	4.208462	1.0	60.341952
1202.0	4.0	44.477344	24.943035000000002	63.45401999999999	85.73439599999999	0.34763099999999997	0.877569	0.840664	0.321278	2.785418	4.0	54.808828000000005	6.987094	1.0	0.01152	6.0653809999999995	3.0	55.477785	1.572199	6.0	83.81698399999999	15.645584	1.0	26.742977000000003	18.845558999999998	2.0	78.738839	20.126977	4.0	19.152529	12.25126	1.0	14.650279000000001	24.468564	3.0	87.37279000000001
1208.0	4.0	32.808783	56.846375	83.153502	94.976287	0.468376	0.70475	0.9474370000000001	0.513584	16.417273	2.0	33.451404	17.409291	3.0	0.013125999999999999	3.995268	6.0	6.36766	3.7003209999999997	1.0	70.217998	8.723424000000001	1.0	58.895633	13.540517999999999	5.0	85.099641	22.887361	6.0	90.74276	1.623085	2.0	38.794129	18.219369	1.0	90.866398
1212.0	4.0	63.138746999999995	98.905963	13.482119	89.304454	0.361374	0.899653	0.504117	0.231355	11.187256	1.0	32.746142	14.329275	1.0	0.014561000000000001	4.008997	4.0	22.322344	3.044149	4.0	58.049634	13.715372	1.0	7.405011	13.440779000000001	2.0	89.86393000000001	2.1358029999999997	6.0	29.867634999999996	10.807012	3.0	62.799769999999995	1.7840939999999998	2.0	95.135734
1634.0	4.0	31.240061999999998	43.088799	39.590459	9.750926	0.25605	0.475339	0.27581500000000003	0.9230440000000001	21.811289000000002	6.0	29.456259000000003	21.309154	1.0	0.016311000000000003	6.144287	4.0	79.814206	1.907629	2.0	43.79399	5.532495	3.0	23.841182	2.969998	1.0	93.253087	0.33997	4.0	55.722181000000006	20.349816	3.0	20.274515	19.315701999999998	1.0	99.078542
1657.0	4.0	73.181326	35.046768	16.779408	42.337546	0.861366	0.12543800000000002	0.9514100000000001	0.926593	20.516643	5.0	64.65085	6.098737	6.0	0.015792	4.33666	6.0	9.217309	0.36894699999999997	6.0	91.21530899999999	17.589302	4.0	10.179427	8.411755	3.0	77.502111	8.813546	4.0	12.230425	10.185822	2.0	5.3814779999999995	4.053955	2.0	93.806026
1759.0	4.0	79.53775999999999	80.08564	6.090471	99.166534	0.190352	0.5075569999999999	0.9944620000000001	0.13318	20.255584	1.0	65.848206	17.301768	3.0	0.012853999999999999	3.4472699999999996	5.0	47.044605	0.654503	2.0	18.088598	9.764334	3.0	80.581328	13.444847	2.0	30.022130999999998	0.369921	1.0	47.766357	9.662811999999999	4.0	83.584411	15.827216	6.0	21.23162
1853.0	4.0	39.928764	59.602742000000006	47.606106	69.323753	0.77398	0.809909	0.351582	0.9048940000000001	23.694195	2.0	15.761441	1.662993	6.0	0.0353	5.128367	2.0	62.771120999999994	3.16098	6.0	54.110427	19.858626	1.0	29.337245000000003	5.368205000000001	5.0	29.898184999999998	1.551628	2.0	64.646878	3.427954	2.0	58.817640000000004	15.687039000000002	2.0	79.8896
1944.0	4.0	14.339114000000002	83.222284	30.069847999999997	85.652867	0.9133120000000001	0.314619	0.981965	0.591846	1.32511	1.0	26.083026	9.610889	5.0	0.034263	4.704383	3.0	92.790258	3.6621300000000003	2.0	29.696838	11.897478	5.0	74.534816	4.2252019999999995	3.0	59.973377	18.866574	4.0	4.9727239999999995	20.526760999999997	4.0	26.972116999999997	1.73045	5.0	53.224546999999994
1950.0	4.0	74.429004	67.231212	17.990256	2.92662	0.52396	0.169696	0.28994899999999996	0.49142299999999994	8.974708999999999	2.0	47.895221	22.483728	1.0	0.13582	2.971893	1.0	20.931789000000002	4.878897	2.0	58.779433	18.843009	6.0	92.815962	4.911948000000001	2.0	23.626975	1.267476	2.0	70.677667	18.715093	5.0	47.408284	24.485479	1.0	50.633956
1973.0	4.0	70.673766	84.170711	38.920478	10.499583	0.659564	0.239513	0.953868	0.570909	3.6506839999999996	4.0	15.591325	17.188620999999998	4.0	0.013928	4.832073	5.0	88.895565	2.701932	4.0	81.081696	5.238288	1.0	31.609854	18.065596	6.0	11.519871	1.36294	4.0	88.29105200000001	12.884522	6.0	36.433702000000004	21.677346	3.0	81.186291
2052.0	4.0	98.189397	49.262173	5.454125	61.759302000000005	0.9991120000000001	0.9490290000000001	0.274818	0.641467	6.1487739999999995	4.0	91.13221899999999	10.111538000000001	1.0	0.020613	0.267271	1.0	40.478390999999995	2.746794	4.0	34.953606	20.762802	1.0	32.373801	17.143119	2.0	21.041269	18.675352	1.0	41.940834	1.944351	6.0	10.834017999999999	17.071629	4.0	91.98469
2135.0	4.0	85.582089	48.877532	88.386505	16.930027	0.222408	0.753328	0.276742	0.264424	18.216936999999998	6.0	20.827246	5.441465	6.0	0.010865999999999999	2.3023860000000003	5.0	52.353957	0.9451639999999999	3.0	28.976810999999998	3.183398	1.0	97.87394300000001	9.354267	3.0	48.526795	3.619853	4.0	93.647261	4.474552	5.0	80.98224300000001	5.431255	5.0	90.060311
2379.0	4.0	61.836983	40.984767	18.36351	82.377424	0.57933	0.812597	0.709681	0.168567	3.9142040000000002	3.0	36.058723	11.946543	1.0	0.037252999999999994	0.794962	4.0	65.819508	6.1142	6.0	50.481432	4.967682	2.0	72.871131	20.654556	3.0	46.248495	15.008225	3.0	77.62474	18.292824	3.0	43.204631	3.6983980000000005	2.0	72.885825
2409.0	4.0	2.665565	77.62437	54.448783999999996	39.102492	0.601164	0.187721	0.5765600000000001	0.392872	21.745579	5.0	20.207955	14.196435000000001	4.0	0.200041	0.452574	2.0	8.924555	4.149996	5.0	72.958383	17.172688	2.0	62.941062	4.881416000000001	6.0	90.92895899999999	16.319277	3.0	86.425032	20.857613	2.0	24.644447	1.6472369999999998	6.0	93.060229
2546.0	4.0	41.613209999999995	50.280764000000005	7.484507000000001	94.86007099999999	0.794461	0.162177	0.291206	0.456937	10.566363	1.0	40.842895	12.806156	1.0	0.045836	4.168323	5.0	13.982098	1.929775	3.0	66.679353	18.970983	6.0	81.995642	9.450997000000001	3.0	83.948944	23.305115	6.0	11.663228	5.490264	4.0	1.9023029999999999	10.757042	6.0	55.96094599999999
2753.0	4.0	21.478775	37.295552	70.851518	72.639237	0.411617	0.8554870000000001	0.537204	0.359813	12.864908	3.0	52.052901	8.720775999999999	5.0	0.081139	5.398841	1.0	69.470927	2.938524	4.0	1.218993	10.900356	4.0	31.471343	21.561625	3.0	56.852121999999994	23.032367	5.0	98.272952	16.122667	2.0	3.702863	13.020843	3.0	95.791752
2779.0	4.0	23.688428	52.749283999999996	3.4437300000000004	97.87826700000001	0.21801199999999998	0.898804	0.583807	0.36038000000000003	16.259421	4.0	49.788728000000006	0.735333	1.0	0.012081	0.187675	5.0	52.231885999999996	0.839778	5.0	75.102475	1.9486240000000001	5.0	58.022839000000005	6.340159	4.0	76.893743	16.012091	1.0	41.393572999999996	6.4930769999999995	4.0	68.286953	0.868765	3.0	77.97508499999999
2890.0	4.0	71.697191	58.782371999999995	9.187477000000001	79.520168	0.95836	0.6784720000000001	0.669402	0.11835899999999999	19.417305	2.0	86.514588	9.46175	3.0	0.026243	3.5788510000000002	1.0	49.981771	2.933609	5.0	98.479342	11.616709	3.0	38.202099	8.806372999999999	6.0	64.65046099999999	23.551097	4.0	73.94738199999999	21.836667000000002	1.0	54.111313	8.777600999999999	5.0	8.137571000000001
2897.0	4.0	93.909791	91.852513	13.140827	48.499984000000005	0.475297	0.43763900000000006	0.816038	0.25813800000000003	6.044452	5.0	16.409731	20.04339	4.0	0.042545	2.319658	6.0	46.495695	4.305922	4.0	19.799212	16.854575	1.0	88.913166	12.922727	1.0	66.145078	21.045191	3.0	82.624953	0.279572	1.0	17.156268	13.563775	6.0	27.520204999999997
2910.0	4.0	25.373983	75.87562199999999	38.996012	13.989583999999999	0.789028	0.46574399999999994	0.35588000000000003	0.141822	17.664526000000002	1.0	40.101811	5.364412000000001	4.0	0.010451	3.635389	5.0	74.93425	1.541858	1.0	87.793488	9.427433	5.0	44.415468	17.501261	1.0	75.627431	0.359722	6.0	63.225162	11.340784	1.0	89.914541	23.734439000000002	2.0	67.122576
3153.0	4.0	44.724453000000004	36.436572	9.595892999999998	23.667079	0.572216	0.18265499999999998	0.588752	0.266496	4.365232	3.0	96.381068	2.573696	1.0	0.059847000000000004	3.7136370000000003	4.0	72.680879	0.400169	6.0	98.784887	19.716023999999997	5.0	21.282702	5.129004	4.0	39.01507	11.786669999999999	1.0	81.482161	11.718194	1.0	89.395746	6.762424	1.0	63.663563
3186.0	4.0	29.21673	61.361527	75.57360600000001	84.747962	0.228071	0.866874	0.9957799999999999	0.962591	20.004555	4.0	53.566444	14.246293	4.0	0.033779	2.355457	4.0	35.421091	2.5954650000000004	4.0	66.632731	11.429777	3.0	58.647229	20.573709	1.0	37.724949	21.611817000000002	3.0	37.525938000000004	5.662394	1.0	39.202459000000005	3.489947	2.0	54.79940799999999
3341.0	4.0	49.79781	70.172765	17.362779	85.20441600000001	0.520274	0.306705	0.970716	0.22037800000000002	18.466691	6.0	47.245773	6.123	2.0	0.021738999999999998	3.780392	1.0	62.987038	2.068572	1.0	20.559148999999998	22.612853	6.0	39.925807	16.390004	3.0	76.827752	20.178909	1.0	98.305563	16.913047	6.0	70.690952	1.881431	4.0	13.365991000000001
3407.0	4.0	94.178678	11.101771000000001	30.283406	8.682844000000001	0.524551	0.469013	0.280888	0.267104	20.074613	1.0	34.165113	11.197915	3.0	0.026309	5.711758000000001	5.0	74.99968	0.52994	6.0	75.26517700000001	13.522186999999999	4.0	29.989069	19.725270000000002	3.0	60.689117	17.695152	1.0	95.53656	9.637558	5.0	22.566295	24.154811	4.0	45.835485999999996
3457.0	4.0	72.249961	27.252512	25.799757	12.85458	0.911587	0.926225	0.469695	0.594966	1.883298	6.0	47.179989	6.172345	6.0	0.023062	4.156093	5.0	6.5144150000000005	4.581456	3.0	46.853629999999995	7.964907000000001	5.0	75.02558	18.552235	2.0	26.522576	0.628685	4.0	98.61995300000001	21.172729999999998	1.0	33.337055	5.356992	6.0	33.389686
3698.0	4.0	80.222388	21.97636	31.985398999999997	21.477304999999998	0.40249	0.5667909999999999	0.22464499999999998	0.994382	7.750386	3.0	2.7463740000000003	23.149124	5.0	0.019678	1.054442	3.0	21.403515	3.9945150000000003	1.0	94.056309	8.419327000000001	4.0	55.25555799999999	15.284510999999998	3.0	82.583412	0.868793	5.0	68.468349	0.493225	1.0	6.31119	18.593929	6.0	68.571223
3819.0	4.0	34.748946999999994	49.538321999999994	8.781118	58.473726	0.26302600000000004	0.962744	0.26558000000000004	0.154791	23.830428	2.0	99.082369	6.437418	3.0	0.066483	1.319936	3.0	96.696563	4.913112	3.0	51.23835	1.074447	2.0	96.481949	13.942762	2.0	8.007373	21.905585000000002	4.0	92.951449	12.258329	5.0	25.511589999999998	4.260722	6.0	77.459884
3967.0	4.0	21.421707	42.984208	7.357931	83.328705	0.496569	0.24330700000000002	0.776567	0.22626999999999997	3.5809919999999997	5.0	54.085108	13.057221	4.0	0.067467	1.215868	1.0	39.658085	3.448371	2.0	52.728683999999994	20.652379	1.0	56.921453	8.10946	5.0	5.840888	24.029562	4.0	7.998786999999999	5.329495	4.0	21.860301	8.747729	6.0	48.421926
4019.0	4.0	37.564208	55.369769999999995	12.776612	38.082116	0.818453	0.30540900000000004	0.940135	0.143921	14.554685000000001	1.0	97.384137	3.2179599999999997	2.0	0.011607	3.7485	6.0	69.436809	0.5876899999999999	3.0	9.304516	8.178141	3.0	73.88866	16.857855999999998	4.0	26.272304	20.253963	1.0	13.549338	22.150451	2.0	11.295555	9.907607	3.0	53.139878
4192.0	4.0	96.506175	35.804124	43.233269	1.202353	0.732226	0.62612	0.656496	0.781443	8.530266000000001	1.0	50.020429	23.43271	6.0	0.024455	4.375992	5.0	81.211991	0.165104	3.0	26.877385999999998	14.663104999999998	2.0	52.050967	23.334962	6.0	11.876906	0.9712620000000001	5.0	67.742586	3.422333	4.0	10.666963	16.244038	1.0	63.202307
4302.0	4.0	53.167078000000004	23.722373	4.41043	77.92748900000001	0.24556799999999998	0.192962	0.6749729999999999	0.182594	6.438459	2.0	81.16559699999999	4.164402	6.0	0.9169219999999999	3.2847129999999995	5.0	27.634531	2.354028	4.0	74.725915	12.873289	3.0	73.938829	18.654379000000002	3.0	41.062395	16.371273000000002	3.0	17.25114	20.152711	4.0	7.990582000000001	19.078769	3.0	49.416253000000005
4444.0	4.0	70.105715	29.669769	1.481215	70.010888	0.505178	0.39132	0.886025	0.223012	10.630675	5.0	63.061119999999995	16.044936	2.0	0.039908	0.8468700000000001	1.0	49.501676	3.4267019999999997	2.0	57.919677	7.240972	4.0	99.365415	11.421844	1.0	68.76128100000001	7.466127	6.0	70.111778	4.340061	2.0	13.801316	12.797016000000001	6.0	50.452434000000004
4470.0	4.0	86.674851	29.351515999999997	22.445362	40.01056	0.683095	0.30794299999999997	0.7230439999999999	0.49616000000000005	23.832293	4.0	10.180562	13.034694	1.0	0.022322	4.4644699999999995	6.0	63.322586	6.099791000000001	5.0	31.563796000000004	6.760836	3.0	71.632307	4.407719999999999	3.0	4.8132779999999995	2.981395	6.0	48.161281	16.994255	5.0	35.498233	20.72648	3.0	95.913442
4525.0	4.0	10.854187	93.993629	80.470359	29.14883	0.481279	0.5308510000000001	0.210628	0.975542	10.67169	2.0	24.817142999999998	20.114238	6.0	0.049623	5.11477	5.0	3.3152169999999996	0.7984220000000001	2.0	44.555327	9.33803	5.0	67.40014599999999	20.265097	6.0	72.65004	2.044449	6.0	72.572487	5.518448	6.0	68.043583	8.974717	4.0	90.002619
4566.0	4.0	55.759356000000004	83.940919	13.953014999999999	25.959148000000003	0.177511	0.310723	0.48644499999999996	0.682137	5.261741000000001	3.0	65.399247	17.830546	4.0	0.14937999999999999	5.150441000000001	6.0	27.083899	2.9616689999999997	4.0	11.812182	21.690386	5.0	35.777508000000005	14.821995999999999	3.0	2.171202	23.957698	2.0	17.489917000000002	0.392175	6.0	53.220447	12.227796000000001	3.0	80.812657
4702.0	4.0	10.486847000000001	32.253371	27.172390000000004	49.942836	0.28479699999999997	0.800154	0.761891	0.16031099999999998	15.977580999999999	1.0	84.971524	23.603798	1.0	0.016104	3.078055	3.0	17.488344	3.716597	6.0	72.328467	11.358069	4.0	67.212884	19.736998999999997	6.0	70.09831899999999	23.114773	2.0	56.936578000000004	21.339010000000002	1.0	15.266419	10.805782	6.0	80.524781
4786.0	4.0	9.312741	69.215949	73.980687	9.780177	0.397283	0.261843	0.79489	0.755949	17.96882	5.0	28.514053999999998	21.212923999999997	3.0	0.035194	4.658933	3.0	63.129408	2.460224	5.0	19.848896	2.0493669999999997	5.0	45.285875	9.350415	1.0	13.991944	3.45494	4.0	50.975502	21.599805	3.0	73.074915	10.44811	1.0	64.36344799999999
4963.0	4.0	89.67981	60.464459999999995	27.279567999999998	92.27614	0.5181180000000001	0.6952050000000001	0.83721	0.756293	8.395363	3.0	79.43169	10.247993	4.0	0.015383	0.270567	5.0	26.255512	3.907838	6.0	82.704931	18.451045	6.0	19.672875	14.344934	5.0	3.3386669999999996	22.645228	3.0	79.373405	16.932169000000002	3.0	58.668231999999996	6.616407000000001	1.0	95.18955799999999
5075.0	4.0	44.679984000000005	25.011878	18.885888	83.49884200000001	0.238576	0.596607	0.932293	0.934377	5.374498	2.0	67.95832	24.933989	6.0	0.010431000000000001	5.29742	6.0	46.293186	2.648709	5.0	94.675107	4.73586	2.0	37.643284	12.823989	6.0	19.852053	20.547732999999997	4.0	12.920092	20.848527	3.0	29.792296	0.5603279999999999	6.0	70.818049
5105.0	4.0	4.581929	94.120403	33.181569	99.997073	0.286416	0.34325100000000003	0.16894800000000001	0.623807	22.158818	2.0	98.024792	6.8141050000000005	4.0	0.184353	4.287491	2.0	5.560608	3.9331660000000004	1.0	20.673063	18.116966	5.0	30.232869	11.982189	6.0	32.847702000000005	9.590615	5.0	92.899189	1.5633110000000001	1.0	99.071765	19.306877	6.0	58.083518999999995
5166.0	4.0	42.410444	93.20378000000001	50.939533000000004	14.172452999999999	0.798858	0.181066	0.42295699999999997	0.60265	16.799766	2.0	97.66557	5.218209	6.0	0.013197	5.028924	2.0	70.820437	5.962229	3.0	98.754414	5.417993	3.0	62.034110999999996	16.820771	5.0	24.328425	1.4744629999999999	6.0	88.608613	11.056239	6.0	12.28626	14.046845000000001	1.0	63.439637
5692.0	4.0	79.977469	20.735998000000002	95.301346	34.772645000000004	0.307541	0.283735	0.554264	0.795898	4.257291	6.0	16.183277	23.436232	1.0	0.014280000000000001	2.3479490000000003	4.0	21.72534	3.825271	3.0	3.9409389999999997	7.249119	5.0	67.85664799999999	10.860603	6.0	21.956481	19.534976999999998	6.0	70.898937	0.729895	3.0	66.617188	10.768288	6.0	19.028906
5858.0	4.0	80.890263	76.797752	94.934327	32.142469	0.529981	0.6507029999999999	0.945441	0.6824560000000001	3.61136	5.0	98.621845	23.074015	3.0	0.010421	6.258001999999999	4.0	6.899414	2.989954	2.0	84.405462	4.442716000000001	5.0	64.82121	24.254232000000002	1.0	45.202864	0.750578	6.0	99.80349	16.411363	1.0	15.38931	25.066720999999998	6.0	17.417755
6166.0	4.0	61.983346	53.82103299999999	28.647253999999997	75.17683000000001	0.782058	0.575879	0.7189399999999999	0.821361	0.93615	4.0	36.939563	25.014039	5.0	0.035930000000000004	4.768719	4.0	53.842744999999994	5.361886	2.0	64.078921	5.521346	4.0	11.471537	2.712765	6.0	39.022456	21.735681	4.0	35.885529	5.249249	4.0	10.103153	3.7648339999999996	2.0	86.73664000000001
6234.0	4.0	99.620776	6.8515559999999995	57.950653	29.445146	0.26077100000000003	0.655304	0.9096879999999999	0.39814299999999997	6.652857000000001	3.0	58.645565000000005	9.23677	1.0	0.08782999999999999	2.1038930000000002	4.0	87.73265500000001	3.8059489999999996	4.0	95.79194	5.2396080000000005	4.0	1.7288919999999999	6.421993	1.0	71.928761	23.610829000000003	2.0	48.488083	0.588543	1.0	79.855391	17.233848000000002	3.0	32.674467
6276.0	4.0	68.39820999999999	66.454034	10.896914	97.09903299999999	0.674586	0.200975	0.801179	0.8060189999999999	19.225598	3.0	26.551661	3.403112	4.0	0.031079000000000002	3.285978	3.0	1.4429	2.994625	6.0	18.919091	16.659546	5.0	89.078733	10.471033	3.0	7.171439	20.620222000000002	6.0	82.434934	13.631689000000001	1.0	14.434225	3.724363	2.0	22.305695999999998
6304.0	4.0	60.842946999999995	21.748110999999998	75.001986	66.244535	0.321644	0.276571	0.913948	0.602139	4.982544	1.0	97.989426	14.633131	2.0	0.034168000000000004	0.333108	2.0	25.81048	2.7886509999999998	6.0	91.132849	5.546843	5.0	89.148451	2.311932	5.0	28.978453000000002	15.603659	4.0	60.19163100000001	22.557307	1.0	30.901388	3.0880520000000002	1.0	39.594578999999996
6366.0	4.0	43.496604999999995	91.442001	79.469396	34.963448	0.5045	0.279604	0.959586	0.9949030000000001	4.8232550000000005	1.0	46.990756	19.304533	2.0	0.933594	5.703954	4.0	9.916953	5.975596	2.0	46.972013000000004	9.215172	2.0	83.817808	14.465231	4.0	69.20165	0.41686000000000006	3.0	80.71454200000001	17.730253	1.0	47.107244	18.987475	1.0	30.316615999999996
6388.0	4.0	83.399	57.960021	57.863305000000004	65.36679699999999	0.32277100000000003	0.727548	0.9774930000000001	0.550312	8.162054	6.0	64.086959	4.59502	4.0	0.011478	0.43826800000000005	3.0	97.19652099999999	5.768863	2.0	40.537663	6.334417	2.0	32.309678000000005	4.016337	4.0	77.534968	22.989662	6.0	17.199222	2.429189	3.0	25.626609	18.947785999999997	3.0	60.557209
6520.0	4.0	77.627273	34.909226000000004	2.2668630000000003	42.622374	0.648835	0.289619	0.884265	0.197953	23.194426	6.0	95.53535	14.430259	3.0	0.01475	2.3211459999999997	4.0	37.660641999999996	2.297961	1.0	48.119589000000005	22.355232	5.0	48.480201	6.135088	3.0	36.834862	13.021036	6.0	12.525209	11.955053	5.0	8.871284	5.6862260000000004	2.0	72.281586
6616.0	4.0	10.684121000000001	66.46506600000001	5.12257	29.519447999999997	0.535361	0.812327	0.804176	0.349249	7.456169999999999	2.0	82.600077	24.617998999999998	5.0	0.016252000000000003	0.087349	3.0	76.791671	6.1463470000000004	1.0	24.963948000000002	21.068235	6.0	85.276549	23.808335	1.0	41.876658	6.4288870000000005	3.0	14.032678	13.347822	4.0	15.197949	1.293506	3.0	82.146407
6758.0	4.0	63.775016	47.879411	21.010529000000002	85.445768	0.11943599999999999	0.604062	0.632764	0.561086	17.274874	3.0	8.840096	4.5612129999999995	5.0	0.019586000000000003	4.360085	2.0	24.05045	1.145868	4.0	48.863984	22.710162	4.0	76.21011	2.715729	1.0	63.36452	20.672263	3.0	99.99438599999999	12.842680999999999	6.0	5.208772	15.380772	3.0	62.01568
6789.0	4.0	31.921515000000003	67.364704	10.567653	57.922523	0.648674	0.9042950000000001	0.818703	0.913695	10.147916	4.0	4.668689	8.280003	5.0	0.011501	4.465362	4.0	64.06009399999999	1.181761	2.0	19.136815	11.644507	5.0	47.257829	14.113698999999999	2.0	52.258812	6.655082000000001	6.0	48.627542	21.35663	3.0	49.408365	24.141504	1.0	45.213484
7023.0	4.0	25.551537	98.522521	2.865047	81.360331	0.541481	0.340744	0.741583	0.265399	3.441018	4.0	4.485745	20.890698999999998	3.0	0.027431999999999998	3.687332	6.0	23.298059	2.535339	3.0	47.170162	1.278009	4.0	23.207506	18.265833999999998	2.0	12.351628	11.229227	2.0	64.435638	4.821658	6.0	68.129976	2.323532	5.0	60.086071999999994
7241.0	4.0	70.017344	50.661837	11.819566	77.931403	0.8438049999999999	0.268407	0.916308	0.320459	0.845038	2.0	63.10974100000001	3.6020760000000003	2.0	0.048614	5.893736	6.0	76.565984	2.7446580000000003	2.0	76.599357	13.690057000000001	3.0	71.61636700000001	24.175873	5.0	94.632892	8.388946	1.0	19.562547	3.5751760000000004	1.0	61.781672	9.052807000000001	3.0	77.54316899999999
7545.0	4.0	3.274441	48.839684000000005	65.179684	43.104444	0.594627	0.543471	0.646397	0.705264	23.200526	1.0	34.704772	18.465187	6.0	0.037864999999999996	5.041458	4.0	81.129963	2.2694520000000002	1.0	3.244743	16.308459	5.0	42.078520000000005	18.794187	1.0	86.232426	0.346583	3.0	69.011481	20.961722	5.0	3.178191	20.033436	5.0	57.31589
7571.0	4.0	28.746864000000002	20.172114	90.752844	39.052042	0.124839	0.613096	0.7973279999999999	0.787587	23.2171	6.0	49.231877000000004	22.999336	1.0	0.010123	0.564159	3.0	4.342922	4.573662000000001	2.0	39.522773	2.919716	6.0	41.579526	16.753104	5.0	47.215272	1.199555	5.0	97.064695	9.690287	2.0	31.18317	15.755811999999999	5.0	61.815202
7684.0	4.0	40.080042999999996	28.221056	3.73794	95.704593	0.698078	0.8588969999999999	0.436986	0.114702	14.108982000000001	5.0	56.595006999999995	16.916929999999997	2.0	0.014306000000000001	5.836574	5.0	72.55381899999999	4.772011	5.0	63.353595	11.541867	5.0	48.193672	22.985301	1.0	9.899030999999999	16.954818	3.0	8.694995	9.422732	2.0	55.105796	8.874886	3.0	12.162742
7705.0	4.0	26.351717999999998	37.928387	19.242468	24.572696	0.613987	0.30126	0.197284	0.997469	9.241005	2.0	72.661819	11.3228	5.0	0.017131999999999998	4.157819	4.0	6.107654	4.155476999999999	6.0	62.764014	1.9563990000000002	2.0	5.00927	14.156320999999998	1.0	37.185953999999995	0.688496	5.0	88.299981	14.951438000000001	3.0	47.071113000000004	23.825104999999997	1.0	13.725844
7777.0	4.0	34.109595	71.168032	58.785444999999996	73.582605	0.808929	0.8131510000000001	0.707217	0.309274	13.925673000000002	1.0	97.46231	13.896548000000001	2.0	0.221877	5.137329	5.0	77.260595	1.13133	1.0	52.423911	3.151306	2.0	56.550753	11.917235	2.0	27.882808	16.847888	6.0	44.014004	23.748428	5.0	60.653468000000004	2.141866	6.0	69.133147
7787.0	4.0	12.827557	58.343844999999995	21.207227	80.19277199999999	0.6331680000000001	0.266384	0.96105	0.159552	11.557400999999999	6.0	81.85500400000001	22.916078	6.0	0.010787	4.842561	5.0	79.14279	1.218849	6.0	64.206379	18.764704000000002	2.0	71.047911	2.890146	3.0	61.343024	23.325066	6.0	99.147317	4.6398410000000005	5.0	35.954833	4.937018	5.0	81.551701
7826.0	4.0	66.772724	54.390094	22.602165	8.284462	0.508831	0.404381	0.814304	0.5463560000000001	15.338364000000002	5.0	74.355053	8.034523	4.0	0.011699	2.200659	6.0	61.458829	6.254207	3.0	40.325444	10.270427999999999	6.0	46.696069	6.914161	2.0	77.937748	18.332379	3.0	12.220797	3.737886	1.0	4.280002	0.60146	3.0	41.321065999999995
7956.0	4.0	58.061076	94.828745	72.3035	10.041526	0.686293	0.875603	0.10576700000000001	0.990767	21.775569	5.0	32.382129	2.930434	3.0	0.014452000000000001	1.401305	4.0	89.65000400000001	5.3914599999999995	2.0	28.110891	1.320733	6.0	86.274087	18.866022	3.0	59.944264000000004	10.863472999999999	2.0	12.040998	22.281246	1.0	7.490987	18.041237	1.0	15.130982000000001
7989.0	4.0	33.55472	63.198917	20.766898	28.37537	0.29456	0.416367	0.90796	0.616133	21.38915	1.0	79.448468	7.306685000000001	1.0	0.02298	5.258526	6.0	43.875372999999996	4.876191	1.0	53.474647	19.320634	6.0	13.598404	17.627305	4.0	11.045825	1.144778	5.0	17.110256	16.042804	3.0	63.111701000000004	18.473395	6.0	85.571488
8080.0	4.0	38.458234000000004	11.856921	96.316159	7.957285000000001	0.816658	0.424262	0.890985	0.397876	20.743826000000002	1.0	83.920624	25.099839000000003	1.0	0.055334	5.11325	1.0	33.231773	2.525391	6.0	87.568196	8.097348	3.0	82.61975799999999	18.715453	1.0	52.551343	23.565617	3.0	11.549045	2.667479	4.0	47.336771	0.649397	4.0	70.989026
8083.0	4.0	51.67405	41.068896	1.160144	93.397173	0.528014	0.511417	0.265192	0.114461	3.493836	4.0	48.165572	14.669061	1.0	0.07257000000000001	3.166897	5.0	83.113941	4.7995779999999995	4.0	19.545453	8.675883	1.0	54.856504	12.49447	4.0	63.340254	14.631561999999999	6.0	9.040986	19.999782999999997	1.0	15.544063000000001	16.081521	5.0	94.633688
8166.0	4.0	58.79841700000001	65.518454	7.412767	82.934848	0.133748	0.9342719999999999	0.594733	0.137215	5.531417	6.0	13.460420000000001	15.698769	1.0	0.023146	0.642653	6.0	34.475951	5.566294	2.0	20.468536999999998	19.018462	5.0	69.230492	3.584718	4.0	3.3660059999999996	13.211479	4.0	11.215442999999999	7.125019	2.0	90.633129	5.674732	3.0	39.665508
8479.0	4.0	24.253035	86.97305899999999	5.799901	73.302954	0.70823	0.184569	0.90623	0.187106	21.384494	5.0	86.997822	22.792803	5.0	0.021948	0.705151	3.0	16.069295	4.581396	3.0	82.285229	16.363647	3.0	42.695837	12.396732	6.0	21.002516	8.112219	3.0	67.342606	23.284236	1.0	9.557653	18.598437	3.0	17.220505
8525.0	4.0	48.729409000000004	28.571854	33.336059999999996	95.033281	0.21549000000000001	0.771479	0.573543	0.616316	8.758016	3.0	15.110527	9.128049	4.0	0.023724000000000002	2.5382689999999997	3.0	59.17974399999999	5.717797	5.0	27.408676	12.435197	4.0	8.375136999999999	9.735953	6.0	69.50912	18.326042	3.0	32.272632	4.085033	2.0	81.81910400000001	2.303181	2.0	95.649947
8581.0	4.0	17.988597	89.2374	14.469281	76.51594399999999	0.313867	0.594742	0.822232	0.305017	14.763229	2.0	69.436539	22.78688	3.0	0.022088	5.851099	6.0	70.669416	4.2626550000000005	4.0	28.583378000000003	13.747674	6.0	26.794898	14.725321	5.0	29.533913000000002	23.007732	3.0	6.299862	17.112675	4.0	14.579189000000001	6.3539639999999995	4.0	20.066682999999998
8625.0	4.0	36.451766	81.463982	9.558466000000001	51.503572999999996	0.48870399999999997	0.26861399999999996	0.824802	0.160922	22.739198000000002	6.0	99.860649	12.70839	3.0	0.026581	1.858795	6.0	37.42244	3.120868	4.0	20.058965	21.185894	5.0	92.419539	23.267039	5.0	38.439873999999996	19.978593	1.0	69.970214	7.491739999999999	5.0	35.265813	2.817159	4.0	24.215107999999997
8692.0	4.0	82.456117	86.759408	61.469215000000005	48.68148	0.378848	0.116004	0.8951709999999999	0.750695	18.476188	6.0	29.984868	22.060489	3.0	0.016766	2.5297169999999998	2.0	45.304321	4.539213	1.0	64.344137	22.846323	3.0	34.984401	20.119982	5.0	87.402405	22.843729999999997	6.0	9.687635	5.899513	3.0	41.319088	5.998602	1.0	38.92374
8930.0	4.0	60.863440000000004	80.413335	4.693218	93.935084	0.463951	0.72641	0.9555950000000001	0.8880680000000001	19.566891000000002	2.0	83.95893199999999	4.002371	6.0	0.09479	4.249421	3.0	57.411067	4.567647	4.0	42.007827	5.793198	5.0	92.599076	2.670572	6.0	37.637121	20.921835	6.0	86.955678	21.793929000000002	1.0	60.03779599999999	0.48760200000000004	3.0	45.037888
8947.0	4.0	78.401505	17.971494	62.932607999999995	45.635201	0.708333	0.402632	0.646282	0.814244	7.6517919999999995	1.0	42.782068	25.329026000000002	2.0	0.020416	1.521118	1.0	48.40048	0.7276060000000001	4.0	59.910417	20.836492	4.0	38.885011	7.364464999999999	3.0	99.618721	23.917825	5.0	35.447487	2.5636919999999996	6.0	58.047406	6.9976389999999995	5.0	56.625961
9063.0	4.0	22.40227	41.058966	9.930647	89.342462	0.29032199999999997	0.114501	0.738746	0.23820500000000003	21.709481	3.0	66.678302	25.16066	3.0	0.013077000000000002	3.9921599999999997	1.0	38.681148	4.163006	1.0	80.80162299999999	3.580508	4.0	16.510914	20.880520999999998	5.0	22.464092	9.68169	1.0	89.805213	10.1218	3.0	13.431275	5.324635	3.0	71.480574
9176.0	4.0	50.807893	31.682440999999997	9.49484	59.609292	0.93925	0.466071	0.7521939999999999	0.25753200000000004	13.695960999999999	2.0	91.680591	22.984004000000002	2.0	0.011233	3.7912550000000005	3.0	64.68482	1.5482559999999999	2.0	53.773447	20.773612	2.0	37.163779999999996	18.369564	6.0	34.356341	12.339205999999999	5.0	23.145659	2.952785	3.0	34.028304	3.8894849999999996	4.0	39.059535
9759.0	4.0	26.60176	26.936804	19.466010999999998	44.704419	0.8521920000000001	0.284288	0.7792899999999999	0.85413	0.756598	3.0	59.264019999999995	21.95082	6.0	0.022277	3.8856010000000003	6.0	72.943393	0.45619499999999996	1.0	60.95829499999999	15.948685000000001	3.0	38.129676	6.836931	6.0	20.994162	9.377391000000001	5.0	76.937523	22.176184	6.0	25.697706	12.152804	2.0	9.772933
9761.0	4.0	17.137682	68.690795	19.268187	22.321943	0.12821400000000002	0.30711700000000003	0.988874	0.354074	10.571036999999999	1.0	10.389710000000001	23.386564	5.0	0.014258000000000002	2.853348	5.0	49.803377000000005	2.9339619999999997	6.0	47.841066	10.557253999999999	1.0	67.073475	9.373892999999999	2.0	98.865999	13.523039	1.0	10.417145	18.032559	2.0	27.137621000000003	0.7798729999999999	5.0	95.110414
9829.0	4.0	23.948753	59.900801	54.21734300000001	25.16003	0.960944	0.711781	0.842434	0.16800299999999999	1.563633	2.0	5.5095540000000005	15.478564000000002	6.0	0.027497000000000004	4.279535	4.0	28.266207	4.735593	5.0	6.5383379999999995	5.6182669999999995	5.0	58.323205	18.259121	4.0	76.212427	23.558274	2.0	57.276003	21.763988	5.0	90.112448	6.607216	1.0	48.240051
9837.0	4.0	42.987328999999995	88.811442	8.559092999999999	40.098789000000004	0.976642	0.626781	0.702496	0.312533	20.265292000000002	4.0	55.49029399999999	15.977688	2.0	0.014861000000000001	5.277585	4.0	74.455368	3.088816	4.0	14.668417000000002	23.419644	1.0	96.46703199999999	7.439456	4.0	57.97902	4.963193	6.0	76.485465	22.087472	5.0	8.956626	3.955546	5.0	75.05067
9894.0	4.0	74.701442	30.470621	9.846748	31.738171	0.133262	0.279794	0.9303319999999999	0.27364099999999997	0.565182	2.0	97.164642	13.086482	1.0	0.021003	3.2250360000000002	2.0	97.877993	1.354946	1.0	80.747297	9.309138	4.0	71.80198299999999	8.106666	4.0	96.626991	7.259191	1.0	67.414742	0.747484	5.0	27.272827000000003	7.47178	5.0	21.368992000000002
9930.0	4.0	90.56440699999999	42.263408	10.143491000000001	66.047004	0.108633	0.42753	0.652522	0.56517	8.416841	5.0	15.578985000000001	22.65805	2.0	0.014368	5.694075	6.0	36.170194	3.750894	6.0	29.026438	11.321514	4.0	13.508366	5.086311	2.0	10.53559	9.067086999999999	1.0	91.023177	5.399329	2.0	66.793301	22.603973999999997	1.0	93.193649
9956.0	4.0	41.329665999999996	46.086174	7.199747	52.737354	0.470339	0.8486	0.710497	0.826883	0.484729	3.0	61.658818000000004	19.760272	3.0	0.042506999999999996	1.7390700000000001	2.0	54.845689	0.447967	5.0	85.199229	4.418275	3.0	91.865047	15.436318	2.0	66.844134	9.526052	6.0	93.838382	18.999503	6.0	53.62376	0.263424	4.0	60.540983999999995
9984.0	4.0	26.331049	76.246105	20.466869	95.84539000000001	0.29542199999999996	0.766853	0.662535	0.31596399999999997	13.705333	6.0	85.480278	17.219272	2.0	0.011043	5.205277	5.0	85.438742	4.984603	6.0	84.372809	7.280351	3.0	29.41248	3.4559550000000003	2.0	25.4095	21.888707	3.0	75.790414	4.8954830000000005	2.0	9.802791000000001	14.186128	5.0	42.627049
9992.0	4.0	84.15136600000001	46.509615999999994	7.0102850000000005	78.834329	0.981453	0.624171	0.494026	0.334995	19.156763	2.0	63.722148	21.78491	6.0	0.020146999999999998	4.494008999999999	1.0	20.538544	4.830546	4.0	16.654835000000002	6.765517	6.0	1.576575	24.166411	5.0	71.11695	19.889459	1.0	63.285006	1.183473	6.0	49.879974	1.3956469999999999	4.0	18.210004
