94.0	4.0	16.713427	95.684876	75.358638	40.03805	0.415463	0.21982800000000002	0.241056	0.7853359999999999	13.156579	2.0	29.280995	20.875564	4.0	0.022175	5.8219389999999995	5.0	27.453190999999997	5.831589	2.0	13.044675	7.493022	3.0	64.026191	10.365637	1.0	20.253078	0.45829	2.0	36.980884	21.7005	3.0	80.75929599999999	16.031779999999998	6.0	12.105021
157.0	4.0	95.920004	9.019489	80.697385	56.045193999999995	0.499515	0.253386	0.39504	0.42181899999999994	17.257057999999997	3.0	6.18329	6.464529	3.0	0.013878	5.269328	5.0	30.216725	4.575373	4.0	20.093444	17.063074	6.0	6.04336	25.211156	3.0	5.94433	23.251742999999998	1.0	58.670855	21.410444000000002	5.0	63.295452000000004	24.403203	3.0	12.164153
542.0	4.0	41.681349	59.32068100000001	99.115659	42.14672	0.7329180000000001	0.5486880000000001	0.64161	0.345748	23.253714000000002	2.0	82.34432199999999	4.889291	1.0	0.154783	1.3789040000000001	6.0	90.677358	1.956823	4.0	88.11915400000001	20.529894	2.0	7.257368	1.834196	1.0	71.11104399999999	8.033605	5.0	6.418507	12.400563	1.0	87.37175500000001	21.064705	4.0	68.997475
953.0	4.0	97.201026	27.792239000000002	71.50588499999999	85.388653	0.447063	0.837363	0.358154	0.31349	1.938769	6.0	94.084554	18.465278	5.0	0.02576	5.204794000000001	1.0	60.504276000000004	0.557558	4.0	68.475227	7.283243	5.0	85.338536	1.819753	5.0	21.192997000000002	0.43988599999999994	4.0	40.901988	21.863170999999998	6.0	12.182813000000001	4.381002	4.0	90.845732
1018.0	4.0	79.454039	54.38057	95.594484	99.394914	0.35285700000000003	0.872568	0.34593	0.770146	11.292596000000001	5.0	81.96093	24.649516000000002	5.0	0.049363	4.657007	2.0	82.530675	3.032638	5.0	40.3634	2.501773	6.0	89.723091	8.346444	6.0	29.976515999999997	2.153915	1.0	46.709128	19.406605	4.0	75.157358	24.374928	4.0	58.684172
1067.0	4.0	65.29334399999999	45.328661	81.226963	82.38042	0.8588879999999999	0.222838	0.425779	0.5425449999999999	15.828106	4.0	76.815075	16.877176000000002	1.0	0.022728	4.473883	2.0	17.520654999999998	1.3360889999999999	3.0	38.627790000000005	16.138374	1.0	63.562086	3.386229	3.0	41.437028999999995	1.039751	4.0	53.814333999999995	2.978582	2.0	92.508588	5.587325	6.0	98.837304
1269.0	4.0	50.18651	26.504065999999998	40.305103	76.838932	0.421548	0.22278	0.693665	0.324946	3.5615010000000002	2.0	91.154137	25.050219	1.0	0.08023	1.914216	2.0	85.62038299999999	5.80285	6.0	12.923525	5.671549	6.0	62.007437	1.273098	4.0	1.493293	18.010781	1.0	87.25318399999999	23.762659	4.0	70.753658	17.058442000000003	5.0	60.86720699999999
1351.0	4.0	20.894412	87.477641	66.24956800000001	39.399891	0.24132800000000001	0.22283899999999998	0.105709	0.520725	18.182312	2.0	39.840655	23.943735	1.0	0.034294	0.9649530000000001	3.0	27.552497999999996	5.319726999999999	1.0	61.974842	13.714573999999999	5.0	36.512434999999996	24.901194	4.0	4.1466709999999996	12.680981	2.0	10.460268	9.165975999999999	2.0	59.79574399999999	13.491679999999999	4.0	49.083664
1585.0	4.0	7.538071	71.108531	45.990287	43.866985	0.8856139999999999	0.517789	0.209511	0.9685879999999999	17.819879	5.0	34.820640999999995	23.622978	5.0	0.017304	5.75744	1.0	66.713195	1.035564	2.0	47.225506	3.676257	1.0	47.376587	1.603807	4.0	20.021765	2.027362	1.0	40.613954	17.34194	3.0	37.270359	24.125639000000003	3.0	23.196783
1649.0	4.0	90.564728	47.939778999999994	62.767641000000005	52.947593000000005	0.498958	0.9310229999999999	0.19858800000000001	0.472459	0.9409049999999999	4.0	75.932772	18.682878	4.0	0.045211	2.8161080000000003	1.0	83.987461	1.143059	3.0	69.01311700000001	9.090171	1.0	73.109851	6.5848830000000005	2.0	43.387477000000004	0.40381500000000004	1.0	48.971373	21.088165	6.0	79.58130899999999	14.532716	2.0	48.567505
1679.0	4.0	92.758967	24.447403	16.477744	70.52994699999999	0.6344850000000001	0.162699	0.169227	0.616167	22.020614000000002	6.0	28.776393	19.969888	3.0	0.10949300000000001	1.3342829999999999	3.0	82.83005	2.916251	5.0	61.139495999999994	15.045622	2.0	16.920189999999998	21.322578	3.0	8.673357000000001	1.373157	5.0	4.1032720000000005	11.368955	5.0	85.985502	23.774789000000002	4.0	93.732066
1865.0	4.0	23.999416	81.591004	76.216952	81.740349	0.450514	0.170466	0.327129	0.724001	12.504669999999999	2.0	51.830048	6.162952	4.0	0.434163	6.231249	3.0	81.690899	4.065542	4.0	46.008203	6.7331970000000005	5.0	88.349861	9.971767999999999	5.0	9.15269	5.680537999999999	2.0	81.951552	22.023639000000003	1.0	63.932974	7.8298559999999995	6.0	52.117996999999995
1934.0	4.0	91.675062	47.285151	22.210591	23.451627	0.727712	0.9485879999999999	0.145822	0.40776599999999996	7.053503999999999	4.0	66.854611	11.940676	4.0	0.661191	0.630499	3.0	81.495109	3.374401	5.0	80.996142	2.686566	3.0	9.279133	25.049965	4.0	12.283826	6.051821	1.0	14.887395999999999	5.030480000000001	1.0	92.082631	18.082926	6.0	75.846587
2055.0	4.0	64.220836	13.766229000000001	92.502673	21.060845999999998	0.819876	0.21201599999999998	0.6568109999999999	0.7398319999999999	5.089062	2.0	80.60070999999999	8.332453999999998	1.0	0.010156	4.140731	6.0	15.923054	5.4402989999999996	6.0	68.277902	15.799438	5.0	26.605628999999997	17.872075	1.0	7.504386	16.092106	1.0	13.164979999999998	10.811015	1.0	34.681324	6.0733559999999995	5.0	55.546074
2586.0	4.0	42.199451	52.289821	83.295105	96.190089	0.29149400000000003	0.33668899999999996	0.30301	0.901392	5.6906300000000005	6.0	10.811525999999999	10.467119	1.0	0.010884	4.578995	5.0	20.692344	0.851706	2.0	75.187127	6.497505	6.0	49.266915999999995	5.026101000000001	4.0	13.218747	10.899527	1.0	87.410652	12.522784	1.0	54.061263000000004	22.862696	2.0	97.250167
2685.0	4.0	2.0556099999999997	39.619911	44.717702	49.425385999999996	0.39153499999999997	0.111625	0.116972	0.669942	14.443517000000002	5.0	18.663104	18.707321	1.0	0.012969	3.480803	4.0	59.817570999999994	5.461636	5.0	10.0283	14.315398000000002	4.0	36.954572	24.396563	1.0	88.324078	2.016155	2.0	24.159189	12.802964	1.0	21.437148	5.74164	4.0	79.48779
2708.0	4.0	91.48684200000001	63.173543	96.75386400000001	45.089889	0.248939	0.767217	0.181822	0.811929	14.515692999999999	5.0	78.072142	7.943819	4.0	0.017565	0.584535	3.0	54.451579	6.261388	4.0	55.930275	18.059077	3.0	89.30413100000001	19.972742999999998	1.0	14.743841	0.872332	6.0	52.411525	3.352092	6.0	58.719875	22.39323	4.0	70.379074
2790.0	4.0	85.565327	82.625475	92.89688199999999	20.836018	0.776456	0.254782	0.693595	0.207141	20.841181	4.0	37.847296	25.228407	4.0	0.067413	3.1228580000000004	4.0	88.08799	5.508607	6.0	18.353242	19.014769	4.0	40.819904	2.31334	2.0	94.409906	16.480273	2.0	7.00292	4.134722	1.0	81.41470600000001	21.205835	5.0	34.641975
2895.0	4.0	60.593485	75.071386	66.091732	35.576457	0.45564899999999997	0.53293	0.286238	0.737111	16.743318	6.0	38.766591999999996	12.23526	1.0	0.023027000000000002	6.128009	6.0	70.630773	1.6809189999999998	5.0	98.34033199999999	19.802038	3.0	45.462101000000004	21.23611	4.0	10.699239	2.02394	1.0	99.636188	16.360056	4.0	8.952516000000001	7.640766999999999	6.0	86.107052
3112.0	4.0	94.397856	23.363785	98.993011	50.013867	0.345883	0.345094	0.7982100000000001	0.41348100000000004	14.28038	6.0	54.530009	17.313541	5.0	0.014516	0.6659470000000001	6.0	58.879129000000006	0.8064720000000001	5.0	11.33212	11.366997	1.0	5.036728	12.970696	2.0	10.806257	4.502024	3.0	8.726224	23.598632000000002	2.0	62.413603	13.584207999999999	2.0	65.736714
3383.0	4.0	36.628208	54.846202000000005	46.762609999999995	25.734274	0.954026	0.33124000000000003	0.9300120000000001	0.523296	2.010303	6.0	34.334825	22.397942999999998	1.0	0.013619999999999998	2.150601	1.0	82.293942	2.810229	4.0	40.408895	2.747831	4.0	27.72523	8.209481	2.0	1.4930860000000001	3.6713169999999997	5.0	8.506317	11.388074000000001	6.0	93.24951300000001	16.857657999999997	4.0	77.273702
3507.0	4.0	1.201739	47.415841	90.32594499999999	15.506401	0.145345	0.732043	0.250159	0.542184	3.5868349999999998	6.0	66.125906	4.188251	1.0	0.016075	0.064387	1.0	65.841987	3.806219	2.0	72.194253	1.7176240000000003	5.0	20.942282000000002	12.84878	1.0	92.3503	2.63262	1.0	20.161463	3.8476769999999996	5.0	37.892306	16.462985	5.0	16.806126000000003
3634.0	4.0	52.82604499999999	26.697129999999998	81.223058	37.861313	0.8198629999999999	0.294808	0.705896	0.453114	19.450058	3.0	25.486294	16.197026	3.0	0.040531	1.1778819999999999	3.0	57.55475	0.903602	2.0	77.533066	7.546792999999999	2.0	94.656326	18.272935999999998	4.0	2.6639880000000002	24.292811999999998	1.0	62.060512	20.130011	5.0	49.514008000000004	20.317752	5.0	78.513403
3785.0	4.0	56.299870999999996	79.549165	73.0236	42.218426	0.8785799999999999	0.8594149999999999	0.279136	0.888797	2.11048	6.0	50.4696	4.899203	1.0	0.012248	4.04253	6.0	50.282252	0.192623	4.0	4.148678	12.120762	4.0	75.102264	14.795026000000002	1.0	46.046339	0.33184	5.0	50.555105	18.496347	2.0	27.656403000000005	20.089028	3.0	78.875343
4001.0	4.0	34.124058000000005	25.080131	70.822181	8.354274	0.455539	0.284434	0.131688	0.466671	20.644153	5.0	26.752859	21.733076	4.0	0.022921	6.128467	3.0	31.033389	3.729079	6.0	23.27516	17.674595	1.0	27.124505	13.6495	3.0	37.512667	5.361646	3.0	10.473474000000001	3.7453550000000004	4.0	6.928388000000001	9.108017	4.0	64.365771
4025.0	4.0	79.58694200000001	45.017513	98.658867	89.628497	0.262908	0.61164	0.44909899999999997	0.762073	19.583697	1.0	78.04777800000001	24.45975	2.0	0.019791999999999997	6.23067	4.0	79.236346	2.819988	5.0	55.091239	14.317886999999999	5.0	7.244312	12.989961	6.0	8.106409	7.770910000000001	2.0	24.530193	6.292587	4.0	82.06045	19.261009	4.0	30.144434999999998
4368.0	4.0	89.197938	68.46937700000001	85.27037	6.3338589999999995	0.678729	0.706824	0.113873	0.10868	19.617898	3.0	94.500327	22.93234	2.0	0.025988	2.799214	2.0	6.104236	3.3984059999999996	3.0	42.807185	11.606823	2.0	64.45017	16.607810999999998	1.0	17.86808	18.693416	1.0	33.417103999999995	3.4685379999999997	4.0	28.342079	10.440949	6.0	30.041363
4443.0	4.0	13.257209	70.540399	80.193464	87.616175	0.389948	0.390183	0.53185	0.553535	7.370275	2.0	84.971352	19.881339999999998	1.0	0.03358	2.839867	5.0	59.700222	2.975628	4.0	5.083366000000001	10.37461	5.0	83.5166	23.075996	5.0	1.852818	1.96563	1.0	99.029988	22.797219000000002	1.0	53.239532	24.055709	6.0	33.49975
4564.0	4.0	76.228236	64.978091	99.797312	30.957465999999997	0.535119	0.86482	0.453162	0.938362	0.674433	4.0	21.525204000000002	16.166296	1.0	0.013527	2.987752	6.0	56.901047	1.216536	5.0	95.53321	11.212733	2.0	94.377139	17.343187	2.0	25.411065	22.129676	3.0	1.091596	22.786949	4.0	64.74518499999999	6.7998009999999995	6.0	42.348774
4800.0	4.0	25.759836	78.69738100000001	78.071445	35.834894	0.24409099999999997	0.658003	0.338503	0.7258680000000001	11.11088	6.0	47.63585	18.566311	4.0	0.027627999999999996	1.975039	4.0	84.05856700000001	1.2389379999999999	5.0	42.639904	7.6926559999999995	5.0	81.618091	14.133303	5.0	2.0702220000000002	6.2790349999999995	1.0	89.17954499999999	15.57835	5.0	91.138734	8.808826	4.0	41.696239
4928.0	4.0	20.803441	79.002712	81.733621	50.53838	0.388644	0.6142850000000001	0.510775	0.608875	5.294963	1.0	27.801840999999996	0.91558	1.0	0.27669	5.328736	6.0	43.347743	4.924283999999999	3.0	96.685379	16.623046	5.0	1.260349	24.270384	1.0	6.654337	10.384361	1.0	31.084566	12.059707000000001	4.0	78.745553	18.814902	5.0	57.05218299999999
5078.0	4.0	20.817723	30.458323999999998	69.256562	12.661355	0.971944	0.8350719999999999	0.6716810000000001	0.38993099999999997	3.870022	6.0	32.018445	7.860113	3.0	0.018189	0.918372	2.0	1.279089	1.093491	1.0	59.719439	5.802379	6.0	35.728871000000005	6.362408	3.0	13.593338000000001	2.059615	2.0	54.314636	21.188872	5.0	48.388715000000005	4.112654	4.0	43.054322
5115.0	4.0	31.288771999999998	75.770208	45.834061	30.107283000000002	0.5954149999999999	0.191922	0.157354	0.324022	16.369661999999998	4.0	67.421536	12.085682	6.0	0.038369	5.440627	1.0	82.22385799999999	2.600879	5.0	68.28964	2.150361	3.0	32.036953000000004	13.59885	3.0	31.810415999999996	3.072423	2.0	65.381558	20.76343	5.0	8.223727	13.547139000000001	6.0	26.460824
5420.0	4.0	26.767608000000003	84.36855	41.897493	94.775932	0.6043350000000001	0.416905	0.100356	0.383076	2.20471	5.0	14.953370999999999	0.989612	4.0	0.202571	1.434182	2.0	82.52762299999999	5.712091	3.0	6.828728999999999	21.027449	3.0	16.73046	17.968056	6.0	7.437989999999999	6.890591000000001	1.0	65.172958	6.202959	3.0	24.813809	24.715101999999998	4.0	88.054865
5842.0	4.0	36.32585	76.02316	41.654294	74.900299	0.47975	0.32915900000000003	0.31821900000000003	0.378539	10.1877	2.0	23.630361999999998	1.77961	3.0	0.123379	4.454613	1.0	29.184462	3.872186	5.0	21.249709	8.913894	6.0	73.534846	2.32976	1.0	12.586341000000001	0.514009	2.0	50.6552	2.553383	2.0	85.07805400000001	22.951611	3.0	91.711616
6673.0	4.0	21.443992	98.702376	96.740815	88.86854	0.5151979999999999	0.45747299999999996	0.9410959999999999	0.759141	7.298564999999999	3.0	86.853788	25.137051	1.0	0.020142	2.192921	3.0	10.551836	5.281491	4.0	79.53690300000001	7.424084	6.0	31.508759	1.0876299999999999	4.0	43.209245	20.377357999999997	3.0	13.154573000000001	22.711546	1.0	1.922779	14.841861999999999	6.0	45.43065
6759.0	4.0	52.226896	25.654641	96.965497	31.096627	0.8776579999999999	0.113746	0.617873	0.804621	9.29077	4.0	50.836859999999994	23.658085999999997	1.0	0.104752	2.833759	6.0	25.131846	3.407718	4.0	53.243370999999996	8.357034	1.0	40.762890999999996	0.678657	1.0	70.93310600000001	3.683046	4.0	8.68655	0.6744859999999999	1.0	79.223174	10.471586	3.0	69.209308
7272.0	4.0	76.630041	36.811613	60.031465000000004	50.284201	0.254128	0.546868	0.8521489999999999	0.46587399999999995	11.219676	4.0	82.759762	15.535644	2.0	0.017766	0.460913	3.0	78.019604	3.402514	1.0	15.362262	11.096903999999999	4.0	77.187811	25.309912	6.0	7.783288000000001	1.8692819999999999	2.0	42.65033	11.527034	4.0	46.861702	6.012576	5.0	49.466397
8580.0	4.0	43.468713	62.487697999999995	48.574743	17.183145	0.358935	0.863926	0.171072	0.46470100000000003	8.347398	2.0	42.923994	1.9072650000000002	2.0	0.20303	5.946209	5.0	31.732340999999998	1.6791189999999998	4.0	85.126244	15.009484	3.0	35.987285	0.715276	1.0	2.281902	15.852951000000001	1.0	61.278381	5.568703	4.0	14.957222	18.740984	5.0	22.575572
8712.0	4.0	59.943149	21.734864	77.92090999999999	20.530135	0.8833620000000001	0.146536	0.318444	0.242929	14.651948999999998	3.0	33.031503	10.219249000000001	1.0	0.037226999999999996	0.11668599999999998	2.0	16.3357	0.240461	2.0	38.669385	9.957455	4.0	83.47134100000001	1.346571	1.0	83.206951	4.0012099999999995	1.0	49.923439	20.356279999999998	3.0	11.944464	13.264823000000002	5.0	49.402874
8733.0	4.0	46.360448999999996	70.823525	75.78918900000001	44.948111	0.12829000000000002	0.7775270000000001	0.33813499999999996	0.649257	22.370533	5.0	43.278275	13.214573000000001	2.0	0.048702999999999996	4.6321	2.0	89.717951	2.921095	6.0	13.346825	16.52048	2.0	64.633583	23.819217000000002	4.0	7.773016	16.035795999999998	1.0	27.132662	15.571012	3.0	20.15498	8.67264	3.0	65.76645500000001
8858.0	4.0	82.926353	20.707117999999998	5.005571	87.311047	0.810371	0.87644	0.130324	0.521632	14.026152	3.0	30.528764000000002	18.130153	1.0	0.018566	3.039018	3.0	50.867499	3.4444760000000003	6.0	9.623283	6.073182	1.0	42.859215999999996	23.092230999999998	3.0	2.926625	11.537191	1.0	1.32017	13.542812	4.0	35.987899	23.732497	6.0	92.26997
8973.0	4.0	94.407168	69.253225	91.590127	58.226802	0.7831819999999999	0.15925599999999998	0.294442	0.86115	13.087738	3.0	57.905638	14.858409	1.0	0.012433	1.409958	1.0	86.931352	3.616792	5.0	31.406461	5.31871	2.0	93.233059	1.2909540000000002	5.0	65.85143199999999	6.283018	4.0	6.276217	3.7285519999999996	3.0	24.494395	24.987219	5.0	66.473458
9322.0	4.0	63.003523	33.64972	98.60514599999999	9.280802	0.566691	0.9800719999999999	0.800211	0.304266	7.825666	6.0	96.754001	6.053553	4.0	0.035555	4.6982800000000005	5.0	46.10948	1.929346	5.0	2.4160060000000003	4.497856	4.0	49.731339	23.447162	2.0	5.016903	7.882292999999999	6.0	2.58925	0.587906	2.0	52.686730000000004	16.258286	6.0	52.222269
9497.0	4.0	54.458656999999995	73.110359	97.590976	18.128527	0.989759	0.17363399999999998	0.48913	0.705974	8.920247999999999	3.0	19.028084	14.004778	4.0	0.013436000000000002	5.6857050000000005	1.0	80.328539	5.218304	6.0	22.14507	12.10275	6.0	58.173593999999994	19.514719	1.0	21.503469	5.021593	2.0	54.169736	22.348606	4.0	22.995467	7.339663000000001	2.0	9.572586
9751.0	4.0	62.352608999999994	48.484246	94.215639	28.193505	0.944433	0.545551	0.770513	0.388335	16.344641	5.0	26.584139	6.135579	2.0	0.013872	4.112883	6.0	45.948494000000004	0.620512	4.0	37.754445000000004	23.076922	3.0	27.706992	0.682	1.0	68.849181	16.214814	1.0	3.220437	22.852529999999998	1.0	79.01903399999999	9.207818	5.0	41.94802
9912.0	4.0	71.903941	21.414702	58.646145999999995	58.619079000000006	0.879655	0.5210100000000001	0.648629	0.524204	6.482378	2.0	88.271535	22.721154000000002	4.0	0.057277	0.865394	1.0	28.540165999999996	2.5534169999999996	1.0	31.082621999999997	1.24596	4.0	92.774203	10.27755	1.0	82.62357800000001	0.5867439999999999	6.0	60.449277	18.568299	4.0	3.294986	23.910477	2.0	50.381209999999996
