6.0	4.0	80.470958	55.99989300000001	78.886751	72.91032	0.5716439999999999	0.9103479999999999	0.669782	0.834451	2.555552	2.0	20.933866000000002	19.384153	3.0	0.040198000000000005	5.056128	5.0	59.110781	2.700001	4.0	49.916536	3.86688	4.0	51.939772	4.875196	2.0	29.415676	2.217795	4.0	65.04379200000001	11.548546	3.0	83.075334	18.817462	4.0	86.393297
72.0	4.0	39.776282	74.60897	37.246041999999996	10.504528	0.610064	0.679878	0.247415	0.9992040000000001	1.786664	3.0	91.308193	20.599582	1.0	0.010052	4.90447	5.0	52.891371	1.283668	1.0	89.169256	18.594291000000002	3.0	38.184055	3.7373309999999997	3.0	33.817054999999996	21.074138	4.0	47.101776	17.612185	1.0	31.676438	3.454804	6.0	32.978326
115.0	4.0	65.262046	44.721582	37.755611	25.423879	0.624062	0.384604	0.857772	0.44943	1.782382	1.0	72.239012	14.608483999999999	3.0	0.010726000000000001	3.6974839999999998	1.0	35.153768	4.122330000000001	6.0	40.658609000000006	11.39232	1.0	95.001098	21.177666000000002	4.0	22.713787	0.574105	4.0	11.383777	11.885786	3.0	47.166021	19.816089	4.0	6.481404
149.0	4.0	70.29729	76.925954	99.155823	50.831346999999994	0.6026699999999999	0.671945	0.42261000000000004	0.446772	5.479632	1.0	69.185114	8.995898	5.0	0.025664999999999997	2.920338	6.0	47.955939	4.762862	6.0	83.996764	23.083731	6.0	18.267920999999998	8.159293	3.0	79.006457	3.0022450000000003	3.0	50.978813	20.606693	1.0	87.097318	4.059487	2.0	31.875366999999997
153.0	4.0	8.120374	67.729334	48.975798	66.479253	0.7151069999999999	0.796916	0.759934	0.849037	1.07702	2.0	2.0087040000000003	18.773619	5.0	0.012026	3.202552	4.0	23.638204	4.318639	4.0	24.17667	16.837742000000002	5.0	23.36178	1.385712	5.0	19.735422	23.642073	5.0	58.15636	13.083777	4.0	14.228094	16.542115	3.0	14.360184
246.0	4.0	24.904349	32.295693	78.098248	64.727449	0.14102	0.900877	0.898538	0.48531	1.3118370000000001	5.0	96.304645	14.937025	2.0	0.015672	1.345864	1.0	47.886643	0.9225969999999999	3.0	66.873713	2.480882	4.0	41.240127	18.064189000000002	6.0	72.23129899999999	12.485659	4.0	26.744026	16.701929	3.0	22.5514	1.9168889999999998	4.0	86.27464599999999
247.0	4.0	10.575002	98.55269200000001	24.788494	22.033654000000002	0.267397	0.963576	0.123524	0.23547600000000002	17.328612	6.0	70.30152199999999	16.003073	1.0	0.039027	2.6580779999999997	5.0	66.157379	0.55324	1.0	11.953366	12.191582	2.0	39.422342	25.104855	3.0	78.24511600000001	17.781735	3.0	64.402798	3.2360330000000004	3.0	51.702940000000005	17.588798	3.0	99.04554499999999
277.0	4.0	30.258936	65.235802	84.405792	68.648635	0.8568459999999999	0.537963	0.18592	0.946456	11.140336	2.0	38.433906	20.194769	3.0	0.012094	1.821248	3.0	13.193178	3.834428	4.0	74.94426700000001	2.0363580000000003	3.0	59.613057999999995	18.876494	3.0	43.99643	21.886387	5.0	41.113372	2.4867369999999998	4.0	45.221771999999994	0.5404800000000001	5.0	9.459743
315.0	4.0	80.67855899999999	42.699098	8.142043	74.823289	0.30790500000000004	0.782026	0.288127	0.138761	15.006431	1.0	43.738964	0.818191	6.0	0.031366000000000005	2.378347	4.0	57.067949	0.924426	1.0	34.572186	1.979643	2.0	39.024397	5.929146	5.0	80.905578	15.295889	4.0	18.555360999999998	1.254525	3.0	63.251872999999996	2.8521669999999997	6.0	95.574494
395.0	4.0	22.754985	29.988286	94.771103	15.858841	0.200896	0.279386	0.449238	0.11144000000000001	1.445062	4.0	6.5209269999999995	20.66358	4.0	0.02336	1.80895	6.0	56.523553	2.764583	4.0	71.992322	16.748691	6.0	16.553887	19.344043	3.0	94.496985	3.8126160000000002	3.0	34.654705	13.157255	1.0	48.428005	11.473001	5.0	6.089727
445.0	4.0	16.834873	56.759214	97.55819	73.132635	0.5709310000000001	0.684508	0.323366	0.865316	0.963607	4.0	31.413081	15.356419	5.0	0.040798	3.6517690000000003	2.0	65.137801	6.145626	1.0	9.706474	17.254663	5.0	17.610529999999997	8.703052	2.0	2.420159	23.656953	5.0	52.45710699999999	12.043235000000001	6.0	84.091262	13.801596	3.0	33.242992
514.0	4.0	22.015388	43.030519	90.37450799999999	80.84660799999999	0.478633	0.146798	0.776449	0.8922200000000001	8.005986	3.0	57.086921	1.3294489999999999	6.0	0.017366	1.079205	6.0	70.059069	4.94254	4.0	87.199271	1.841762	2.0	91.826826	25.313835	5.0	83.145577	13.976939999999999	3.0	33.415562	22.727607	2.0	47.441990999999994	0.862188	6.0	62.400727
539.0	4.0	48.002931	46.900201	89.816411	13.251930999999999	0.755947	0.321414	0.29184499999999997	0.505641	12.469358999999999	1.0	69.25999499999999	7.563752	4.0	0.019776	0.454191	6.0	37.742385	0.16322	5.0	65.11200600000001	16.01651	5.0	41.902978999999995	2.1496869999999997	3.0	47.151875	17.669075	6.0	17.349465	5.073688	1.0	78.077597	13.225381	3.0	64.743691
550.0	4.0	29.402526	77.025382	51.464968	94.353053	0.970086	0.742627	0.28031999999999996	0.5924159999999999	0.363701	3.0	39.571086	12.414819	1.0	0.020319999999999998	1.8557599999999999	1.0	70.825623	5.408572	3.0	48.088853	7.2560899999999995	3.0	38.867176	23.68899	3.0	32.650134	23.976317	2.0	49.23614	12.690913	4.0	28.357874	3.158709	5.0	98.163588
564.0	4.0	54.370151	40.364940999999995	95.59315699999999	40.837689000000005	0.980143	0.664806	0.407934	0.413696	19.282123000000002	6.0	46.639136	15.194397	5.0	0.010926	4.950979	6.0	77.407836	0.23419	4.0	89.318196	5.629232	2.0	88.79285	6.665738	3.0	81.20885799999999	12.017652	2.0	91.29287	5.705469	2.0	43.434884000000004	4.76176	6.0	78.003602
618.0	4.0	45.952412	73.814227	35.528535999999995	43.562869	0.6129140000000001	0.5272399999999999	0.97291	0.621851	11.790527	4.0	7.532638	22.031576	5.0	0.025021	1.6794490000000002	6.0	60.065121999999995	0.14201	1.0	48.005708	17.458984	5.0	40.373799	4.340758	5.0	38.453305	15.558596	5.0	73.389854	8.121397	2.0	58.340331000000006	15.274485	2.0	97.55570300000001
630.0	4.0	13.331998	59.87166	35.817294	50.728556	0.8285950000000001	0.26693	0.6378560000000001	0.930824	9.340035	5.0	14.312312	19.45755	5.0	0.028623000000000003	1.315484	2.0	96.37236899999999	0.188192	4.0	32.555122	8.728724	1.0	8.478352000000001	14.372835	3.0	42.790265999999995	0.494338	5.0	13.838601999999998	20.704071	6.0	14.380091	1.717589	1.0	4.521146
644.0	4.0	12.359494999999999	29.0082	98.290272	67.257086	0.8458110000000001	0.73236	0.7155050000000001	0.444567	10.960221	4.0	43.845962	13.903849	5.0	0.019754	0.07499600000000001	6.0	26.425586	0.49758800000000003	5.0	27.095031	3.924603	5.0	39.059913	4.20015	1.0	30.283140000000003	10.300616	5.0	97.302881	20.684877	6.0	6.327273	6.330171	4.0	44.608115000000005
709.0	4.0	79.104315	69.215357	50.962377000000004	89.55654100000001	0.686355	0.121654	0.401003	0.24381	5.362729	4.0	75.845519	5.253237	2.0	0.011947	3.4123080000000003	3.0	99.711466	4.326975	6.0	56.850362	15.532031	4.0	60.33184	20.616854	4.0	56.173854000000006	1.202658	3.0	58.028999	13.838010999999998	2.0	63.654755	4.430594	5.0	51.724465
728.0	4.0	41.625901	55.87436700000001	4.415051	87.37128	0.9579340000000001	0.390941	0.22514499999999998	0.6057859999999999	5.474165	6.0	37.131733000000004	3.0843279999999997	3.0	0.010517	3.372496	4.0	71.095228	1.3712	1.0	40.770674	21.886625	5.0	49.027937	1.4667860000000001	1.0	83.610929	7.232108	5.0	58.04064	5.257129	5.0	9.613904	3.125756	4.0	73.803249
760.0	4.0	46.91425	94.000918	25.960820000000002	85.957083	0.7742859999999999	0.549534	0.956583	0.22855100000000003	5.314476	6.0	67.82624799999999	24.618371	4.0	0.016641	5.572156	6.0	72.26140799999999	0.599348	1.0	99.61509699999999	14.88084	6.0	67.04767	5.252565	5.0	96.9637	12.109793	3.0	67.52394	22.733694	5.0	20.502036999999998	2.954311	3.0	34.865337
761.0	4.0	50.782769	99.889259	96.153366	12.487152	0.21913400000000002	0.806916	0.834774	0.188331	22.222878	3.0	4.798453	17.411945000000003	3.0	0.0345	4.792083	5.0	63.844178	1.238011	3.0	87.136278	15.626002	6.0	24.022692000000003	22.168656	2.0	69.338516	11.932297	1.0	11.933297999999999	6.508534	3.0	87.871245	5.268	6.0	6.207879
824.0	4.0	5.414339	55.962908	77.946567	25.005782999999997	0.157369	0.174875	0.7846270000000001	0.397481	1.8675009999999999	2.0	60.556630000000006	17.187418	3.0	0.033395	4.731949	4.0	64.700843	1.275867	3.0	93.34213199999999	8.037092999999999	5.0	60.177154	12.343341	4.0	62.47863	22.830947000000002	4.0	80.457955	15.609588	3.0	99.599194	16.528392999999998	1.0	24.571031
856.0	4.0	16.203554	21.334747	71.886742	69.478808	0.831925	0.47021499999999994	0.464908	0.47874700000000003	20.177406	4.0	42.188685	15.135604	3.0	0.013531999999999999	4.171739	6.0	29.799272	0.17408099999999999	2.0	8.503108000000001	15.995464000000002	6.0	78.719514	23.178534	2.0	79.192723	6.792428999999999	3.0	87.20280600000001	6.076671	2.0	60.85341	6.191388	3.0	21.941901
890.0	4.0	75.650993	95.08900600000001	73.74887199999999	71.156351	0.685137	0.41285299999999997	0.493492	0.8028390000000001	21.285647	5.0	41.021626	7.0118	5.0	0.01096	6.168125	6.0	86.41846600000001	4.928804	5.0	22.724315	2.276262	5.0	21.044010999999998	14.574551000000001	6.0	93.518063	18.743464000000003	4.0	29.617577	21.093652	2.0	25.818123999999997	22.169833999999998	5.0	18.642398999999997
906.0	4.0	75.753862	76.001613	64.617772	16.635455	0.111049	0.643554	0.941484	0.663516	2.203393	4.0	22.004842	24.662478	5.0	0.012195000000000001	4.532474	2.0	2.474796	4.380191	4.0	3.289961	23.017864000000003	4.0	87.928752	16.618725	2.0	10.141933	1.278856	5.0	70.693595	2.761664	6.0	8.055802	1.893125	5.0	68.151085
918.0	4.0	16.688748999999998	90.014962	60.543393	40.707097999999995	0.542083	0.45771999999999996	0.9792069999999999	0.8141390000000001	23.059054999999997	1.0	31.137339	24.223456	6.0	0.022483000000000003	3.5011120000000004	6.0	19.966943	2.3511990000000003	1.0	60.942001	17.899936	3.0	99.960358	2.279066	1.0	9.404083	20.234191	3.0	22.464872	15.316869	3.0	21.030986	24.348881	6.0	59.908201
931.0	4.0	23.889485	85.35890500000001	83.93910600000001	75.941805	0.38379800000000003	0.244274	0.720479	0.7800560000000001	9.428567	3.0	66.149338	6.337988	1.0	0.07155800000000001	6.230211	6.0	98.762424	5.124244	5.0	34.233774	1.507891	5.0	76.741905	3.3500419999999997	1.0	85.533886	13.780952	3.0	76.46732800000001	11.329196000000001	4.0	94.43468299999999	4.152353	6.0	46.675072
1033.0	4.0	57.537639	89.167686	33.484501	76.572285	0.402517	0.34172800000000003	0.35620100000000005	0.476163	20.375438	2.0	45.260057	24.493445	3.0	0.010246	1.8265220000000002	4.0	31.1011	2.573509	2.0	47.397195	18.237343	4.0	53.442547	10.099648	1.0	96.916436	11.920082	3.0	51.865806	5.23492	1.0	92.87337099999999	16.503234	1.0	14.326673999999999
1083.0	4.0	91.033024	95.580786	61.05759499999999	27.943101000000002	0.342479	0.949046	0.664369	0.603954	23.140711	2.0	66.054745	12.052594000000001	3.0	0.017322999999999998	3.579703	3.0	64.205285	1.594806	2.0	86.332881	11.82359	5.0	30.374896000000003	3.096639	4.0	53.927195	23.591363	5.0	91.438448	8.132984	5.0	86.883336	19.971512	2.0	9.505208
1184.0	4.0	73.329646	70.417517	42.384895	47.190917	0.715915	0.696811	0.952573	0.410476	18.388969	3.0	17.883514	23.865057999999998	5.0	0.011386	4.1718150000000005	4.0	51.931639000000004	2.848975	5.0	21.820263	17.249868	6.0	20.020466	23.482982999999997	4.0	58.559378	22.07899	5.0	6.682981	9.931256	2.0	43.988184999999994	20.558965	1.0	72.312828
1194.0	4.0	77.227625	43.168758000000004	21.237171	75.384392	0.852642	0.30705	0.591324	0.24934800000000001	10.26384	2.0	24.316263	16.39375	5.0	0.014806999999999999	3.0427560000000002	5.0	23.187468	5.224544	6.0	42.963628	12.210971	4.0	35.833407	9.341275	4.0	27.189121000000004	16.172626	4.0	55.514805	16.093186	1.0	72.188992	0.912458	5.0	87.22999200000001
1220.0	4.0	67.285584	48.861836	49.6339	77.56011099999999	0.998179	0.901372	0.954894	0.32203699999999996	3.365901	2.0	94.261065	19.953869	4.0	0.168736	1.7279360000000001	3.0	34.053036999999996	0.5015350000000001	4.0	95.311352	21.405544	1.0	27.769745	4.455047	3.0	55.165403000000005	19.944645	2.0	94.100487	12.752982000000001	6.0	91.674801	1.093574	3.0	9.0719
1310.0	4.0	6.803441	16.307403	72.812664	93.318256	0.433752	0.210327	0.8998120000000001	0.82606	7.348038000000001	2.0	58.168123	3.787356	1.0	0.031187	0.7170489999999999	4.0	8.746913000000001	3.634186	4.0	65.919257	4.228741	5.0	45.803896	22.048831	3.0	30.749608000000002	12.881364999999999	5.0	25.548844	22.651535	3.0	72.122315	0.735408	4.0	5.3874059999999995
1508.0	4.0	14.788788	19.929738	24.703229	22.870263	0.559987	0.47759700000000005	0.10155399999999999	0.576984	22.247814	3.0	29.572979999999998	17.826729	6.0	0.01251	3.3091489999999997	4.0	28.871402000000003	0.23008800000000001	1.0	35.479707	14.833345000000001	4.0	32.051924	12.339564999999999	4.0	58.51557	17.741932000000002	1.0	21.877598000000003	8.190671	2.0	85.991383	3.6327309999999997	5.0	23.546535000000002
1545.0	4.0	75.368273	52.013329	48.807707	80.850832	0.6976359999999999	0.805239	0.50233	0.8887149999999999	9.294668	2.0	51.766934	10.605248	6.0	0.014672999999999999	3.2479459999999998	2.0	85.080269	4.481214	4.0	27.582148999999998	17.039471	5.0	10.822673	13.538820999999999	4.0	37.891155	11.961200999999999	1.0	80.046437	17.588309	6.0	9.260007	6.515903	3.0	56.946674
1561.0	4.0	32.925591	65.787141	32.745468	17.861985999999998	0.495151	0.195324	0.46459300000000003	0.41838800000000004	19.608259	4.0	10.456926	15.930698999999999	4.0	0.014041	3.790839	1.0	11.791339	3.939221	1.0	51.784526	20.229131	3.0	85.772642	15.567163	2.0	19.586079	0.957045	4.0	47.729537	4.347059	4.0	90.09814899999999	14.33951	5.0	12.051727
1566.0	4.0	68.08952	36.398102	42.709753000000006	57.529268	0.902709	0.18584900000000001	0.7252649999999999	0.239114	8.309561	4.0	8.964064	21.828478	6.0	0.03476	4.875822	2.0	74.815306	2.897239	4.0	68.412932	23.703475	3.0	15.532392000000002	8.18862	4.0	44.679254	0.29137399999999997	6.0	64.553387	23.624181	3.0	58.05185	11.117016	2.0	20.769289999999998
1691.0	4.0	19.357862	82.260616	29.328429999999997	65.475288	0.951601	0.447937	0.16905499999999998	0.804891	8.304165	1.0	82.226476	0.626089	1.0	0.028693	2.250939	4.0	69.156661	4.276283	1.0	93.191455	1.783626	3.0	36.879391	13.427054	5.0	5.580217	20.501673	6.0	95.259951	23.017443	2.0	32.171240999999995	6.975427000000001	4.0	50.98677
1714.0	4.0	31.014836	36.089625	41.090635	77.26732	0.7823220000000001	0.8337540000000001	0.146669	0.34068000000000004	7.712047999999999	1.0	19.417019	7.725202	1.0	0.017755	1.827466	4.0	85.969199	6.2574559999999995	2.0	73.550258	18.161982000000002	5.0	4.820523000000001	23.240774	4.0	95.485106	10.397533000000001	1.0	80.620236	5.438122	3.0	70.725636	24.376365	1.0	88.801259
1715.0	4.0	30.671725	74.25171999999999	94.513953	11.640184	0.630959	0.11702	0.675292	0.560902	20.601879	6.0	48.173115	11.526413	3.0	0.013730000000000001	3.2679400000000003	5.0	60.660346999999994	1.9008369999999999	1.0	19.677106	13.024221	4.0	77.098199	0.311672	5.0	12.010224000000001	19.448948	6.0	87.28657199999999	20.193071	2.0	35.746809999999996	4.594879	3.0	75.478677
1728.0	4.0	62.030370999999995	82.72748399999999	95.651333	84.58507	0.122753	0.325675	0.9575040000000001	0.134473	23.62496	1.0	94.396509	14.682151999999999	3.0	0.085729	2.995364	6.0	10.301957000000002	4.078829	6.0	30.017359999999996	20.251169	2.0	62.807359999999996	10.214335	6.0	38.748442	11.216741	6.0	74.521549	7.696888	2.0	86.891361	7.289600999999999	3.0	24.499786
1779.0	4.0	34.073875	94.11936	47.207621	66.09472099999999	0.37085999999999997	0.450646	0.44181400000000004	0.319863	4.288914	2.0	85.797628	10.346844	4.0	0.045764	3.2771550000000005	6.0	91.766088	1.3555190000000001	5.0	46.594732	10.52164	1.0	45.716221999999995	9.657314999999999	5.0	4.834683999999999	20.469737	6.0	74.363217	14.007772000000001	5.0	54.437886999999996	1.3067879999999998	2.0	92.11476
1801.0	4.0	13.071128999999999	28.932674	31.370958	39.868992999999996	0.867614	0.30578299999999997	0.8332870000000001	0.27559	5.935249	4.0	70.66980600000001	20.024934	4.0	0.031852	2.578865	3.0	66.335977	0.274251	3.0	36.004908	12.113735	3.0	19.727407999999997	2.971176	4.0	52.46281	6.467890000000001	1.0	5.15216	18.950395999999998	6.0	80.25913	19.192908	3.0	49.925919
1844.0	4.0	62.279651	42.337513	40.702249	58.197487	0.9443959999999999	0.23512399999999997	0.113528	0.514016	2.191177	5.0	48.26032	12.477884	5.0	0.01965	2.9491330000000002	5.0	91.067031	2.0505150000000003	2.0	90.664776	7.123863	3.0	2.346943	18.319623999999997	1.0	59.438155	21.328557999999997	1.0	72.61364	20.062542	2.0	93.49172800000001	10.869826	5.0	89.57868
1913.0	4.0	44.924484	21.278273000000002	72.794629	53.206215	0.47884399999999994	0.34498	0.36606	0.93668	7.857436	4.0	28.187008000000002	19.79743	6.0	0.01564	4.789223000000001	6.0	96.491665	0.330326	5.0	83.483683	2.961575	6.0	28.366073999999998	24.883219	2.0	10.589084	19.202821	3.0	18.914495000000002	4.612941999999999	4.0	40.794865	24.547532999999998	4.0	62.670281
1926.0	4.0	44.357262	78.999205	53.994413	66.643312	0.48779399999999995	0.830894	0.7416010000000001	0.799917	3.610812	1.0	37.258807	15.332460000000001	4.0	0.011988	4.115005	3.0	12.283926	3.1600610000000002	4.0	88.46328199999999	22.295023999999998	4.0	21.240402	13.712064000000002	3.0	28.499759	5.800915	3.0	17.682137	21.958748	1.0	98.135964	15.162185000000001	3.0	77.62643299999999
1929.0	4.0	8.754627000000001	50.958923	93.244896	42.795449	0.15065699999999999	0.2299	0.7649020000000001	0.349006	2.885038	3.0	61.682660999999996	22.331615	5.0	0.067848	4.648497	2.0	76.34743399999999	6.060735	1.0	82.985632	21.644537	5.0	45.274602	20.619670000000003	6.0	96.00196899999999	21.837954	3.0	75.86004799999999	12.093167	2.0	25.875865	1.8924459999999999	4.0	40.612863
1959.0	4.0	12.053804	98.43770699999999	28.773453000000003	68.413067	0.460686	0.894098	0.981785	0.61057	0.7619319999999999	4.0	16.494489	14.824628	6.0	0.017658	3.075929	4.0	21.826338	4.086135	6.0	92.21491800000001	19.548257999999997	4.0	25.931091000000002	9.31883	4.0	29.404697	20.17738	1.0	53.869999	22.331522	1.0	21.48572	19.300613000000002	5.0	58.118838000000004
1965.0	4.0	52.590579000000005	51.650971000000006	91.079327	45.705668	0.605769	0.285121	0.820915	0.984402	8.202174000000001	2.0	72.862943	10.36503	2.0	0.016253999999999998	5.384833	4.0	25.582864	2.098912	4.0	53.541964	10.588553	6.0	52.482135	1.550836	2.0	69.868218	18.921295	3.0	98.315373	17.331775	4.0	50.572395	2.412116	3.0	71.29838199999999
2002.0	4.0	36.065867	56.55188100000001	35.068389	88.21740799999999	0.929847	0.532442	0.34623200000000004	0.5896710000000001	15.079182999999999	1.0	77.743698	18.374498000000003	4.0	0.01425	4.035243	6.0	30.637721000000003	1.0670870000000001	2.0	14.185423000000002	23.454359	4.0	8.824938000000001	19.099760999999997	3.0	82.44244499999999	7.348897	6.0	13.624273	19.491112	6.0	30.436864	3.0526560000000003	3.0	40.817802
2098.0	4.0	32.067889	57.976833	56.039756000000004	73.298691	0.978635	0.187748	0.948304	0.349586	10.392657	4.0	83.16624399999999	15.722524	3.0	0.037052	0.620904	5.0	90.21140600000001	4.869939	6.0	34.469899	5.4244129999999995	6.0	79.159318	18.986145999999998	3.0	68.76441899999999	7.914561	6.0	21.470934	2.407404	6.0	94.809038	24.981077	2.0	72.699134
2110.0	4.0	94.184579	69.918609	26.925038	62.189620999999995	0.41650200000000004	0.339102	0.837974	0.33482	6.654869000000001	2.0	68.161264	22.205163	4.0	0.011114	5.880091	6.0	44.846795	2.2818240000000003	1.0	94.845738	15.659232000000001	5.0	53.298193000000005	23.18102	6.0	13.518842000000001	8.532607	6.0	12.74082	10.665178	3.0	80.992839	10.365511999999999	3.0	20.250637
2256.0	4.0	6.777403	97.242863	62.695979	43.022094	0.5064029999999999	0.8941969999999999	0.182272	0.652754	8.754582000000001	4.0	77.381553	5.741066	4.0	0.074033	4.481833	2.0	67.97831	0.174879	3.0	55.700886	16.865648999999998	6.0	85.493995	24.485796	6.0	84.62361800000001	18.496805	3.0	45.56289	0.32039	1.0	20.270104999999997	11.129837	6.0	36.609536
2282.0	4.0	80.978851	43.380103000000005	66.074688	36.32547	0.937225	0.379673	0.86624	0.324098	6.904864	1.0	99.550296	18.649865	6.0	0.010605	2.055586	3.0	60.424336	0.5401729999999999	5.0	39.79	12.550778	2.0	34.349129	5.345848999999999	6.0	5.419996	21.69859	2.0	22.62706	12.756158000000001	6.0	47.698142	1.4327809999999999	5.0	30.563541999999998
2358.0	4.0	74.286459	80.443035	8.000594	34.102605	0.249806	0.6129680000000001	0.544609	0.979525	10.344600999999999	4.0	36.075317999999996	9.732056	5.0	0.014846999999999999	3.941036	5.0	15.572784	1.7186569999999999	1.0	46.080617	21.179701	4.0	34.324909999999996	3.122058	2.0	49.877495	4.446926	4.0	66.093936	3.7755330000000002	4.0	58.439733	9.137487	1.0	98.218731
2531.0	4.0	87.59010500000001	26.078845	99.34279000000001	90.491263	0.53136	0.28367	0.137113	0.608612	7.293044	3.0	92.08189300000001	5.553783	2.0	0.011396	0.556657	5.0	58.123346999999995	5.3978	6.0	4.770519	19.169192000000002	5.0	17.459575	7.904388000000001	1.0	47.986759	21.146218	2.0	55.059312	19.181866	2.0	52.331103000000006	6.740536	3.0	65.97398199999999
2555.0	4.0	21.30203	24.775509	52.836259999999996	59.518942	0.23788	0.743631	0.324816	0.545089	5.878544000000001	1.0	18.619029	10.141053	2.0	0.036956	2.617169	3.0	15.76131	4.282953	2.0	4.128392	7.213849000000001	3.0	13.032587	12.062524	1.0	4.963826	24.050276999999998	5.0	55.238468999999995	3.0526020000000003	2.0	68.14891	5.697957	5.0	49.959266
2616.0	4.0	45.174178000000005	89.481791	35.132606	57.321079000000005	0.589539	0.558689	0.570399	0.455809	21.629839999999998	5.0	77.66830999999999	23.510267000000002	2.0	0.014984	5.100444	2.0	82.14345	1.941577	1.0	36.39628	2.892843	4.0	78.067312	15.088306	5.0	58.11551899999999	7.860417	2.0	96.048662	10.581849	2.0	50.508371000000004	19.651619	1.0	72.094447
2620.0	4.0	23.591441	40.043902	37.373012	38.619238	0.618692	0.517075	0.231231	0.8806719999999999	19.802319	2.0	66.351096	18.440897	4.0	0.046247	5.060361	6.0	18.480485	2.0933080000000004	2.0	1.043239	13.89419	3.0	56.961022	20.479443	3.0	16.835835999999997	23.382341	1.0	37.460407000000004	16.206984	4.0	48.927892	16.372642000000003	4.0	17.141188
2709.0	4.0	16.853894	14.428397	72.117234	87.49643499999999	0.853044	0.26169899999999996	0.957707	0.784988	2.528241	4.0	78.578994	7.067130000000001	2.0	0.161884	4.590066	3.0	47.918442	0.276158	3.0	91.585719	11.095976	5.0	73.39866500000001	1.718909	6.0	84.124725	10.960393	3.0	14.72369	24.265428	6.0	49.643584999999995	10.498811	6.0	80.508206
2720.0	4.0	19.491882999999998	70.41919200000001	20.21434	42.100952	0.415994	0.546607	0.293663	0.55355	1.7458369999999999	4.0	93.164063	0.791617	1.0	0.297587	2.6220939999999997	5.0	33.563746	3.011301	3.0	14.061731	17.733626	5.0	10.17832	15.278189999999999	3.0	58.778236	0.644393	6.0	82.547387	13.574591	5.0	61.712005000000005	18.119366	2.0	93.494888
2756.0	4.0	45.32496	76.345887	4.399292	74.46311800000001	0.667874	0.415448	0.40942	0.395565	12.316106	2.0	47.022514	25.121881	4.0	0.021269999999999997	3.147232	2.0	73.57356800000001	5.801533	1.0	34.793143	6.2881089999999995	3.0	3.3329089999999995	15.671295	5.0	56.77184200000001	3.1747959999999997	5.0	34.979731	10.297444	6.0	9.627814	7.961797	3.0	16.034899
2759.0	4.0	55.215211	36.152153000000006	94.99754	19.920657000000002	0.9370569999999999	0.8473719999999999	0.9978610000000001	0.403129	6.889571000000001	4.0	20.699687	4.557980000000001	4.0	0.011564	4.387624	6.0	89.292925	4.750497	3.0	87.683318	20.369047	4.0	9.017724000000001	3.424788	2.0	13.224825	10.956671	6.0	36.266719	21.994532	2.0	77.674566	11.205544999999999	3.0	57.513915000000004
2793.0	4.0	95.548337	91.72112299999999	33.411933000000005	71.34011	0.732264	0.616265	0.429021	0.383939	4.122553	5.0	85.26143	12.607545	2.0	0.014616999999999998	5.755126000000001	6.0	92.80417800000001	1.3039049999999999	6.0	85.392223	19.883958	3.0	12.364847	13.864493	6.0	76.26941500000001	3.4911480000000004	6.0	79.442299	1.9400540000000002	3.0	23.872938	5.752435	2.0	65.068781
2896.0	4.0	35.914007	99.68401800000001	41.428004	91.817233	0.25503000000000003	0.709879	0.603144	0.264236	13.490278	2.0	20.515203	11.312757000000001	4.0	0.010553	1.181814	5.0	44.288497	0.9366040000000001	6.0	33.922767	7.709164	4.0	27.908839	0.888265	1.0	62.161754	20.064602	4.0	23.160532999999997	9.887564	2.0	23.16011	13.96471	2.0	50.334942
2955.0	4.0	10.194486999999999	94.30579	52.102016	42.804059	0.953525	0.303897	0.588889	0.679185	6.589713000000001	3.0	61.767148	22.649819	4.0	0.012506	6.20059	6.0	84.593524	1.9009740000000002	1.0	16.306822	11.018308	3.0	24.900966	14.895945000000001	6.0	79.957341	22.077551999999997	5.0	59.642342000000006	11.915593	4.0	52.409614000000005	19.294735	4.0	40.096917
2973.0	4.0	11.015902	77.50033499999999	24.044009	84.384011	0.33297	0.665639	0.39555999999999997	0.893076	12.429869	3.0	75.93861	14.326943	5.0	0.018197	5.627347	3.0	45.16095	3.675323	3.0	1.521309	15.511381	4.0	74.35761	9.286106	6.0	36.036138	18.782989999999998	3.0	68.525102	17.004755	5.0	75.297961	15.107187	1.0	68.465595
2998.0	4.0	14.643996	93.73589399999999	17.335456	99.60460400000001	0.8221870000000001	0.445459	0.995633	0.3199	16.887631	2.0	53.692431000000006	10.603088	5.0	0.013217	5.118476	3.0	43.153392	0.787821	2.0	62.642557999999994	8.181609	2.0	33.679905	11.342009	4.0	99.64350999999999	2.8592299999999997	1.0	24.938717	5.229526	5.0	8.517425999999999	18.624118	3.0	52.851760999999996
3016.0	4.0	14.919367999999999	41.462205	41.785817	98.309225	0.17668499999999998	0.7785979999999999	0.794732	0.945576	2.8700759999999996	2.0	63.623360999999996	16.387027	3.0	0.01521	3.2817529999999997	5.0	10.460699	5.12136	2.0	78.65785100000001	15.515916	1.0	99.610916	16.237137	3.0	26.103679	0.627085	4.0	45.66575	3.471503	6.0	99.200978	19.986415	1.0	52.934307999999994
3087.0	4.0	77.502748	28.046567	92.364287	6.1477	0.9247340000000001	0.666981	0.992038	0.358377	19.490735	5.0	18.299841	18.727672000000002	4.0	0.01237	1.173506	4.0	89.459352	6.119104	2.0	53.502782999999994	16.337106	3.0	4.041035	1.5592219999999999	4.0	14.698476000000001	16.904857	1.0	55.96699	23.748023	3.0	35.297488	7.578948	6.0	8.812589
3197.0	4.0	38.62532	51.598709	26.288421999999997	39.450653	0.479128	0.856666	0.8238969999999999	0.359793	22.371332000000002	1.0	26.223274	12.655118	5.0	0.018233000000000003	4.878755	6.0	57.764586	0.162985	6.0	68.73011899999999	17.799502	1.0	91.979526	23.599677	6.0	5.2516	16.339772	6.0	64.470199	13.1754	4.0	84.90393900000001	25.218802	2.0	14.469976999999998
3207.0	4.0	46.453548	52.982028	42.703853	72.115767	0.8820290000000001	0.8153189999999999	0.570292	0.167292	6.375911	1.0	44.151319	1.4229450000000001	4.0	0.019191999999999997	5.591897	3.0	83.512602	0.39064699999999997	6.0	94.152808	11.804798	1.0	64.794549	3.477326	2.0	56.12738	10.897250999999999	6.0	92.871512	19.997892	4.0	31.848179	17.524484	2.0	97.704779
3229.0	4.0	39.780336	22.265547	77.872146	94.987154	0.829442	0.819673	0.857965	0.196177	6.137544	1.0	13.285568	20.691875	2.0	0.010149	1.123099	3.0	27.580712	4.899846	2.0	88.74395200000001	2.499909	4.0	17.267592999999998	4.544516000000001	1.0	86.174207	13.563525	5.0	69.21067	14.870864000000001	3.0	13.962031	14.086997	6.0	53.542836
3300.0	4.0	33.157969	56.614568999999996	95.517449	17.004463	0.632777	0.850023	0.5151680000000001	0.347262	0.242759	2.0	39.181607	10.741489	1.0	0.128589	3.116682	4.0	39.630237	4.737344	6.0	16.145156	11.682589	5.0	17.959789999999998	8.654355	5.0	86.001639	13.905363000000001	5.0	43.555268	0.418047	5.0	90.664834	13.957403	3.0	33.639188
3338.0	4.0	49.017933	36.004598	95.93545	95.385655	0.243702	0.44915200000000005	0.319754	0.49702700000000005	10.388455	3.0	32.962334999999996	17.652081	5.0	0.016477000000000002	5.600526	4.0	29.278614	2.778276	4.0	12.33655	18.556197	5.0	15.904274	24.548497	6.0	18.031198	3.8162910000000005	6.0	10.913267999999999	18.490287	4.0	79.71433499999999	13.23078	1.0	10.670246
3366.0	4.0	77.21889300000001	61.12725	93.641478	96.55970400000001	0.397681	0.40474699999999997	0.44134799999999996	0.28176999999999996	7.2821	3.0	82.962586	12.627627	4.0	0.023443000000000002	5.739719999999999	2.0	10.880174	5.9467669999999995	5.0	53.813655000000004	20.40171	4.0	44.547507	14.993634	4.0	13.672951000000001	11.081281	6.0	48.841568	6.843572	5.0	4.440104	21.236304	4.0	78.635067
3502.0	4.0	45.922178	47.659752000000005	76.619528	34.308169	0.702958	0.6153029999999999	0.8737809999999999	0.6718270000000001	12.236512	2.0	95.654433	14.693081	2.0	0.022284	1.353251	3.0	83.45920699999999	2.012896	3.0	86.43429	15.775436	6.0	70.61936899999999	21.861328	3.0	44.353251	0.25446799999999997	3.0	58.194570999999996	5.166345	3.0	75.325023	12.983628	4.0	31.177783
3537.0	4.0	10.805126	86.479637	58.802105000000005	70.54256600000001	0.6480520000000001	0.485645	0.554242	0.560963	9.862175	3.0	98.748103	20.478243	5.0	0.012251	4.075016000000001	6.0	7.757207000000001	1.094955	1.0	82.279961	6.274458	6.0	89.472183	13.990376999999999	5.0	16.591629	0.923911	5.0	34.503113	23.03262	4.0	38.140766	5.335351	6.0	22.358862
3543.0	4.0	87.548214	57.422289	68.121397	10.689776	0.478562	0.432733	0.9762049999999999	0.151353	17.444482999999998	3.0	74.788116	21.46893	6.0	0.030414999999999998	3.922505	6.0	64.98751	0.571105	5.0	89.957113	15.966702	5.0	59.050391000000005	14.753778	3.0	45.547092	0.65187	3.0	11.425832000000002	10.601531	1.0	35.006271999999996	6.173675	5.0	18.160193
3598.0	4.0	27.430758	98.276139	73.833145	58.576438	0.49246	0.751943	0.664963	0.31281	18.907896	3.0	7.447365	3.403894	2.0	0.038560000000000004	5.547847	5.0	94.043407	0.227976	1.0	71.640787	14.924299	2.0	85.52965	20.737821	2.0	98.345203	1.261072	3.0	84.032848	23.749257	3.0	65.63689699999999	4.2287669999999995	6.0	22.226760000000002
3699.0	4.0	41.744846	35.341976	52.190199	37.379815	0.6210289999999999	0.23700900000000003	0.197507	0.55081	17.253882	2.0	30.945874	23.226032	2.0	0.020419	4.117881	6.0	92.306075	0.685476	1.0	30.739238	13.560327	6.0	44.015597	13.626721	1.0	87.20156300000001	19.199409	4.0	74.317165	11.531203	6.0	42.940222999999996	22.258994	4.0	51.385591999999995
3713.0	4.0	31.181715999999998	53.793909	21.289699	95.47487199999999	0.656908	0.147196	0.205954	0.7088869999999999	2.549071	2.0	98.383629	4.576922	1.0	0.010483	5.533555000000001	5.0	42.997662	4.057489	1.0	60.675951	21.48947	3.0	57.885647	19.794551000000002	2.0	69.280405	10.194783000000001	2.0	58.154529000000004	5.315348	1.0	10.84817	25.246907	5.0	92.344324
3717.0	4.0	91.122785	18.466020999999998	22.722434	69.099199	0.579616	0.420084	0.5140819999999999	0.964835	20.811808	4.0	25.446463	24.590088	6.0	0.02035	3.0268479999999998	4.0	44.078913	2.821181	6.0	54.511407	5.722557	1.0	11.168211999999999	19.4077	6.0	8.88465	2.1902939999999997	5.0	44.335954	9.0739	4.0	33.020255	18.676909	2.0	35.103274
3747.0	4.0	32.601575	15.755720000000002	9.656457000000001	79.761219	0.8360290000000001	0.319396	0.37555700000000003	0.43974799999999997	1.400535	2.0	8.44443	8.953746	4.0	0.011679	5.546805	6.0	46.719684	5.568054	5.0	23.460278	17.987394000000002	3.0	11.603208	20.315737	2.0	1.2196129999999998	9.894727	2.0	92.272633	17.196955	1.0	43.661421000000004	1.727025	1.0	86.00798499999999
3831.0	4.0	26.629834000000002	23.890437	19.985732000000002	27.413272999999997	0.5417350000000001	0.135222	0.47038199999999997	0.7813640000000001	2.472864	3.0	23.875916	11.687467	2.0	0.011756	5.981791	4.0	55.858231999999994	4.02009	4.0	90.945098	20.375195	4.0	37.994045	9.861897	3.0	9.412158	8.65134	4.0	44.590972	13.654289000000002	4.0	94.383645	17.342051	6.0	9.824699
3836.0	4.0	94.628219	63.844846999999994	95.0501	39.819219	0.8780700000000001	0.3779	0.6920970000000001	0.558836	6.775728999999999	4.0	54.75677099999999	11.790928	3.0	0.017804	1.0611620000000002	2.0	34.306065000000004	3.0719939999999997	5.0	91.240776	23.761744	5.0	21.650956	16.640006	3.0	19.893812	7.162861	2.0	44.360287	18.86816	3.0	17.587498999999998	6.440494	5.0	76.615371
3885.0	4.0	79.036783	86.119812	11.750630000000001	47.722883	0.651354	0.21901500000000002	0.7215090000000001	0.56528	5.836233	3.0	9.106572	5.963435	6.0	0.012527	1.8510360000000001	6.0	98.950119	3.112991	1.0	70.287981	23.867196	6.0	74.671999	1.715972	2.0	42.322114	0.355825	5.0	2.69794	11.056453999999999	5.0	77.12422600000001	6.721164999999999	2.0	9.497182
4009.0	4.0	8.272013000000001	59.895231	22.867918	39.154531	0.403469	0.12010699999999999	0.341557	0.155204	21.815966	2.0	87.125601	21.178906	5.0	0.013854	4.88333	3.0	17.691001999999997	3.12783	6.0	18.543682999999998	4.9572389999999995	4.0	51.956998999999996	23.122037	4.0	7.735882000000001	6.77545	4.0	73.385317	19.771760999999998	3.0	94.572497	23.371092	4.0	35.486193
4035.0	4.0	56.215697	50.054595	58.882645999999994	37.267573999999996	0.986928	0.9857100000000001	0.503374	0.366178	12.499854	6.0	11.696866	0.9481860000000001	6.0	0.016442	4.196826000000001	6.0	90.66081199999999	2.993318	6.0	11.491808	2.5528459999999997	5.0	98.807642	11.963496000000001	6.0	44.33695	13.783348000000002	3.0	25.864307	13.034007	6.0	94.24659	17.380638	2.0	98.87472700000001
4068.0	4.0	32.937771000000005	78.402455	92.551713	21.882242	0.957902	0.316828	0.62165	0.116901	21.005453	3.0	53.250541000000005	1.966516	5.0	0.018161	0.47980100000000003	5.0	28.99969	0.102354	1.0	54.466063	21.303561	3.0	52.302417	2.2955520000000003	3.0	39.087984000000006	1.0426549999999999	6.0	90.35112099999999	19.0969	5.0	38.228062	3.7254089999999995	3.0	36.848725
4125.0	4.0	22.076028	31.894085999999998	73.71235300000001	62.687723999999996	0.5312180000000001	0.375708	0.49937299999999996	0.184805	6.333736	2.0	84.270709	13.858535	2.0	0.039070999999999995	0.198355	1.0	81.13780600000001	3.2943809999999996	3.0	8.626206	16.549796	4.0	21.292825	3.231166	6.0	21.387173999999998	23.902095000000003	3.0	24.563149	7.041721000000001	2.0	66.85096	24.661891	6.0	16.27267
4168.0	4.0	33.107174	23.444643	48.73837	41.480835	0.96491	0.177852	0.276096	0.144989	19.835379	3.0	18.89786	14.640682	4.0	0.256456	4.980637000000001	4.0	96.056513	0.16025699999999998	2.0	90.203852	9.296078	5.0	34.327237	3.593345	2.0	72.462397	23.30169	6.0	99.082853	10.372067999999999	4.0	74.121197	24.179883	1.0	4.878023000000001
4250.0	4.0	2.258987	82.78236899999999	24.095226999999998	44.187615	0.226302	0.879619	0.190891	0.495246	2.431555	2.0	15.699356	25.229523999999998	4.0	0.010343000000000001	3.071744	6.0	62.791588	5.946297	2.0	3.7984989999999996	21.268316	3.0	17.050497	14.118282	2.0	90.956413	16.502244	4.0	41.431894	11.165549	4.0	17.773896	7.338394999999999	1.0	88.58784399999999
4253.0	4.0	45.236076000000004	72.839529	22.465641	81.14944	0.379983	0.7136640000000001	0.538258	0.753141	11.904867999999999	4.0	77.798296	4.589771	3.0	0.012771	0.6153489999999999	2.0	87.48468100000001	1.883762	5.0	99.46408000000001	2.992366	5.0	51.8103	3.633986	6.0	54.424524	17.157721	5.0	87.924647	7.601714	1.0	52.005576	2.5253970000000003	4.0	19.518481
4278.0	4.0	31.868254999999998	76.983811	13.896314000000002	77.590611	0.263525	0.40220100000000003	0.49567700000000003	0.209254	12.518068	5.0	48.329532	13.964067000000002	3.0	0.027576999999999997	0.5167109999999999	6.0	37.88329	1.814141	5.0	89.280108	23.357574	3.0	57.832762	15.716071	5.0	9.732861	9.717231	4.0	71.151782	6.947066	6.0	24.274883	22.454711	6.0	54.00886800000001
4379.0	4.0	64.520938	68.472432	21.849082	51.057836	0.20668000000000003	0.530688	0.348904	0.6005560000000001	15.036184	4.0	89.016944	0.945462	4.0	0.012701	2.539964	3.0	20.659447	0.5241020000000001	5.0	67.808923	17.543701000000002	5.0	31.773021000000004	17.996018	1.0	70.873835	11.209085	6.0	60.177186	22.723716	3.0	98.56225	19.628027	1.0	32.189724
4402.0	4.0	56.401546999999994	79.442513	43.607628999999996	34.353159999999995	0.887437	0.809095	0.66297	0.107402	14.755177999999999	4.0	44.92026	11.024135000000001	1.0	0.012101	5.604216	6.0	31.285241999999997	0.401179	5.0	78.17433	4.877867	2.0	73.831372	17.49351	3.0	80.514173	3.7476269999999996	4.0	68.555081	7.64875	2.0	38.711199	13.429452	3.0	17.502215
4418.0	4.0	53.78915500000001	30.681431	57.808877	77.26675999999999	0.24766100000000002	0.147028	0.6738810000000001	0.233161	2.226318	3.0	34.259182	9.051414999999999	6.0	0.014977	1.9056419999999998	6.0	72.004564	0.225208	3.0	33.004757	18.361862	1.0	34.677004	21.954222	5.0	27.886708000000002	18.693676	6.0	26.05304	6.638673	1.0	39.249158	13.877379000000001	3.0	32.926306
4430.0	4.0	23.047112	72.61936700000001	49.857715	21.237192999999998	0.722522	0.159934	0.890408	0.46537799999999996	14.151760999999999	5.0	1.157208	6.850687	5.0	0.023	3.418854	5.0	98.833076	4.672519	5.0	17.775523	15.137770999999999	6.0	83.755262	17.695491	2.0	89.121163	7.965619	3.0	34.672678999999995	14.758386999999999	5.0	97.965329	5.195259	6.0	18.606348999999998
4536.0	4.0	17.22953	80.051905	48.912231	68.089437	0.810025	0.9126860000000001	0.71065	0.822781	16.40494	3.0	74.715048	10.177785	5.0	0.010273000000000001	5.643516	3.0	22.863681	1.24885	2.0	41.084167	6.948906	4.0	74.517453	5.591648	3.0	80.271262	0.932873	5.0	93.878288	20.960499	2.0	48.626188	7.635136	2.0	36.787817
4613.0	4.0	46.630522	90.961985	55.472871	97.062515	0.9056540000000001	0.40158	0.696458	0.730761	11.134991000000001	6.0	91.962059	1.5901610000000002	3.0	0.019237	3.168803	6.0	57.652882	0.7189	3.0	13.971293	17.356345	3.0	29.573889	23.758435000000002	3.0	35.977782	0.8367530000000001	1.0	65.497665	9.111778999999999	4.0	63.175965000000005	2.622213	6.0	35.524706
4683.0	4.0	38.324053	98.82011700000001	68.06190600000001	41.813509	0.9454530000000001	0.545709	0.8898389999999999	0.162969	12.95951	3.0	16.31946	6.513083	5.0	0.030733	5.589556	6.0	71.149843	0.622179	3.0	9.65532	14.035095000000002	2.0	27.201935	25.312082999999998	3.0	62.44641899999999	4.067609	1.0	13.266003	7.881185	5.0	51.776745	24.072225	2.0	12.790361
4745.0	4.0	7.408391	78.880445	64.331311	95.851766	0.37642	0.5356890000000001	0.9922780000000001	0.407165	1.3333059999999999	3.0	81.569885	13.054035	5.0	0.010487	0.866757	6.0	87.370362	2.30608	1.0	41.139267	3.8079959999999997	5.0	46.168361	7.654980999999999	5.0	74.44402099999999	17.700722	5.0	1.265762	22.232955	2.0	87.937166	6.4809790000000005	6.0	7.7520809999999996
4847.0	4.0	9.683966999999999	86.687435	54.433386999999996	70.98389499999999	0.863979	0.11305799999999999	0.163884	0.377449	15.766807	1.0	56.31696899999999	11.432887	3.0	0.022762	2.523761	5.0	20.083410999999998	0.8711	2.0	55.93938299999999	20.996044	3.0	45.609854	5.529714	2.0	61.93631	17.796363	5.0	2.370975	18.716519	2.0	60.62749	6.197634	3.0	66.386492
4879.0	4.0	10.248217	33.836147	35.196696	55.340109999999996	0.181358	0.6193310000000001	0.795361	0.9220379999999999	13.796956	5.0	64.857881	22.473805	5.0	0.064832	5.878261	5.0	61.439057	0.42585100000000004	3.0	79.06368499999999	21.192063	1.0	42.561543	24.960941000000002	4.0	61.628261	4.59565	2.0	94.49136800000001	4.645430999999999	5.0	15.523674	5.554181	1.0	81.748187
4904.0	4.0	51.540062	65.778502	62.594367000000005	32.480478999999995	0.7386520000000001	0.7922739999999999	0.17519300000000002	0.433306	5.919901	3.0	10.814863	3.237253	3.0	0.137711	0.431001	1.0	35.219073	5.290953	1.0	65.01881	18.999446	4.0	32.721247	2.402216	4.0	97.8983	22.361575	6.0	63.63377	3.940875	6.0	34.598527000000004	19.133894	6.0	98.90272
4909.0	4.0	4.173343	64.759469	54.516938	69.70539699999999	0.9477629999999999	0.481071	0.377594	0.144793	5.340589	4.0	69.452461	9.79267	1.0	0.022278	2.561687	5.0	30.604846999999996	0.21648299999999998	3.0	84.573146	1.77135	4.0	81.001665	25.144178	3.0	83.842089	0.822152	5.0	32.227745	12.46257	4.0	93.707072	19.824979000000003	4.0	41.694906
4951.0	4.0	57.054176	95.475486	61.929756000000005	76.30332800000001	0.804714	0.399629	0.9588190000000001	0.5770350000000001	13.579485	4.0	61.851752000000005	21.812097	1.0	0.06867899999999999	4.096163	2.0	83.192038	0.47896099999999997	4.0	30.057295	15.251814999999999	6.0	17.541245	24.377693	1.0	40.753974	21.017476000000002	4.0	16.111404	9.427206	1.0	78.920626	6.965178	6.0	7.400942999999999
4959.0	4.0	97.33868000000001	92.663493	65.446224	76.099541	0.758976	0.291159	0.558467	0.7052390000000001	3.392269	2.0	17.850562	12.531044	5.0	0.011085	5.128016000000001	6.0	90.650974	4.670141	3.0	40.467079	6.658614999999999	5.0	9.181495	21.234762	3.0	61.098147	21.520847	4.0	60.804936	23.506622	6.0	30.579482000000002	14.056092000000001	5.0	20.78314
5015.0	4.0	48.892503999999995	69.523155	84.153487	17.812518	0.977409	0.531501	0.26610700000000004	0.343596	6.541671	2.0	9.169735000000001	12.664452	1.0	0.02215	0.44929600000000003	4.0	29.173846	4.2168790000000005	2.0	81.87635999999999	15.062375	6.0	90.299074	14.482133	4.0	56.656887	17.146423000000002	5.0	75.844274	0.575652	4.0	20.297555	6.472731	4.0	19.825098999999998
5063.0	4.0	65.789712	95.891725	56.061648999999996	54.105138000000004	0.861513	0.575158	0.286371	0.661946	22.059314	6.0	34.53646	4.376912	5.0	0.120625	5.793531	5.0	34.925745	3.771724	1.0	45.782462	4.628947	2.0	72.024405	1.035448	6.0	76.916798	18.051199	6.0	72.403586	16.860432	6.0	6.775057	2.080901	5.0	20.846766
5066.0	4.0	39.435077	11.354289999999999	93.254482	75.868561	0.239223	0.576837	0.21611999999999998	0.9124180000000001	1.438213	5.0	7.277069	0.417764	5.0	0.013343	4.945993	3.0	98.595324	4.497688	6.0	40.961273999999996	0.8084899999999999	1.0	90.111576	22.560554	2.0	88.171984	2.0450049999999997	5.0	17.15633	2.304634	2.0	58.620049	12.115611999999999	6.0	98.772263
5118.0	4.0	49.296082	62.538281000000005	65.905714	94.595836	0.9489489999999999	0.769728	0.43983599999999995	0.5795819999999999	17.806915	1.0	24.490937	25.266819	4.0	0.095075	2.280977	3.0	45.174534	4.688071	2.0	25.723513	23.257797	6.0	7.835835	9.044893	4.0	69.209288	23.106861	6.0	89.177288	3.905475	5.0	58.145729	3.864722	2.0	32.57595
5135.0	4.0	3.9054550000000003	77.645623	35.75906	45.468162	0.109	0.13962	0.378515	0.385875	9.813791	4.0	43.361181	2.9592099999999997	1.0	0.012017	5.866125	3.0	75.805604	0.156523	6.0	86.451217	23.516415	1.0	24.846871	19.918342000000003	2.0	70.41346300000001	10.777024	1.0	52.192933000000004	1.78784	6.0	79.186903	2.629409	5.0	72.918633
5140.0	4.0	96.28100699999999	49.583645000000004	41.022977000000004	87.178565	0.614627	0.657882	0.515193	0.651486	15.764476	2.0	68.433409	24.700026	1.0	0.017484	5.879891000000001	2.0	15.779192000000002	3.686768	5.0	5.11695	15.939236	5.0	15.707227	13.705039999999999	3.0	24.757466	10.65301	5.0	36.160266	23.040591	4.0	55.679974	4.72342	3.0	60.002835
5171.0	4.0	80.712484	80.523282	24.080765	43.928754	0.603233	0.616477	0.424091	0.758537	2.795275	5.0	80.155973	13.240839999999999	4.0	0.011379	5.499546	6.0	25.153996	4.197122	6.0	52.121846999999995	17.645381	5.0	28.333995	18.610229	2.0	17.257019	22.798654	1.0	13.489359	18.390753	2.0	15.378207000000002	8.250187	3.0	50.444621999999995
5182.0	4.0	24.208417	73.640887	51.667099	64.22065699999999	0.521505	0.964053	0.956923	0.192101	20.851653	1.0	39.904028000000004	4.057913	6.0	0.020467	5.913626	4.0	35.66836	1.097019	1.0	53.536936	5.659985	4.0	30.429167	4.218207	4.0	2.278796	22.643402	5.0	73.676524	20.279591	3.0	68.30419599999999	12.492968	5.0	21.076535999999997
5184.0	4.0	79.391428	94.868904	39.42875	48.987343	0.964591	0.44665600000000005	0.42238100000000006	0.47771	5.195405	1.0	50.178476	15.448148999999999	5.0	0.0138	3.188335	6.0	94.18208	2.906425	2.0	10.056327	18.742829999999998	5.0	41.699332	15.221741	1.0	48.839661	13.302299	3.0	5.814536	7.180197	4.0	90.052566	4.971853	5.0	65.648472
5253.0	4.0	13.634773999999998	22.543519	74.05126800000001	31.254557000000002	0.395137	0.149513	0.736888	0.718378	3.244303	4.0	9.90724	20.828326999999998	3.0	0.023265	5.220035	6.0	39.863383	0.604861	2.0	84.966541	17.772516	3.0	24.848956	15.010117000000001	5.0	32.656853000000005	14.807326000000002	3.0	9.822846	18.022149	6.0	6.114311	0.527621	5.0	78.720987
5277.0	4.0	55.310251	54.257604	54.197674	74.413516	0.8861370000000001	0.531425	0.932802	0.100506	7.889641	3.0	48.844828	7.730086999999999	3.0	0.040596	1.475614	5.0	64.261186	4.497724	5.0	89.757289	22.647566	1.0	97.344396	11.976559	5.0	69.347916	0.258521	5.0	44.069333	1.084034	6.0	39.363028	21.584298	6.0	78.329329
5467.0	4.0	82.80828699999999	75.751103	39.898738	40.054963	0.9219930000000001	0.621091	0.380913	0.5158149999999999	2.4645509999999997	4.0	33.987759000000004	1.1803700000000001	4.0	0.022131	4.499918	5.0	91.25594699999999	5.029303	1.0	89.584744	3.8639120000000005	4.0	56.924163	7.017772999999999	2.0	33.286809000000005	9.601637	2.0	60.92763000000001	17.396883	4.0	76.605246	10.545872	2.0	8.385926
5494.0	4.0	6.560759	78.45993299999999	73.041953	17.329313	0.57593	0.102477	0.910489	0.474774	19.584717	2.0	98.871551	2.388732	6.0	0.01411	4.1843449999999995	4.0	28.455227	4.804573	4.0	25.770644	14.317117000000001	6.0	89.169276	15.923913	4.0	55.962793999999995	7.186211999999999	2.0	57.362956000000004	2.1954759999999998	6.0	65.772828	10.602041999999999	6.0	94.453637
5709.0	4.0	57.820204000000004	29.482706	75.796092	79.147631	0.110174	0.624612	0.40374099999999996	0.802754	19.816515	6.0	34.420427000000004	13.091447	1.0	0.032727	1.4495790000000002	6.0	49.781611	5.969468	4.0	48.222851	10.819947	3.0	11.850408999999999	1.756099	2.0	38.497372999999996	2.22532	6.0	36.93039	18.083496	6.0	96.149004	6.967161999999999	2.0	63.765884
5869.0	4.0	46.32011	76.911151	24.817857	60.525991000000005	0.5995779999999999	0.735211	0.660684	0.15299100000000002	2.225723	3.0	34.512547999999995	21.752796	1.0	0.08042300000000001	6.069557	4.0	90.027097	1.7053060000000002	2.0	67.659031	6.800812	6.0	28.668590000000002	23.305126	5.0	75.456826	22.257507	1.0	61.222287	24.33145	3.0	32.031096999999995	10.250124000000001	4.0	31.964639000000002
6337.0	4.0	39.270029	27.083523	30.023537	32.529973999999996	0.978381	0.314035	0.41044200000000003	0.521416	15.187529999999999	1.0	23.775695000000002	1.128275	4.0	0.015016	6.067211	3.0	91.13203	5.269171	1.0	10.261061	23.34177	5.0	9.525998	6.3940790000000005	2.0	98.618987	12.096618	4.0	11.819933	17.504812	1.0	11.385158	19.509716	2.0	82.522288
6382.0	4.0	25.880947	64.50540500000001	14.625367	84.668664	0.209772	0.855712	0.35480300000000004	0.79569	3.0944279999999997	3.0	36.566679	23.266317	5.0	0.019624000000000003	3.107629	6.0	10.163113000000001	4.87831	6.0	14.800051999999999	9.956796	6.0	22.867235	3.4158370000000002	4.0	63.43320500000001	16.628047	6.0	64.93288100000001	18.396926	6.0	43.942356	5.746681	1.0	78.184759
6458.0	4.0	5.1307160000000005	44.017424	36.612981	95.37688	0.262894	0.373699	0.43137700000000007	0.57915	5.9882610000000005	4.0	45.680275	17.908519000000002	3.0	0.014356	3.631147	5.0	43.737047	0.8617309999999999	2.0	72.656566	4.9017349999999995	4.0	79.241203	11.614142	6.0	65.68859499999999	17.873985	1.0	75.38015899999999	11.958667	2.0	94.33187	12.17813	4.0	4.295678
6477.0	4.0	52.537193	79.648036	33.258838	69.42385300000001	0.449308	0.302019	0.899143	0.9430780000000001	6.776336	2.0	21.992651000000002	9.071469	6.0	0.149802	1.156517	4.0	37.063939000000005	3.4958370000000003	4.0	8.040923	21.786618	4.0	61.962669999999996	0.765497	5.0	4.038632	14.294929999999999	3.0	68.319546	20.660835000000002	6.0	3.928529	8.711547999999999	6.0	96.676783
6523.0	4.0	69.353815	73.035964	65.842277	98.812786	0.345527	0.742425	0.796059	0.164949	15.919360999999999	5.0	10.575861	7.24748	5.0	0.014247999999999999	4.945636	1.0	4.47578	3.32335	2.0	3.455357	15.134701000000002	5.0	23.876646	22.339285	6.0	72.07559	22.872203	2.0	84.120988	15.201585999999999	1.0	23.937898	16.425161	3.0	99.212393
6604.0	4.0	41.406481	70.90848100000001	58.122781999999994	12.80083	0.816176	0.611708	0.682361	0.152642	6.881444	6.0	51.711211999999996	6.728210000000001	3.0	0.010395	4.70651	6.0	76.561231	0.80682	2.0	20.04743	20.042355	3.0	36.842682	7.324317	3.0	63.88083	10.871501	4.0	82.827127	11.79804	2.0	29.631584000000004	3.496433	3.0	70.968027
6613.0	4.0	10.492832	82.182912	69.623019	41.139841	0.5687840000000001	0.406138	0.483588	0.738787	4.284596	2.0	51.842729999999996	7.7641279999999995	2.0	0.019457	3.3861730000000003	3.0	84.541715	1.9171779999999998	6.0	49.530017	22.038232999999998	6.0	43.925812	0.815852	1.0	55.881232999999995	8.892256	3.0	79.633252	3.521552	4.0	23.22745	5.239873	4.0	30.044157000000002
6621.0	4.0	45.393972	55.029495999999995	67.227547	61.799597	0.8394370000000001	0.593966	0.9797889999999999	0.44188	3.519481	3.0	15.105661999999999	22.41923	2.0	0.07142799999999999	5.8420559999999995	2.0	75.728531	2.135943	4.0	67.650694	19.305277	4.0	24.417487	7.465801	2.0	69.869848	3.336147	1.0	12.306708	16.316745	1.0	34.770564	22.971548000000002	5.0	61.350527
6654.0	4.0	3.695625	48.321436	48.295537	51.140602	0.254714	0.899967	0.25449299999999997	0.796371	2.569225	6.0	48.207484	6.57955	3.0	0.018638	0.41928999999999994	3.0	78.759192	3.419969	5.0	35.265039	10.972673	6.0	13.121101999999999	6.1722790000000005	5.0	98.233094	19.414581	3.0	90.543518	3.4661489999999997	1.0	73.050141	14.388511	2.0	23.586742
6684.0	4.0	51.199521000000004	87.366821	7.305861999999999	42.065493	0.5795779999999999	0.17590699999999998	0.15407200000000001	0.945311	2.005484	5.0	64.65185799999999	1.778159	4.0	0.012853999999999999	2.432395	1.0	72.06521500000001	2.1205439999999998	1.0	82.74588	21.720785	5.0	99.099852	6.788408	2.0	2.498182	11.750687	4.0	31.231121	22.820176	1.0	79.26710899999999	8.484475	5.0	69.271438
6799.0	4.0	4.005769	26.226792	25.328955999999998	34.74738	0.591392	0.6522140000000001	0.8579110000000001	0.647131	18.641724	1.0	19.594351	3.229743	2.0	0.017347	2.689352	6.0	2.988635	0.134632	1.0	16.894607	3.074128	6.0	85.555949	15.484511999999999	5.0	69.694405	8.103763	5.0	5.787137	18.006877	4.0	23.112948	23.285328	5.0	24.216727
6812.0	4.0	19.263814	52.50725	24.631369	66.18861600000001	0.9825200000000001	0.252644	0.471441	0.646096	9.828577000000001	1.0	68.100827	19.822989	6.0	0.011618999999999999	4.547524	3.0	77.735038	0.159246	3.0	69.131978	10.776549000000001	1.0	92.372873	5.614547	6.0	50.780249	18.910134	1.0	67.75269300000001	7.457813000000001	2.0	11.220487	8.236571000000001	4.0	37.722024
6822.0	4.0	25.30702	99.595095	6.6895690000000005	13.980266	0.410584	0.171743	0.485054	0.15096500000000002	5.209142	1.0	33.47068	11.462429	6.0	0.030286	4.747835	6.0	71.40691899999999	5.128715000000001	2.0	69.91713399999999	7.904896000000001	5.0	3.483867	8.222969	2.0	87.693152	0.45685699999999996	2.0	23.805111	5.7856510000000005	2.0	89.777774	16.658106	1.0	34.441828
6896.0	4.0	90.831411	46.661269	74.162944	60.476016	0.938584	0.840888	0.478434	0.25481	16.449434	1.0	37.796354	21.477057000000002	2.0	0.013943	2.8591450000000003	2.0	23.930717	1.791145	3.0	32.729335999999996	13.890692999999999	5.0	82.802667	23.976575	4.0	92.30120699999999	18.658785	5.0	27.100862	16.280809	3.0	48.860323	2.893893	6.0	19.773438
6916.0	4.0	40.156648	80.865774	38.505865	91.684748	0.993762	0.496417	0.706492	0.41223999999999994	16.693887	3.0	14.178622	21.092980999999998	4.0	0.136686	6.163238	4.0	55.00455	0.8548629999999999	4.0	17.983105	16.106226	6.0	60.478533999999996	15.982443	2.0	49.27039	23.779477	4.0	16.997545000000002	8.431218	5.0	23.044459	0.277328	2.0	94.810754
6936.0	4.0	54.904070999999995	51.614647	69.669004	95.67580500000001	0.150123	0.409875	0.593538	0.558489	16.751915	1.0	92.41495400000001	21.674679	6.0	0.017331	6.1490540000000005	6.0	75.629165	1.445352	2.0	42.236474	22.953154	4.0	27.255519	10.671836	6.0	27.436987	6.419026000000001	3.0	37.540690000000005	20.448961999999998	1.0	54.941430000000004	5.142507	3.0	43.201377
6981.0	4.0	14.724110000000001	31.571547	99.680159	82.596847	0.502456	0.640771	0.856772	0.565463	8.754843	3.0	93.01530699999999	23.885141	5.0	0.032251	6.017009	3.0	49.539209	0.38764	3.0	2.695284	20.065245	4.0	22.581003	9.225358	3.0	58.195005	24.084792	5.0	83.179452	24.25865	5.0	74.54233	6.040539	3.0	68.331727
7010.0	4.0	81.896963	32.221199	53.237418999999996	42.709074	0.966002	0.389839	0.477185	0.900546	13.206039	6.0	45.0573	9.139567999999999	3.0	0.011307	0.899541	6.0	89.82654699999999	6.136648999999999	3.0	86.002892	5.780408	1.0	49.175737	24.264444	1.0	28.959214000000003	1.151677	2.0	84.863566	15.386756	2.0	66.63140899999999	4.645398999999999	2.0	56.637599
7022.0	4.0	74.425811	95.34369699999999	63.807883999999994	83.56117900000001	0.613746	0.588512	0.367293	0.490529	11.448317	5.0	97.075237	12.035708	3.0	0.032967	3.361447	4.0	38.51354	4.466585	1.0	99.41290699999999	19.28409	2.0	15.570606	3.8496370000000004	5.0	20.156335000000002	19.445242999999998	4.0	55.56626800000001	5.96399	3.0	14.894910000000001	21.680993	1.0	59.353930000000005
7156.0	4.0	98.97014	26.784840000000003	21.161813000000002	63.189762	0.8239780000000001	0.139238	0.33066	0.456676	9.084812	5.0	88.206012	22.334867000000003	5.0	0.013127000000000002	6.13927	2.0	3.557157	0.467703	6.0	38.849903000000005	9.76094	3.0	79.511263	21.647957	4.0	20.951454000000002	23.730772	4.0	33.480599	10.295841000000001	2.0	68.231886	0.7424890000000001	4.0	53.286885
7158.0	4.0	18.880710999999998	84.146877	25.903471	58.660941	0.624858	0.177672	0.456583	0.47448599999999996	18.734003	5.0	33.972121	7.903944	5.0	0.050102	3.735319	4.0	45.466423999999996	0.40370100000000003	3.0	82.531734	23.336639	4.0	20.230598	15.160145000000002	2.0	51.067588	18.954833999999998	2.0	21.689213	11.421346	2.0	77.19515899999999	9.240932	4.0	68.481381
7167.0	4.0	49.908836	48.569107	12.569081	33.929353000000006	0.483824	0.8036949999999999	0.167743	0.205513	10.990776	6.0	70.666263	9.479514	2.0	0.013144999999999999	6.259108	5.0	4.11029	5.497845	1.0	48.902429	4.102056	3.0	59.02634499999999	16.264596	6.0	63.991101	14.000430999999999	6.0	40.412324	23.110748	6.0	5.018175	5.099277	4.0	33.887411
7281.0	4.0	63.03070699999999	44.257495	60.022938	50.848544	0.113423	0.886388	0.446784	0.116461	13.349085999999998	3.0	74.974186	21.840055	2.0	0.014411000000000002	2.255417	4.0	58.525932999999995	2.018209	6.0	18.36871	16.466017	5.0	10.879353	16.272418	6.0	68.745071	8.860626	5.0	47.727239000000004	9.619475	2.0	70.865954	10.981447	3.0	79.544776
7283.0	4.0	73.065894	41.424061	81.903984	44.647408	0.136418	0.697422	0.600973	0.546203	1.848901	6.0	27.492463	5.498615	5.0	0.019136	2.806504	5.0	24.663234	3.5225129999999996	4.0	76.945589	9.516691999999999	4.0	21.450467	9.05884	6.0	12.955288000000001	14.521799	6.0	76.734026	21.496133	3.0	4.612392	5.360353	4.0	85.94451600000001
7323.0	4.0	32.31295	62.865127	76.828701	40.118069	0.8615510000000001	0.6203069999999999	0.83626	0.600305	22.884245999999997	5.0	65.93419300000001	22.669517000000003	4.0	0.055816	4.607189	6.0	71.65796	0.09508	6.0	13.445407999999999	7.277425999999999	4.0	65.432746	15.245060999999998	5.0	52.30874	2.012786	4.0	61.81433199999999	22.865735	4.0	58.697981999999996	10.559096	5.0	81.216539
7607.0	4.0	96.542465	28.274234999999997	15.112696	15.218167999999999	0.970404	0.36292399999999997	0.9711709999999999	0.658297	14.89817	6.0	23.545415	0.9356270000000001	1.0	0.315864	6.036894	6.0	56.82609	0.209981	3.0	72.39764100000001	22.235547	1.0	49.047009	18.954455	5.0	1.68025	5.486173	5.0	49.513993	15.096647	1.0	59.608926000000004	25.185128	5.0	72.19165100000001
7620.0	4.0	88.905609	71.404724	19.115920000000003	82.474856	0.622383	0.782273	0.136203	0.311176	21.123898	5.0	69.05979599999999	13.969523	3.0	0.012167	4.178106	6.0	98.67114699999999	4.187142	2.0	61.788776	20.775471	3.0	3.085718	15.719132	1.0	50.477651	7.955047	6.0	58.50430600000001	15.330696	4.0	36.982796	1.801634	4.0	93.176507
7687.0	4.0	34.612817	38.163303000000006	36.549289	57.084861	0.159504	0.48416499999999996	0.963559	0.744791	18.470354999999998	5.0	24.730088000000002	19.770498	4.0	0.013441999999999999	3.336188	3.0	11.74513	1.992357	4.0	8.442931	17.374774	4.0	15.739935000000001	21.420379999999998	2.0	27.197245000000002	13.883156	2.0	42.328444	13.965992000000002	4.0	7.932367	16.650676	1.0	81.40451
7709.0	4.0	48.471385	51.397931	18.850398000000002	93.090223	0.109045	0.684095	0.819199	0.17437	11.853576	6.0	83.152869	6.356313	5.0	0.034141000000000005	5.726807	4.0	78.09650400000001	4.634402	6.0	16.42057	10.679928	2.0	34.726118	5.542344	5.0	22.988455	13.125829999999999	5.0	65.27769	0.390906	1.0	73.919561	24.903225	5.0	63.893043000000006
7729.0	4.0	37.582945	39.079028	69.42243	56.132343999999996	0.994078	0.8739370000000001	0.946548	0.636135	2.1157169999999996	1.0	51.381801	10.889038000000001	5.0	0.013944999999999999	3.05704	6.0	71.262165	0.726685	6.0	1.13897	9.903079	3.0	41.921231	11.121825	6.0	44.411381	9.219852000000001	5.0	62.215687	19.345053	5.0	82.803347	0.803203	4.0	67.841526
7748.0	4.0	43.367495	49.864326	36.055240999999995	28.766044	0.485521	0.14911300000000002	0.82993	0.174904	16.865161999999998	4.0	93.059168	20.327813	6.0	0.555802	5.510229	6.0	77.227745	1.639091	3.0	41.818397	8.527125999999999	5.0	36.531594	24.062234	4.0	70.163943	2.929318	5.0	31.945712	14.911760000000001	4.0	85.264575	10.461409	1.0	57.999942000000004
7863.0	4.0	92.097413	67.193839	36.915394	69.654184	0.806243	0.401386	0.281179	0.284155	5.6796739999999994	2.0	38.930464	22.407024	1.0	0.028239999999999998	1.0122149999999999	4.0	18.193291000000002	2.600559	2.0	29.156263	19.084347	4.0	41.060247	7.990208999999999	4.0	63.164207	16.707069	5.0	49.576037	2.770521	3.0	76.85301	4.391072	1.0	69.518893
7916.0	4.0	23.232498	82.001113	61.62096700000001	87.10459200000001	0.94289	0.294981	0.578015	0.714055	5.749168	2.0	9.081517999999999	22.431403	1.0	0.045175	5.807252	3.0	54.149446999999995	1.6905830000000002	3.0	17.9485	8.357907	3.0	98.340597	12.502873	1.0	46.592021	20.943084	6.0	55.694853	13.568495	5.0	73.686465	3.380536	2.0	76.716394
8085.0	4.0	36.666764	52.758549	18.694434	28.198528999999997	0.99297	0.25847800000000004	0.439546	0.610667	21.692258	6.0	20.853683	8.46486	3.0	0.022789	6.085594	4.0	20.183804000000002	3.006218	2.0	19.59605	1.039081	5.0	97.97612099999999	13.616984	5.0	37.27127	18.869942	5.0	52.838549	13.031383	6.0	82.694367	9.705119	3.0	84.64975
8188.0	4.0	51.901769	94.66642399999999	28.370478000000002	21.451691	0.918892	0.784261	0.1846	0.265063	5.371723	1.0	19.050998999999997	5.776401	3.0	0.02471	6.046303	6.0	60.060396999999995	1.9204	2.0	79.949945	6.823652	5.0	60.291543999999995	10.179534	5.0	43.807364	20.773629	3.0	43.167828	1.290564	5.0	69.587626	17.107339	4.0	91.890286
8287.0	4.0	62.31604599999999	71.205108	28.380478000000004	41.274122999999996	0.8939020000000001	0.276107	0.270571	0.46143599999999996	1.30655	5.0	49.954018	10.190902000000001	5.0	0.055142	5.683804	6.0	80.650986	0.7042189999999999	6.0	20.260029	17.480285000000002	6.0	23.268632	15.973996	5.0	92.05596800000001	19.77475	5.0	11.805386	21.71966	4.0	12.23357	3.221745	1.0	87.57090699999999
8353.0	4.0	71.84275600000001	40.987429999999996	79.46867900000001	91.827038	0.209956	0.221964	0.8287770000000001	0.886028	5.732743	3.0	70.574538	12.57987	2.0	0.010218999999999999	3.6401209999999997	2.0	46.229555	5.392464	3.0	41.909642	10.051132	4.0	25.768893	15.374670000000002	1.0	89.621493	23.947295	2.0	80.728992	0.7050350000000001	3.0	34.929664	18.411366	5.0	32.900529
8354.0	4.0	10.016223	82.520411	57.41750699999999	40.720014	0.68987	0.8611989999999999	0.152342	0.9685030000000001	2.941705	6.0	27.55896	4.050256	6.0	0.024397	2.7394540000000003	5.0	58.090337	0.189153	2.0	35.075767	13.333181	6.0	75.603812	4.764742	5.0	98.376949	8.371298	2.0	14.919807999999998	17.560546	6.0	24.954749	20.121106	4.0	78.118976
8361.0	4.0	55.62792099999999	50.943487	81.35888	99.29894	0.8731709999999999	0.180756	0.519058	0.81963	0.329756	5.0	56.464876000000004	8.149905	2.0	0.017641999999999998	1.615084	2.0	41.102506	1.6723310000000002	6.0	35.063241	22.937497	2.0	75.238597	21.40217	3.0	26.687103000000004	16.222345999999998	2.0	81.539079	9.941227	4.0	29.878578000000005	2.548405	5.0	4.274205
8431.0	4.0	1.376594	81.878268	31.067458000000002	64.98085999999999	0.184021	0.720607	0.631841	0.242844	19.531643	6.0	65.14662	16.854214000000002	4.0	0.015151	4.074633	5.0	5.2161230000000005	3.73573	1.0	13.128646	15.219078	2.0	47.541538	7.661066	6.0	66.985985	9.903848	2.0	34.870677	8.719209	6.0	19.859678	12.185030000000001	5.0	96.567582
8436.0	4.0	45.842918	99.32228	19.752462	16.452473	0.909207	0.30504000000000003	0.22854899999999997	0.68942	4.881239	5.0	70.31654300000001	3.082737	5.0	0.016919999999999998	4.907473	4.0	89.049277	0.164964	3.0	77.906336	3.765337	6.0	56.202651	17.850213	2.0	82.43920200000001	5.042444000000001	5.0	47.883641	5.060516000000001	6.0	48.207566	0.8261639999999999	3.0	65.393095
8461.0	4.0	40.059614	10.748463000000001	70.545586	69.495565	0.395281	0.185699	0.523233	0.741638	1.358878	4.0	16.358411	14.078013	3.0	0.018946	4.410483999999999	6.0	34.262474	3.4314720000000003	1.0	92.92540600000001	20.593495	2.0	28.238129999999998	7.024217	5.0	90.110236	21.038242	1.0	62.282838	14.269008	5.0	88.922786	16.688854	5.0	28.70992
8595.0	4.0	34.548856	26.030669	29.898985999999997	51.739052	0.27389	0.24431399999999998	0.743947	0.37211500000000003	20.671215	5.0	85.689094	13.889185999999999	3.0	0.018911	1.351903	2.0	33.948596	1.495689	4.0	20.25004	1.851735	6.0	25.892999	1.573742	1.0	32.39645	12.561572	5.0	43.137614	20.682741	4.0	83.245136	19.230276999999997	5.0	24.229075
8634.0	4.0	79.265339	99.78665500000001	42.080787	20.334681	0.846806	0.387291	0.606646	0.271386	18.576718	5.0	16.524524	24.938074	5.0	0.012878	4.627541000000001	5.0	2.881314	0.776774	3.0	34.487852000000004	14.558414	6.0	40.213147	13.777756	6.0	48.975947	23.195242999999998	5.0	96.731608	0.251247	1.0	75.258852	14.614498000000001	4.0	95.484496
8667.0	4.0	23.48355	63.850141	63.348466	50.049515	0.561083	0.583294	0.435672	0.21509099999999998	0.35239899999999996	1.0	86.787447	4.860054	4.0	0.03777	3.215034	3.0	63.175985	2.8587860000000003	2.0	51.158558	19.592141	5.0	31.208969	18.018539	2.0	42.50626	4.116934	4.0	91.37849200000001	0.388201	4.0	75.388526	17.309035	4.0	90.062667
8694.0	4.0	29.902145	64.759147	79.176287	57.219549	0.675787	0.386805	0.698404	0.798184	19.067960999999997	6.0	6.052392	9.070815	1.0	0.032831	5.139458	4.0	67.173642	0.350429	2.0	90.697349	22.266849	3.0	91.073949	22.092897	6.0	32.560739	16.248274	5.0	26.126367000000002	14.630739000000002	5.0	44.225379	22.762214999999998	5.0	27.22086
8769.0	4.0	66.054683	95.203936	66.051653	77.552838	0.44108500000000006	0.7689239999999999	0.495287	0.694176	6.021908	2.0	54.323783999999996	11.216762	5.0	0.019082	4.270385	3.0	31.068459999999998	6.145862999999999	1.0	55.406738	23.643158	4.0	30.792695000000002	20.020151000000002	2.0	27.841058	2.0579680000000002	3.0	37.217729999999996	5.557945	5.0	31.284594	5.966080000000001	1.0	13.713063
8867.0	4.0	57.150612	69.618385	10.92937	40.813885	0.777088	0.521686	0.584675	0.204542	2.845228	4.0	56.428518999999994	17.236197	3.0	0.150693	5.480343	1.0	75.157849	0.799912	6.0	52.270824	8.118089999999999	4.0	87.06475400000001	3.6866809999999997	4.0	92.830993	5.090713	3.0	93.31523	0.828684	1.0	98.343871	7.300031	2.0	57.813075
8883.0	4.0	39.986707	12.210521	59.267237	35.6326	0.895908	0.534449	0.178955	0.660463	0.777407	1.0	97.251868	22.846104	2.0	0.034498	3.912844	5.0	55.50948399999999	3.6257910000000004	1.0	76.1026	0.31508600000000003	5.0	42.440909999999995	12.839825999999999	5.0	42.950212	17.29981	1.0	51.538631	0.633663	5.0	51.984963	10.400016	5.0	99.947041
9017.0	4.0	11.611078	49.986102	99.550455	66.06610699999999	0.26400500000000005	0.427333	0.888034	0.763397	2.377208	5.0	41.38304	1.288805	2.0	0.014753	3.4594449999999997	4.0	78.657028	5.9359269999999995	1.0	24.618448	6.956078999999999	1.0	32.109629	9.486248	3.0	87.358572	19.184993	2.0	53.162338	9.291442	2.0	65.260913	22.473518	5.0	7.670911
9109.0	4.0	16.903314	49.303249	71.651002	13.119731	0.510727	0.133613	0.8590760000000001	0.458254	18.325879	4.0	22.443432	12.955906	6.0	0.01211	5.0183089999999995	5.0	3.3824870000000002	2.251321	5.0	71.63319399999999	2.340292	6.0	44.840579999999996	4.980588	6.0	65.220385	1.489239	5.0	89.010498	16.50706	2.0	33.427071999999995	9.247333	3.0	63.553852
9133.0	4.0	22.17282	58.552241	30.676893	55.723136	0.519068	0.537327	0.17821900000000002	0.925167	4.280641999999999	1.0	3.5742260000000003	9.215894	4.0	0.010506999999999999	4.425019	6.0	88.767149	0.44964399999999993	6.0	2.3606529999999997	8.279062	4.0	43.342804	10.739248	1.0	30.50532	12.684556	2.0	51.253725	9.830261	1.0	52.748585	15.448941	3.0	80.680712
9213.0	4.0	36.948374	20.166981	32.936182	48.43561	0.521742	0.5763590000000001	0.549053	0.538726	19.092447	1.0	60.275881999999996	5.38652	1.0	0.020253	2.565534	6.0	59.963296	0.23926	2.0	59.386010999999996	11.30252	5.0	88.32623000000001	13.486641	1.0	84.391185	20.638105	2.0	1.591181	6.518031	5.0	46.387709	13.041475	6.0	44.507711
9270.0	4.0	62.06396899999999	20.394773999999998	53.061257	77.37976	0.23990100000000003	0.43313900000000005	0.511808	0.802049	20.748179999999998	3.0	41.36338	11.618941	2.0	0.010318	5.06075	6.0	85.384979	3.191992	2.0	5.5968279999999995	21.888298000000002	6.0	5.092078	7.495432000000001	6.0	10.053492	15.170387	5.0	76.626595	14.530921	2.0	96.850337	13.401983	1.0	59.298977
9296.0	4.0	48.822143	65.207707	89.526308	47.809056	0.715064	0.294867	0.485253	0.5232289999999999	13.884603	2.0	93.056578	20.661166	3.0	0.011775	1.805986	3.0	98.939564	3.5560739999999997	6.0	60.889821999999995	12.522306	6.0	53.549059	5.511445	6.0	30.206925	22.226886	1.0	31.621157	7.13691	5.0	90.683885	23.260427	1.0	54.610521
9326.0	4.0	77.340614	50.584361	76.93735500000001	82.528233	0.571136	0.6077739999999999	0.445061	0.455585	16.584024	3.0	75.008884	17.625822	6.0	0.01055	3.8261870000000004	5.0	14.443667999999999	2.994319	1.0	6.651910000000001	23.22549	4.0	7.147036	3.293597	1.0	38.499522999999996	3.135194	6.0	78.047965	18.50187	6.0	51.701644	3.7508760000000003	5.0	98.178691
9413.0	4.0	46.055801	37.787092	43.179415999999996	52.359192	0.226071	0.402789	0.617859	0.920674	19.552979	2.0	27.374498	24.522914	5.0	0.10620299999999999	4.693243	2.0	73.14622299999999	1.730229	4.0	9.286506	17.303978	1.0	74.995396	8.353821	3.0	20.769041	1.44842	6.0	61.208749	5.294779	5.0	15.895285000000001	11.809189	2.0	31.720048
9415.0	4.0	93.221727	63.918127	74.16931	26.401028999999998	0.9677690000000001	0.10596099999999999	0.26521	0.559416	15.786762	6.0	35.510166999999996	5.048268	4.0	0.013704	2.775068	5.0	12.313646	5.720625	2.0	74.010795	5.648433	1.0	40.118885999999996	24.504948000000002	1.0	46.128257	11.689497	6.0	51.206095	1.863028	4.0	69.493062	3.578422	2.0	76.542452
9455.0	4.0	84.245766	10.215133	91.345377	61.104271999999995	0.465684	0.25000700000000003	0.19030899999999998	0.537312	19.733722	5.0	66.66407199999999	11.096634	4.0	0.010289	0.278008	5.0	68.06429	4.265537	6.0	39.599202000000005	0.42997399999999997	2.0	33.755628	5.999353	1.0	98.283501	19.722912	2.0	77.050579	20.167089999999998	1.0	11.693223	3.470878	3.0	87.679788
9502.0	4.0	29.952523	44.604884000000006	26.355662	92.093362	0.876324	0.813086	0.47162	0.884626	6.691542999999999	4.0	31.329731	25.225365	3.0	0.017419999999999998	5.397562000000001	4.0	88.388919	0.887602	1.0	86.733838	2.667656	5.0	68.90767	10.57067	2.0	21.072277	2.552319	3.0	42.481986	13.478842000000002	6.0	35.040754	3.558926	4.0	33.059847999999995
9545.0	4.0	41.600703	62.969028	24.13547	40.594337	0.37923	0.204988	0.19700299999999998	0.145709	3.344494	3.0	26.159392	7.568343	4.0	0.011752	3.2736240000000003	4.0	55.292590000000004	4.420465	6.0	24.405528	19.915767000000002	6.0	90.844895	10.153668	6.0	36.526996000000004	7.504293	1.0	97.63014799999999	0.8671840000000001	2.0	15.495358999999999	15.000687	5.0	87.617807
9593.0	4.0	59.834447999999995	47.247893	70.433341	30.416928000000002	0.217671	0.138888	0.314623	0.10908	14.680972	3.0	60.345259999999996	23.791207999999997	6.0	0.028285	1.6754369999999998	2.0	39.287752000000005	3.4200660000000003	3.0	98.010511	17.464914999999998	5.0	98.065217	24.566035	5.0	33.999443	10.444774	5.0	88.798778	14.876956	1.0	33.825885	12.909158999999999	5.0	9.936808000000001
9705.0	4.0	74.162337	76.622047	9.355952	13.753584	0.34148	0.7853720000000001	0.205961	0.407437	14.758345000000002	2.0	92.185701	9.10369	5.0	0.029469	3.020228	6.0	40.598913	5.363055999999999	5.0	77.31971300000001	15.004866	6.0	17.953292	5.735353	3.0	14.151342999999999	17.069482	2.0	77.98832800000001	1.0781020000000001	5.0	92.785352	6.161556	1.0	30.548911999999998
9709.0	4.0	5.694415	85.95567700000001	38.758776	47.546834000000004	0.753814	0.779197	0.309646	0.4732	19.536818	6.0	10.578330000000001	17.087013	4.0	0.018647999999999998	3.441265	6.0	7.297629	1.974234	1.0	93.64224399999999	5.0304	1.0	33.404182	21.136649	6.0	5.037153	15.222616	4.0	91.44252900000001	23.613644	5.0	62.863018999999994	3.963546	2.0	62.808799
9719.0	4.0	15.702035	91.865619	75.765904	95.913503	0.815521	0.852957	0.902682	0.352054	1.995582	3.0	20.046541	13.821864999999999	2.0	0.02097	2.424121	2.0	97.17556400000001	3.7754199999999996	3.0	28.816053999999998	4.28429	1.0	37.437019	16.267581	5.0	42.932602	0.967047	4.0	86.368352	18.294767	6.0	21.680165	3.4443099999999998	3.0	98.444122
9744.0	4.0	89.05127	66.329088	74.573471	23.820531	0.51968	0.950741	0.5337609999999999	0.624725	16.066	2.0	92.776337	2.3332200000000003	6.0	0.011574	4.798408	1.0	4.528597	3.4369709999999998	6.0	79.682159	22.807175	4.0	15.095139999999999	21.531334	4.0	15.516898000000001	21.320626999999998	5.0	99.259062	21.426170000000003	3.0	26.101633	7.850499	3.0	71.348065
9785.0	4.0	1.6964650000000001	46.471	57.786390000000004	67.96611999999999	0.191333	0.142683	0.895559	0.47302700000000003	2.981821	6.0	40.295347	18.331848	4.0	0.014553	1.043195	3.0	84.459967	4.4452169999999995	2.0	44.86569	22.667013	5.0	52.737545	2.238461	6.0	89.57798100000001	8.062928	2.0	13.883114	4.395528	1.0	67.01624100000001	11.689098	5.0	90.974389
9910.0	4.0	19.635115	35.819728000000005	32.895302	52.643238000000004	0.352459	0.973943	0.636458	0.273181	13.792637	4.0	41.166714	7.810992999999999	3.0	0.053054	5.058674	5.0	55.29555799999999	0.277549	3.0	73.620137	7.666331	4.0	77.29169499999999	1.635117	5.0	25.088139	11.690263	1.0	47.955723	19.915842	3.0	30.616771000000004	14.575329	3.0	66.866078
9954.0	4.0	23.566297	41.955028000000006	92.5151	24.694011	0.955886	0.803045	0.882108	0.6668189999999999	20.221079	4.0	12.708206	23.216071	4.0	0.016048	1.8710639999999998	3.0	96.817571	1.0654549999999998	1.0	2.258585	11.682901	4.0	11.170786999999999	22.834932000000002	5.0	82.088418	20.861784	6.0	15.127992	7.805049	6.0	54.761671	10.748966000000001	2.0	40.605779999999996
9963.0	4.0	26.862719	86.065562	35.052170000000004	98.663178	0.659193	0.29722600000000005	0.470292	0.606206	0.5198649999999999	6.0	62.21285699999999	17.089911999999998	3.0	0.012586	4.225942	6.0	87.850514	2.258666	1.0	35.485146	7.015208	5.0	91.354955	0.67403	5.0	16.819314000000002	9.110839	5.0	90.10674399999999	13.198135	1.0	28.087132	11.729652999999999	3.0	37.409411
