153	4	4.074674	2.901083	-5.617145	-2.473117	-1.363576	0.689310	-6.914375	-2.590339	6.187411	2.961975	5.974481	7.690293	5.581452	2.956959	4.001232	2.067046
217	4	1.905746	2.798065	-1.902885	-2.720757	-1.550390	0.495713	5.886687	6.847543	3.927201	3.285129	6.527798	6.847543	-4.070180	-1.243699	-4.673524	-2.743679
234	4	-2.660597	2.444331	0.354153	-2.576820	7.374427	3.358472	3.121124	7.455434	3.295074	3.306910	-2.505438	-3.912763	-2.744283	2.423625	-4.807041	-3.913569
245	4	-0.048980	1.867314	6.317634	6.796586	-4.787508	0.888126	-3.976166	-4.035399	-4.350156	0.888126	3.599850	0.676607	2.037048	4.722429	6.350491	6.796605
267	4	0.156032	-0.377577	3.446909	8.933772	6.426916	1.817501	3.499577	8.934074	0.156026	-0.377580	-2.172801	6.659856	6.426910	1.817501	-2.123696	6.701987
306	4	2.017540	3.856676	0.670427	6.443659	-5.714505	-0.828281	-6.890527	-3.612137	2.617781	4.042484	0.425475	5.995241	0.591066	1.809980	5.966852	8.349663
321	4	6.660348	2.195512	-1.570040	5.058284	3.634869	2.160192	-8.015329	0.828110	-2.051467	-3.636544	-13.111742	0.827943	6.692456	2.195512	4.385125	7.716081
328	4	-3.020231	4.120982	0.342429	5.662432	-7.156893	2.353635	-6.252936	-2.647056	0.849652	4.521896	7.273333	8.049667	-3.004929	4.124550	7.191353	8.046226
385	4	-4.780030	4.011035	-6.457731	-3.419953	-4.729959	4.012200	4.936123	0.036884	-1.896094	4.191937	5.204493	6.628396	3.016000	5.258163	5.897593	6.651448
387	4	-5.708295	-0.816982	-7.597075	0.224401	-1.808428	1.689715	0.101777	5.538232	-1.808131	1.690863	3.588483	8.598387	1.347792	4.451152	6.473790	8.599564
402	4	-5.745143	-0.074497	-9.970746	-0.803839	4.861209	3.815892	4.403883	7.268825	0.504527	2.362693	-2.844677	5.710130	0.577230	2.458811	3.990838	7.268825
555	4	-0.616160	3.203139	3.548905	6.576490	-0.274727	3.200526	3.382637	6.563752	-1.555597	2.457396	-8.330974	-4.755539	-0.602205	3.077766	-0.417022	4.744654
607	4	0.033758	2.084712	4.179815	8.321843	1.983157	3.482401	4.394313	8.321714	-1.522010	0.071681	-9.725414	-3.578845	1.610698	3.128497	4.030973	8.321711
609	4	2.804505	4.824373	8.506289	6.470336	-5.413900	2.115198	-4.064332	-5.060559	1.166502	3.215555	8.506268	6.470336	1.173807	2.944140	8.506266	6.470336
638	4	1.419881	1.675114	2.714108	7.881358	-3.244978	-1.882145	-10.934221	-3.102467	1.105593	2.163349	3.127741	7.877227	0.360016	2.026471	3.669611	7.886179
672	4	-6.688334	0.200106	-4.790220	-6.034736	-1.751331	1.034823	6.969560	6.473883	-6.648043	0.200189	1.335617	-5.358843	4.716651	2.678023	6.998999	6.473883
697	4	1.952257	3.585176	-4.360767	0.410983	-3.897125	-0.042735	-10.828058	0.410983	-3.897180	-0.042740	-12.923627	-3.864053	1.952180	3.585159	-6.865898	-3.864053
740	4	-0.699099	1.575053	-3.505010	-6.195300	0.371499	3.769590	6.301977	5.356635	1.068004	3.503487	6.272648	5.356635	0.133540	4.338143	6.347009	5.356635
749	4	-5.439480	0.051575	-6.034912	-3.087752	2.347697	3.540194	6.455427	8.224861	2.053579	3.590768	6.475536	8.224791	-0.061169	2.037619	6.478998	8.226402
779	4	-2.041610	-1.602005	-10.131522	-5.438200	-0.683610	0.966622	5.275060	5.660572	-0.809811	0.633090	5.058699	5.660383	2.222413	2.530784	4.067580	5.656416
790	4	-3.238515	2.448254	-5.441068	-1.726755	-0.213550	3.359262	-0.310135	4.205948	6.451502	3.374588	6.170663	7.481769	-0.072437	3.363077	6.166232	7.481768
799	4	-4.327952	1.938887	-3.473243	-2.953130	-0.708764	1.956532	6.925893	7.371126	-3.683420	1.938887	2.488726	0.867534	2.937800	4.558391	6.925976	7.371126
855	4	6.730791	3.512202	5.906076	5.543915	5.305293	3.512202	3.962198	1.726890	-3.259319	1.530997	-4.452830	-4.275260	0.323429	3.479449	3.946100	1.726194
859	4	5.897575	4.021632	7.328669	6.383902	0.411323	3.988095	4.462043	0.183161	0.411230	3.988082	-2.150204	-3.831005	5.897571	4.021632	0.766334	6.247854
862	4	-5.087730	-0.696357	-4.641973	-3.167386	-5.069399	-0.696357	4.300175	1.937651	-2.903546	-0.696356	6.600323	7.679877	3.097162	3.445404	8.975127	7.679878
883	4	-4.388534	-0.089099	-7.186902	-5.252135	-0.834214	-0.004730	4.187057	6.896654	-1.079985	-0.045789	-0.706041	5.674248	3.743729	3.910413	6.039456	6.896726
936	4	3.989365	2.967100	-5.647913	-2.777341	-0.373801	0.187310	-10.092336	-5.392973	3.990038	2.967121	0.696309	0.584223	7.750055	2.989181	5.900653	6.492558
988	4	-0.647813	2.493021	7.296761	8.338937	0.193756	3.275143	7.296247	8.338937	1.427340	4.038240	7.295311	8.338937	1.751592	3.428035	7.295056	8.338937
1002	4	4.448343	3.425328	-1.292679	3.788603	6.400915	3.425328	5.529443	9.350877	1.950539	3.418465	-7.190344	-2.836319	-2.913924	1.735319	-8.071949	-2.836319
1016	4	0.200946	3.859332	-1.929181	5.668255	0.200946	3.859332	3.873056	8.025080	3.449482	4.660530	-0.790280	6.038809	3.449482	4.660530	4.943565	8.223656
1029	4	1.275264	3.716342	5.869195	9.270494	-4.323543	0.985923	-6.275187	-1.358100	4.309796	4.097216	6.030875	9.270496	-2.753131	1.874048	-1.019852	3.528051
1031	4	-2.514882	2.009071	-6.293643	-3.549754	4.812017	4.748741	7.687665	5.473987	0.445607	4.217884	-0.002833	-3.461855	0.771910	4.503633	4.650662	1.402634
1087	4	-10.455497	3.342844	-6.433105	-6.195481	1.343942	3.594562	6.014247	6.752549	-10.374638	3.342844	-6.355670	0.253273	-4.429414	3.342844	5.895521	6.752251
1105	4	-1.459889	5.297298	8.040754	5.929461	-5.307589	1.159726	-6.954423	0.516899	-1.346189	5.364384	8.040797	5.929461	0.535021	5.968171	8.040687	5.929461
1140	4	-4.830907	0.577672	-13.719097	-2.068476	2.131571	5.260486	3.923204	6.346630	1.825823	5.155755	3.910914	6.347400	2.644513	5.398918	3.926748	6.321104
1169	4	3.625441	4.320000	5.412807	7.234660	1.663061	3.698113	-5.796405	-4.801427	-2.186926	2.677481	-6.805804	-4.801432	1.663061	3.698113	0.377400	-3.436981
1213	4	0.528652	1.132481	6.873337	6.995179	0.415041	1.208976	6.904841	6.995618	0.357157	1.254389	6.920661	6.995807	1.503340	3.989307	7.040405	6.990174
1215	4	0.835292	1.912046	4.294608	6.001196	-0.945637	0.669035	3.702578	6.001234	-2.459814	-2.344927	-9.567233	-4.571578	2.265814	1.902339	4.051780	6.001077
1244	4	4.454366	5.075463	-0.336183	6.920217	-5.759123	4.187730	6.011955	1.274860	-5.759872	4.187730	-0.369043	1.273122	4.454366	5.075463	6.044614	6.921767
1281	4	-4.682388	2.258371	-3.630645	-0.687374	5.711383	2.717364	4.125512	6.073085	5.471706	2.717159	-1.776072	5.141007	1.630072	2.699971	-3.232654	-0.687371
1300	4	-5.966826	2.243670	-6.610095	-4.025972	1.322530	3.828503	4.612106	7.216745	0.545806	3.761955	4.625922	7.216966	0.636706	3.613523	4.616241	7.216907
1307	4	5.285095	3.512943	5.623351	1.723728	0.685562	3.418225	5.621798	1.723727	5.321447	3.512953	7.497782	6.611898	-0.503052	3.173096	-0.475332	-1.745272
1308	4	-1.304696	3.525277	6.934795	6.967127	-6.531246	-0.515478	-10.653316	-5.741132	-1.515889	1.658927	6.465285	6.967127	-2.839230	2.511877	6.788030	6.967128
1388	4	5.350422	3.964878	8.102751	6.423767	-5.291639	3.678942	-3.144117	-4.211860	-1.844354	3.678943	-2.980280	1.380142	3.941317	3.964517	-2.980202	1.380142
1392	4	2.280408	3.254886	7.838719	7.632991	-0.438249	1.468126	0.753797	-1.068839	-6.020835	-0.613584	-4.976679	-1.072147	-0.439983	1.465655	-2.654224	-1.072147
1414	4	-1.083899	1.449990	-10.210756	-3.972108	-0.891067	3.287586	6.087962	6.900024	3.706001	2.640061	2.896429	6.401772	3.063154	5.367670	7.249424	6.931294
1419	4	-1.822721	2.829349	4.210642	8.331046	2.448319	3.856952	5.729288	8.368831	-6.521719	2.323197	-8.871457	-3.737047	-1.973027	2.791097	-2.778902	5.828151
1453	4	-5.002125	1.952135	-8.734303	-5.237766	-0.089455	2.097493	3.456024	6.940355	2.563077	4.071374	3.606602	6.937823	0.314849	3.274597	3.956086	6.947227
1473	4	-1.050454	1.222579	-11.937475	-4.845552	3.679102	4.044246	-6.316293	-4.845552	3.680063	4.044248	-2.242801	1.394528	-1.049510	1.222584	-7.868181	1.394517
1494	4	-6.357721	3.324477	-4.016532	-3.357253	-6.339876	3.324477	2.412028	-0.037348	-0.356852	3.325233	7.816167	5.124561	4.471117	4.344682	9.142088	5.124561
1499	4	-4.711003	2.172990	0.169088	1.985225	-4.710002	2.173091	5.745116	1.986681	-9.694068	2.097855	-4.569576	-7.358484	-0.059591	3.894389	8.000446	1.986681
1504	4	6.375711	4.256524	6.184311	9.163932	6.375662	4.256524	0.313681	7.362144	2.343562	4.256524	-6.136858	-3.098438	-2.554821	3.226978	-7.068660	-3.266859
1512	4	5.281971	4.019212	-1.518944	6.275695	-2.182175	0.700509	-9.095675	-2.004261	1.688749	3.871182	-6.890439	-0.449904	5.281998	4.019212	4.792081	6.546629
1543	4	1.288513	3.108857	-2.409693	-7.803773	-4.041114	2.441137	-5.498218	-7.803773	5.599085	3.195027	5.715947	4.833604	1.307084	3.109849	1.427785	-7.050290
1559	4	-2.882593	-0.157251	-13.296027	-2.215467	1.851289	2.950544	-8.868988	-2.046848	5.080472	4.592599	-2.662113	8.497927	5.083542	4.592599	3.677871	9.082058
1584	4	-5.139059	5.044841	-4.853170	-3.370887	1.371536	5.659411	-4.622304	2.932483	-4.343393	5.071069	-4.771177	2.905160	4.438243	5.786410	5.847112	6.568008
1623	4	1.370446	3.302074	-5.402310	-7.028051	1.702705	3.471071	3.619828	-0.416054	4.584153	3.588276	7.007211	5.430730	4.570929	3.588276	0.906396	5.374731
1643	4	-1.100701	0.505430	5.548752	5.379397	-5.243313	-0.774003	-7.995306	-2.113466	5.281134	1.050451	5.952219	5.379397	-4.084655	-0.420414	-1.749711	3.168024
1654	4	0.882788	3.542564	5.605717	6.130621	-4.319040	-0.183900	-11.451919	-5.647028	0.773422	3.504181	5.653726	6.154670	1.000480	3.565951	5.501181	6.096889
1686	4	1.604640	2.828878	-0.440888	-2.102776	4.901262	5.761691	6.852845	5.386500	2.657273	5.209187	6.237233	1.231119	-4.617541	1.880732	-1.064300	-2.925517
1689	4	1.824085	3.467357	4.482587	6.525526	-2.926585	1.459273	-8.331267	-3.827435	1.814745	3.467357	4.097230	2.539331	-2.203645	2.914843	2.906084	6.467648
1730	4	-7.078960	3.241741	-2.347259	-4.181953	-7.078900	3.241741	2.619543	1.102087	-3.579595	3.241741	8.344973	7.238135	2.064063	3.777667	8.407185	7.238135
1772	4	5.242078	3.137326	-2.586425	5.386713	-4.486294	2.021124	-10.693381	-6.919883	-1.145514	3.136985	-2.587502	5.386020	-1.145512	3.136985	2.751625	5.730508
1803	4	0.596074	3.375012	-4.195237	-4.931984	5.680878	3.715360	6.362347	5.806915	2.626616	3.710042	0.548385	3.876744	0.596111	3.375038	5.397421	0.594511
1809	4	-0.617347	3.918453	-2.461682	-4.460333	2.586695	4.085857	-2.446956	-4.452630	2.821159	4.085859	3.221873	1.626164	7.090144	4.085860	8.936195	6.829868
1828	4	3.970447	3.148852	7.904016	6.763347	-4.738599	1.484962	-0.118125	-4.865496	1.024195	2.822483	2.209875	-2.815323	-4.081371	1.563311	2.074710	-3.260034
1831	4	-5.211750	-1.092253	-11.343743	-5.005801	2.286946	4.131979	4.083174	1.334709	2.622725	4.222796	-0.583448	5.735321	2.622752	4.222802	5.717120	6.064825
1852	4	1.155556	3.597865	8.177172	6.151080	0.438514	2.950697	8.177813	6.151086	0.651668	3.334792	8.178699	6.151083	2.344150	3.951065	8.168706	6.151071
1857	4	3.264466	0.494327	-10.839384	-2.620370	3.286357	0.496262	-7.081411	2.746807	-1.916607	-1.868833	-10.840661	-2.620370	-1.900606	-1.856403	-7.082698	2.746807
1869	4	5.474399	3.337716	-0.717925	5.420445	-5.353010	-0.307319	-12.117012	-3.469203	0.012462	3.327787	-7.378391	-3.353428	5.520795	3.337716	4.560145	7.418771
1874	4	-5.945758	0.598748	-7.115338	-6.005466	-1.432249	2.227475	-0.728510	6.222010	-0.644172	2.734817	-0.589998	6.227594	-1.097759	2.560115	4.200010	6.278973
1890	4	5.536155	4.873652	5.720756	7.292316	-1.815798	3.463585	4.568676	1.879073	3.949588	4.801472	5.047694	1.879079	-2.683523	2.964293	-6.058934	-4.193703
1929	4	1.733645	4.196367	6.078198	7.970444	-0.192996	2.671222	5.898377	7.973117	1.837592	4.224816	6.039637	7.970285	-0.162720	2.890393	6.012052	7.973132
1945	4	-3.022973	1.657031	2.408568	1.463990	-4.248448	1.640746	-5.017575	-3.865949	-0.825569	4.295850	8.731888	6.412154	4.683403	5.009544	8.817910	6.412154
1961	4	1.717595	4.834620	-2.836453	5.978144	-4.557908	-0.004952	-12.429814	-4.012040	0.653587	2.934057	-7.952444	-3.235645	1.814286	4.877689	3.845097	7.506365
1981	4	6.330279	3.278338	6.341004	6.251030	-5.052637	1.362331	3.252586	0.212175	0.266344	2.463427	5.469182	6.251028	-5.052901	1.362310	-3.377596	-3.715492
2001	4	-5.862154	3.883207	-4.990062	-2.462442	1.505271	5.607696	7.912402	6.491833	0.354614	3.986752	-4.942806	-2.425649	-2.808526	3.883207	7.350087	6.491050
2002	4	-5.260966	-0.576982	-11.861946	-5.318186	1.383607	4.153482	4.428156	6.808391	1.005259	3.836350	4.441926	6.808687	1.739419	4.279894	4.398223	6.808097
2010	4	-6.188994	2.324561	-5.216495	-3.704925	-4.006641	2.324566	-3.839563	2.490848	0.545847	2.925154	-3.839563	2.490848	-3.483659	2.324582	4.851380	8.586838
2078	4	-1.546429	3.085277	4.385425	5.799845	-5.413458	1.938797	-6.819639	-1.743296	-1.289065	2.936734	-2.290122	4.570639	0.523917	2.361362	3.109213	5.765648
2089	4	-2.493200	2.161818	-5.618157	-4.937763	5.158286	4.219967	-0.187161	5.095001	4.508756	4.219620	5.290885	1.064589	5.158298	4.219967	5.326832	7.633138
2138	4	3.882808	4.353125	3.172674	6.448692	1.209978	4.589889	3.602340	6.448692	3.343487	4.134087	3.096916	6.448692	0.927629	3.993344	3.240980	6.448692
2204	4	-4.721865	0.215026	-9.050224	-5.147910	4.961399	4.250413	4.896775	6.677500	0.487672	3.619920	3.044314	6.484120	4.864635	4.247629	0.798930	5.764009
2217	4	-4.645392	1.905844	-4.056374	-4.909983	-4.645265	1.905844	4.058973	0.154774	4.749777	4.770357	7.174078	6.759983	1.090770	3.259860	7.173658	6.759982
2284	4	6.751536	2.804112	3.375297	1.934581	3.842932	2.781357	-6.931131	-3.827016	-0.605708	1.637870	-8.062902	-4.070927	6.761597	2.804118	5.314770	6.881768
2286	4	-7.185789	2.211762	2.917008	-0.275392	-7.185868	2.211749	-1.151979	-6.215291	4.417573	5.208116	8.014033	5.603309	-1.102817	4.465043	7.970807	5.603308
2328	4	-6.982669	-0.119162	-6.713329	-4.283411	-6.451322	-0.071804	3.188623	1.762541	-2.252680	3.623182	4.626172	7.168817	4.078576	4.503447	4.682309	7.168820
2355	4	-7.081010	4.060265	3.922082	-0.164012	-7.087731	4.060265	-2.667404	-4.120315	-0.988582	4.060479	6.782650	6.634874	4.300524	5.231814	6.782650	6.634874
2360	4	-0.075534	1.543982	-4.932527	2.373114	-3.393202	-1.081921	-9.661723	-3.560529	4.983121	1.589730	4.167982	6.751678	4.248927	1.589657	-4.857639	2.373114
2369	4	4.090100	5.394453	-3.581463	3.246455	5.115071	5.394457	4.898721	9.617311	-1.217867	3.032523	-12.331798	0.681156	0.853035	4.241521	-4.331202	3.246200
2380	4	-1.053500	0.457284	-6.430633	-6.203362	-0.878288	1.811099	6.773044	6.340953	-1.394832	1.498578	6.730955	6.340941	1.844334	2.672288	6.623047	6.340454
2427	4	-0.379314	0.598900	3.495604	3.769707	-0.820209	0.569812	-4.502466	2.756507	3.360533	4.500807	5.442997	3.973744	-4.775975	0.564208	-7.774090	-2.698296
2450	4	4.074978	4.447899	9.138731	7.229712	1.615201	3.276565	-2.244500	-4.271690	1.612164	2.846443	-2.248890	-4.271688	1.034773	2.408754	-2.228273	-4.271683
2475	4	-5.720571	2.112511	-6.144029	-3.197015	-5.720092	2.112511	-6.140401	1.473836	0.200272	3.109282	7.003132	7.218724	3.151379	4.170607	7.519565	7.219023
2511	4	-0.873170	3.769363	4.553927	6.893473	-5.959590	0.691164	-7.365926	-2.984337	3.312195	3.769608	-1.761992	4.137654	5.027944	3.769608	4.554381	6.893518
2558	4	3.005825	4.188946	2.277480	2.170534	4.502769	4.193833	6.685529	6.878892	-2.677456	2.635779	1.095847	1.425334	-5.254207	2.626870	-5.061903	-0.890248
2574	4	7.130372	3.480797	6.506306	6.679718	5.319589	3.479963	3.899870	0.428655	3.033353	3.460181	-0.748672	-4.334991	-1.301432	2.265348	-1.131248	-4.336588
2629	4	-0.500068	1.711263	-8.482449	0.711842	0.519389	2.781197	5.560137	7.591754	3.451221	4.302040	5.193031	7.569491	1.414153	2.579483	4.661915	7.574920
2638	4	-7.040684	4.542755	-5.418414	-2.190023	-0.625671	4.766775	3.988964	1.235166	1.196267	5.541449	5.965042	7.797845	-3.795400	4.546068	3.877670	1.211270
2686	4	-0.380430	2.120799	-1.396610	3.957982	2.902840	3.148854	6.708990	5.590556	-3.446703	0.171343	-11.584948	-1.925393	-0.114998	2.287301	5.435001	5.590542
2707	4	-5.616636	1.737429	-9.555784	-3.175000	4.246061	3.253380	-6.097197	3.413829	0.281416	2.602002	-7.074846	3.411734	4.246064	3.253380	3.379058	8.169666
2719	4	-0.524113	3.235582	7.135484	8.734813	-6.806947	3.051446	-3.924103	-2.755942	-0.524115	3.235581	-3.575259	2.944599	2.723458	7.865094	7.706838	8.734813
2767	4	-5.621979	1.324380	-4.983160	-5.699225	0.658937	3.345193	4.819628	6.675829	-1.511828	2.404143	4.810511	6.675834	-0.418794	2.820284	4.862067	6.675832
2769	4	-9.331913	3.401061	0.853594	-5.217382	-9.331913	3.401061	-5.236228	-6.565778	-9.328876	3.401061	3.106676	-0.296962	-4.593475	3.410849	6.247228	6.172450
2787	4	-4.859034	2.332433	-0.627497	0.734582	-2.691674	4.995486	8.522654	7.258802	3.522610	5.059486	8.530727	7.258804	-4.858042	2.332591	4.600920	0.915509
2833	4	-3.010786	-0.526909	-6.338294	-2.607499	1.767832	2.069872	5.568361	6.484459	0.946053	2.100482	5.990394	6.484460	1.080929	1.236451	5.728565	6.484461
2838	4	-2.832406	0.907844	1.713907	-2.278146	-2.832406	0.907844	-4.310437	-2.492696	-2.786002	0.907844	-3.593945	2.579204	-2.076359	0.907844	4.771548	3.318108
2848	4	1.163118	3.788073	5.997377	7.308107	2.172653	3.974701	5.941723	7.300226	0.710751	3.343930	5.880306	7.306549	0.920138	3.625693	5.968064	7.308119
2895	4	2.293142	4.458696	3.571854	1.872882	4.138708	4.930262	5.573956	5.788921	-5.414503	1.849515	-5.797529	-4.502870	-0.454099	2.423224	-5.761562	-4.502868
2912	4	1.211900	2.449869	6.978280	7.227147	0.939985	2.193214	7.004293	7.227151	1.427051	2.420276	6.953080	7.227149	1.077647	1.865293	6.985441	7.227156
2931	4	-0.048164	1.973350	4.910197	7.467175	3.396435	2.344254	5.976990	7.468843	3.396394	2.344254	-0.157750	6.116665	-4.650611	-0.094828	-10.997546	-3.014655
2954	4	5.412815	4.314044	6.824002	7.400380	-2.985367	3.910932	3.414008	1.741191	-1.118350	4.309764	6.815704	7.400380	2.531969	4.314044	4.539130	1.743032
2993	4	-2.797515	2.561421	-5.345134	-4.431429	0.125039	3.886261	5.556446	6.839024	4.160211	5.641101	5.560533	6.839024	4.155932	5.640215	0.971964	5.590536
3017	4	-5.382192	1.508051	-8.259967	-3.352097	2.605634	4.292649	6.469058	6.930283	-5.366832	1.542034	3.573901	1.926912	-3.523654	4.096624	6.468005	6.930283
3048	4	4.159496	2.584409	5.253091	7.421270	4.158440	2.584409	-0.838103	6.161346	-0.137347	2.295977	-1.809526	5.971673	-1.933378	1.739677	-9.242788	-0.483692
3050	4	-4.714039	1.705525	-6.774537	-2.650205	2.372329	5.243978	6.555754	6.504512	0.714649	4.797847	6.510281	6.504492	0.221231	2.228280	5.235361	6.501177
3065	4	3.707914	3.795924	-2.148880	6.776563	-3.681836	1.738222	-8.184007	-1.439567	3.708688	3.795930	4.261055	8.522725	2.847497	3.783852	-2.325240	1.520115
3083	4	-3.850107	-0.641053	-7.678615	-2.712436	1.943632	3.289641	4.170927	1.302014	1.941860	3.289263	-5.273910	-2.712436	7.971425	3.400564	5.322658	7.434378
3117	4	-0.548046	3.000334	-4.391960	-4.474810	4.671632	3.568109	-4.391032	-4.474809	0.207335	3.185148	4.920979	6.128228	5.322603	3.579635	4.921489	6.128228
3145	4	1.404531	2.132922	6.747893	6.558540	1.383293	2.083130	-1.939552	-2.813113	1.391837	2.103141	5.977473	1.611589	1.391075	2.101354	0.287991	1.409339
3160	4	-1.925258	2.840547	-5.473583	-3.493984	2.244719	3.359443	-5.253954	-3.493779	7.443811	3.860547	6.983618	6.257208	7.443547	3.860547	0.869704	6.152195
3202	4	2.675847	2.057112	3.823620	7.805044	2.415912	2.048268	-2.021366	4.529216	-5.295916	-0.786883	-8.747656	-1.667961	-1.810175	1.413826	-2.984558	4.529160
3209	4	7.917887	3.138809	5.815748	6.147047	1.613616	2.559929	-6.519284	-5.008929	-3.887873	2.004216	-6.519844	-5.009013	7.909644	3.138809	-0.048052	3.115784
3211	4	4.330220	1.645766	-2.598044	-4.730837	-0.650160	1.528486	-2.829062	-4.730837	7.933676	1.650356	5.412092	6.523736	4.330229	1.645766	3.703518	0.059818
3212	4	-4.985454	-0.148345	-4.534483	-5.545934	-4.089546	0.202441	3.896424	0.238259	-2.709617	0.784536	5.427780	4.473544	2.659866	1.938126	5.605242	4.476197
3242	4	4.086877	4.343055	6.466525	6.394130	-6.623739	0.349028	-10.459474	0.898857	-0.119492	0.761890	-10.441467	0.898857	-0.862799	0.408871	-10.550862	-5.321994
3251	4	2.089979	1.577505	-0.612054	-1.127682	6.557287	1.633639	5.656815	6.793892	-4.019736	-0.533021	-0.613340	-1.128661	0.569402	-0.026749	-5.675897	-4.265798
3265	4	-5.644216	2.008776	-6.599401	-3.550822	-0.069679	3.776917	0.496732	6.536247	-0.069678	3.776917	7.059223	6.629694	4.147831	4.515738	0.620544	6.573083
3270	4	-3.110397	1.258261	-1.975259	3.594904	-0.165068	3.049488	5.052913	7.249918	-4.481438	0.579849	-8.082858	-3.109394	5.484536	4.615059	7.612945	7.417538
3286	4	3.371536	3.421350	5.820396	5.830618	-2.476776	1.873598	4.919133	1.121691	-2.974486	1.817608	1.013295	-3.012429	0.527826	2.808947	5.391773	1.127593
3291	4	3.378950	3.752180	-6.290259	2.535424	3.460227	3.754088	2.804587	7.193824	-3.593561	2.877414	-11.654286	-3.414801	1.362768	3.658669	-9.642376	-3.414801
3300	4	2.430660	5.040931	5.928443	6.910429	-0.547333	2.642307	-4.261372	-5.493470	-0.701231	3.006729	-4.191199	-5.493470	-0.186867	1.805897	-5.568712	-5.493470
3312	4	2.834925	3.728529	-4.622084	-4.461820	-3.090121	2.500401	-5.098044	-4.462929	-0.390665	2.661237	4.037488	5.839062	5.722561	3.728551	4.469005	5.909793
3315	4	5.342019	2.874017	-4.503513	5.342685	-2.727953	1.187519	-11.301298	-0.181300	0.056051	1.311562	-6.603963	5.342685	2.531092	2.870801	-9.190080	-0.181300
3319	4	-8.447939	1.892237	-6.729464	-5.543682	-2.413022	2.270607	-2.126209	3.995057	2.836844	3.003117	-2.125849	3.995602	3.794701	3.062099	4.354742	6.610812
3320	4	1.895506	3.970612	6.282638	8.726964	-6.186086	0.338675	-8.754564	-2.564879	-2.186407	2.568473	6.059907	8.725326	1.717473	3.968605	5.592351	2.163203
3345	4	-4.303431	2.032658	-2.358944	-1.689845	-0.424582	2.323502	6.070944	7.594759	0.313039	3.368517	6.623904	7.602694	-0.666845	2.730310	6.329904	7.601337
3354	4	0.424958	1.678555	4.691311	7.658188	-5.220352	1.539671	-2.937143	-3.318451	-0.101650	1.888970	4.817290	7.658818	0.209794	1.770437	4.753455	7.658550
3355	4	-5.072173	-0.036665	-7.824254	-2.688557	0.030882	0.590185	3.469917	5.867987	-0.123815	0.504098	-1.629662	5.133232	5.715055	2.788607	5.876160	5.891800
3378	4	-5.523325	4.433332	-2.710803	-2.542536	-0.799663	4.433333	7.337093	5.850933	-3.269171	4.433332	3.320036	1.305130	2.516894	4.618658	3.408569	1.330272
3413	4	2.894583	4.670046	7.334911	7.556087	-0.394898	0.426231	-9.048336	0.142268	2.987782	4.396987	-2.662162	0.142268	2.895303	4.314513	-2.662112	0.142268
3436	4	1.761225	3.906692	-0.023484	4.745621	2.069756	4.042891	5.980675	6.183031	-6.195752	2.929281	-5.307308	-1.670114	1.056708	3.270875	-4.902046	2.865514
3454	4	-1.537759	-1.374796	-9.842934	-1.425189	3.449486	3.615279	-1.878111	4.887874	3.450111	3.615344	4.416543	7.705841	1.631187	1.120492	-6.058012	4.886720
3459	4	-0.522006	2.150713	-2.820034	3.903973	-6.275475	0.271564	-9.836778	-1.885564	-0.139847	2.695413	4.693736	7.826455	-1.202885	1.318199	-4.802271	3.020955
3478	4	-5.844834	2.239473	-6.150440	-4.093486	4.866651	2.665215	6.145260	6.988431	-2.600142	2.239474	5.671565	2.189046	1.985290	2.427947	5.672017	2.189046
3482	4	-1.077767	3.725874	3.426757	0.163380	4.051813	4.271846	3.428074	0.163417	-0.596585	3.806045	8.941486	6.188426	4.635444	4.292214	8.942369	6.188426
3539	4	0.202101	3.573960	6.366850	5.752834	-4.580801	2.994927	-2.226218	-3.882282	-4.580200	2.994952	3.867487	1.225415	2.438416	3.923699	6.494106	5.752834
3542	4	5.620162	4.247261	5.120181	1.987980	2.557845	3.837564	-6.075324	-3.295867	-2.173856	1.551878	-8.759844	-3.295867	6.113512	4.268126	5.383965	5.252976
3545	4	-4.672362	-0.771245	-7.341389	-3.551290	-2.076684	1.027351	4.671311	2.039324	2.761726	3.006088	6.788043	5.391926	-1.126264	1.750416	6.021372	5.388622
3548	4	4.988212	4.752687	6.524812	7.638726	-2.767914	3.875681	-4.893652	-3.929664	3.899675	4.752438	6.334916	2.118810	0.285464	4.707484	6.334916	2.118810
3571	4	-6.099386	1.609819	-6.147452	-4.419433	-1.398466	1.634043	5.129342	4.305817	1.857853	4.296393	6.461627	4.305819	0.386711	3.847793	6.326462	4.305819
3588	4	7.004083	1.551816	2.945249	6.141470	2.593974	1.511926	-9.083720	0.695128	-5.643726	-0.151880	-10.490613	-2.892792	-3.583404	-0.151880	-10.208259	0.695128
3629	4	2.238285	2.761361	5.359427	6.666703	0.470412	1.284269	-2.468342	2.223643	0.295500	1.610859	5.359450	6.666703	1.805905	2.879802	5.359434	6.666703
3696	4	8.232997	1.676063	5.822076	1.599212	3.628936	1.676063	-1.204646	-1.890343	8.727185	1.676063	8.119525	6.641967	-2.915290	-3.066973	-7.010217	-4.727566
3702	4	-6.816198	3.989634	-4.340286	-5.732878	-6.215422	3.989660	6.952638	0.717535	1.968428	4.872634	7.610064	7.187110	-2.914296	4.022794	7.409195	7.186925
3719	4	-1.299796	-1.688194	-4.540126	-7.035550	-1.299796	-1.688194	1.846325	-0.790788	4.252150	3.369612	-1.566541	-7.019666	4.252151	3.369612	4.790978	-0.717056
3760	4	-3.181949	2.026036	-7.772705	-0.505929	1.756219	4.911851	6.334673	8.858448	2.073937	4.884784	6.332774	8.858448	0.789274	4.774406	6.337178	8.858448
3910	4	0.906257	2.676619	3.288256	5.889476	-3.799955	0.861376	-12.130706	-5.061023	2.271244	5.345485	3.355494	5.698710	0.789707	3.973439	3.706767	5.884886
3912	4	-5.276253	-0.653348	-4.307911	-6.766588	0.742995	0.512328	3.665749	5.944545	0.517490	0.687145	3.862666	5.944547	0.018752	2.026398	4.366519	5.944546
3913	4	6.857987	3.862527	-0.052063	5.340033	2.677005	3.727136	-2.792878	-0.955405	6.941224	3.862527	6.495294	7.754906	-1.812884	-1.011384	-6.781907	-0.955405
4008	4	-0.939048	2.664774	4.616831	8.765909	-5.536140	-1.332432	-7.119437	-2.758401	-1.098836	2.664691	4.522884	2.439174	4.952800	2.664863	4.522990	2.439174
4055	4	-2.538938	0.536276	-7.048102	-3.582492	8.371172	3.287190	-5.409634	2.984174	8.408430	3.287190	4.862308	6.131844	3.033722	3.282311	-5.620380	-3.582492
4071	4	-4.880470	1.713809	-2.902599	-7.562649	1.442318	2.635377	-2.453868	-7.561635	-4.880468	1.713809	3.402612	-1.992683	1.442321	2.635378	3.882900	-1.795169
4077	4	3.488429	4.095801	-3.650512	-5.593439	-0.653122	2.979150	-6.831137	-5.593439	6.251540	4.292779	5.873200	5.584389	3.728711	4.126503	2.430738	-1.687943
4080	4	-2.591306	1.954754	-6.472938	-5.624067	0.388142	3.872111	-6.049209	-5.624067	0.813388	4.677125	5.582964	5.458199	-1.201477	4.077810	-5.334968	-5.624067
4093	4	-12.464394	2.358742	-3.478971	-1.284222	-5.979372	2.358742	4.620936	5.369317	-6.041257	2.358742	-1.503805	4.866984	-12.464394	2.358742	2.532959	-1.029558
4112	4	7.036072	3.420657	1.076775	5.766466	2.729697	3.374483	-3.713813	-2.513455	7.308282	3.420658	6.679425	8.114703	-2.296189	-0.410477	-3.738389	-2.530017
4159	4	-5.487249	1.948114	-6.523603	-5.756692	0.371857	2.597754	-2.227732	5.672053	4.005127	4.593748	5.580629	7.148636	4.005127	4.593748	-0.655052	7.052236
4171	4	-0.782318	2.773840	6.672603	5.758505	3.072216	4.541991	-2.788454	-5.283777	4.597299	4.585972	6.696528	5.758505	-2.141306	2.122829	-2.878530	-5.285899
4197	4	3.585858	1.233075	-10.052085	2.017303	-2.885979	1.020445	-10.512652	2.017303	-2.886158	1.020428	-10.958192	-3.034843	3.585657	1.233075	-10.497594	-3.034843
4214	4	4.636970	4.193916	0.327118	8.403490	4.636970	4.193916	4.867873	9.446381	-5.643054	2.901870	-4.844565	0.892729	-0.952230	4.024190	-4.550833	1.092243
4328	4	-1.226677	-4.366909	-2.448456	2.476423	3.692725	1.228638	-2.448229	2.476425	5.655933	1.236487	4.162616	8.979572	-4.123843	-4.366925	-7.668563	-3.331504
4355	4	2.483298	4.088348	0.033918	6.953043	-4.378796	0.409484	-11.456200	0.059523	2.524178	4.139704	6.542901	9.691131	-2.308576	0.411558	-9.832077	2.993275
4358	4	-0.666671	2.577700	5.870141	6.347997	-4.387361	1.307857	-7.664675	-1.780929	1.210737	4.082607	6.764857	6.347332	-0.633747	2.664288	5.999399	6.347983
4367	4	-4.673379	-1.571798	-4.425554	-5.166458	5.517452	3.687559	0.261077	4.046839	5.462298	3.687558	-0.496201	3.486096	5.612862	3.687560	6.125727	6.226032
4428	4	-1.012117	1.339989	3.746209	6.274017	-6.897785	1.300068	-3.363257	-5.674430	3.255254	4.397513	7.271910	6.274472	-4.226040	1.300119	3.090884	0.391484
4463	4	-2.430401	0.684028	-8.123036	-4.839941	1.165691	3.804833	5.023431	6.497223	2.225869	4.770388	4.857921	6.496455	0.531408	1.439821	4.576020	6.497280
4475	4	6.256576	3.181211	4.673701	6.943243	5.368976	3.181211	-0.847397	4.707354	0.501860	3.171477	-1.022311	1.304990	-2.624183	-0.602601	-6.910850	-2.209259
4576	4	5.026495	3.253458	-2.330216	4.182344	4.268321	3.245588	-3.238405	2.712087	5.188436	3.254686	5.192063	7.477728	-1.424290	2.736123	-3.967975	2.709028
4629	4	-5.972032	2.345646	-3.493893	-3.597409	1.288553	3.189196	4.492526	2.322652	3.338208	3.233819	7.653224	6.359466	-2.407015	2.353622	3.540842	2.322200
4656	4	-0.388217	1.796792	-6.619166	-1.094920	0.697975	3.745634	-0.720188	5.100910	3.684643	4.762279	-0.214924	5.218699	0.765419	3.834470	5.565531	6.755042
4668	4	-0.353328	2.837544	-6.150687	0.445396	0.039878	3.433460	5.922933	8.274233	0.039875	3.433455	-0.495703	6.156193	2.707271	4.882368	6.098200	8.274233
4683	4	-0.636943	2.957754	0.560809	6.262783	-5.957777	1.191097	-6.753150	-3.194269	3.378734	4.270212	5.588931	6.604251	-0.629176	2.979603	4.912702	6.604217
4686	4	4.158793	3.356660	5.024695	6.984962	-7.047721	0.066789	-6.158974	-4.518056	-1.529844	0.066808	1.634019	5.797773	-3.174465	0.066789	-5.898458	1.551571
4790	4	-3.447595	1.105564	-5.633270	-3.058490	-0.211351	3.047575	-4.381146	-3.058439	4.044659	3.994198	0.257234	5.888022	4.054804	3.994980	6.669284	6.159651
4810	4	-1.695004	2.208524	-4.811930	-4.473737	5.874651	3.862140	6.821430	6.484203	-1.694937	2.208533	4.115822	1.865948	3.365856	3.827986	-2.931275	-4.473737
4824	4	-0.762080	5.571256	5.236964	6.853093	1.742281	5.585108	-3.491774	3.456028	-2.338289	3.605052	-3.568994	3.456022	4.261662	5.585109	5.236968	6.853093
4875	4	6.505573	4.385145	6.228548	5.959596	-1.073838	0.620504	-5.537048	-3.934819	3.871553	4.385093	-4.392603	-3.702448	3.871558	4.385093	1.949660	-0.651331
4957	4	2.162921	4.084912	4.018667	0.035409	-3.884726	0.091690	-7.228586	-5.130202	4.938149	4.354984	7.483440	5.993470	0.882896	0.954142	-6.243938	-5.125679
5000	4	2.156872	2.865348	4.850727	1.724220	-5.100935	-1.648958	-7.643159	-4.819020	0.605942	-1.139224	-7.581100	-4.819020	5.360534	3.104123	4.928823	5.613497
5017	4	-5.424239	3.168986	3.975915	4.525483	-6.860028	3.168986	3.440251	-1.683470	-6.860028	3.168986	-2.840532	-3.243258	-6.753833	3.168986	-2.480247	2.977731
5021	4	-6.255831	-0.064717	-5.521018	-5.314663	2.708515	3.316961	4.169513	0.965529	-0.466580	-0.039948	5.088606	4.519243	3.812523	3.320073	9.690299	4.519243
5067	4	3.203834	4.380553	5.499523	6.142713	-0.768801	3.668192	5.440172	6.142713	-3.473685	2.755011	-3.857687	1.289983	-5.771175	2.269945	-6.807993	-5.041804
5082	4	3.332207	5.063366	-3.969062	-6.377926	-0.533674	4.085411	-4.414948	-6.382247	4.626454	5.172446	6.358644	4.980837	0.142676	4.335447	6.087338	4.974015
5122	4	4.202851	4.163963	5.727175	6.159104	-3.374278	1.563290	3.396375	0.313780	-3.431317	1.520685	-5.587741	-5.417184	1.611513	3.997498	-3.676899	-5.400460
5142	4	2.150264	2.447762	-1.661158	7.267879	-3.420540	-1.602892	-11.902598	-2.774095	1.706160	0.719617	-11.853673	-2.774095	2.150264	2.447762	3.758415	7.287177
5184	4	-3.004622	3.748197	6.512150	0.374538	-4.210243	3.612017	-5.724183	-5.709464	4.359861	4.656261	6.653721	6.396599	-1.269186	3.998225	6.650884	6.396448
5202	4	4.766223	4.204465	6.034383	6.400427	-3.298976	2.918864	4.249594	1.363301	-6.566499	2.918427	-4.252492	-4.631484	-0.477592	3.045912	5.410428	6.400423
5223	4	-2.776879	2.564652	-9.263802	-4.895522	-1.378633	3.248514	6.707526	6.881051	-1.568873	3.024875	6.493343	6.883228	-1.555065	3.121821	6.599030	6.882278
5239	4	-7.434356	1.550040	-2.089910	-6.488321	4.064827	3.822492	7.795804	5.696907	-7.434356	1.550040	4.236504	-0.415254	-1.116940	3.647470	7.788236	5.696907
5307	4	1.146796	3.763199	-2.140639	1.280443	4.758050	4.186243	5.629168	6.219519	0.231910	2.688465	-5.105190	-1.471570	1.150660	3.765960	2.455141	1.282929
5336	4	-0.992637	2.477403	4.623260	7.344338	-0.401761	3.053321	4.870611	7.344338	-0.803314	2.698266	4.760667	7.344338	0.565897	3.551634	4.245415	7.344338
5375	4	-0.926814	2.933408	-3.486184	-2.321608	0.783284	3.373833	6.280789	7.240192	4.963843	3.795933	6.326981	7.242387	3.144311	3.768805	-3.242392	-2.228570
5447	4	3.841140	4.538639	7.858578	7.383129	0.849681	4.068095	-2.293867	-5.528989	1.251619	4.172539	4.575679	0.996786	-3.896613	1.510209	-2.294019	-5.528989
5450	4	-8.674130	2.972569	2.819868	0.152419	2.719286	4.459103	9.094779	5.325982	-8.780302	2.972569	-1.266823	-5.891339	-2.492383	2.972607	8.214780	5.325982
5458	4	7.042509	4.221052	6.314370	6.462865	-4.089393	1.709343	-7.891503	-4.457904	1.868381	2.972825	-7.228433	-4.457904	-3.146928	1.709343	-4.295401	0.990687
5461	4	-3.825012	1.094419	-6.299600	0.095823	2.740453	2.141432	-3.144935	0.095823	4.768023	2.141432	3.978698	7.235776	4.082405	2.141432	3.774946	2.430560
5517	4	-3.348364	-0.345973	-7.072876	-5.474355	1.286246	3.223870	6.595320	6.517373	2.722260	3.667160	6.308284	6.517342	2.720262	3.981008	6.463640	6.517325
5520	4	1.420283	2.861583	-9.134147	-3.059987	4.529075	4.457058	4.831826	9.355495	4.465699	4.452089	-1.206430	6.288181	-3.831625	-0.292086	-9.703200	-3.059987
5571	4	-8.923889	3.170607	-7.031073	1.206817	-8.924040	3.170574	-7.171848	-4.672899	-3.176293	4.750019	-1.109202	6.244782	-3.175704	4.750157	4.841357	7.950857
5573	4	-7.222643	1.623996	-6.716140	-3.176510	3.594724	3.403391	0.368520	4.973156	-0.552963	1.828856	4.561250	7.911006	3.957634	3.403704	5.476703	7.912910
5583	4	2.953366	5.399359	7.901669	8.126153	0.969608	3.727651	-5.483941	-2.316277	-4.576326	3.681681	0.960593	-0.627048	-4.577111	3.681681	-5.615713	-2.316277
5588	4	4.701847	3.029129	5.324599	5.593233	-0.290001	3.028968	-5.962877	0.889202	2.088508	3.029129	-5.962820	0.889202	-3.758107	1.281100	-8.111350	-4.965826
5591	4	-10.642574	2.033455	-4.942122	-2.570633	-4.457581	2.599525	6.300497	7.586195	1.861346	4.051145	8.396340	7.586196	-6.187251	2.304251	-0.411381	3.039683
5621	4	-0.470548	2.782716	-9.461658	-4.077302	-3.712499	-0.354078	-11.071783	-4.077302	-0.550313	2.461537	-9.498676	-4.077302	-0.096716	2.997168	-9.555165	-4.077302
5660	4	-6.826211	0.801994	-4.930791	-4.130673	3.849644	4.003490	6.342642	1.676628	-1.099794	3.140376	6.343116	7.765085	-1.153894	3.121131	6.342592	1.676628
5664	4	3.779131	4.178932	7.723872	6.385963	-7.035169	0.187932	-5.256122	-5.150534	-6.976458	0.187932	2.731238	0.451648	-2.013202	0.190992	5.080460	6.385957
5705	4	-0.128043	2.353396	-6.383056	4.749342	5.310380	2.780676	-5.768699	4.749506	5.624007	2.786824	0.854673	6.147675	-4.257980	1.816253	-12.486684	-1.737693
5722	4	4.359078	3.996000	5.543265	2.634236	2.564543	3.993038	-3.552557	-2.783770	-1.460926	0.800975	-8.490043	-2.783804	6.149077	3.996006	5.909621	6.784770
5736	4	-6.230549	-3.268624	-8.563839	-1.458522	3.971573	2.749212	6.787358	6.536105	-0.814828	0.426224	2.160620	5.424250	3.249399	2.748134	5.027065	2.077144
5797	4	1.492466	0.781257	4.578014	8.839723	1.456570	0.765404	-1.122751	5.932285	-3.151669	-2.422529	-6.255493	-2.818815	0.096837	-0.068335	-6.255383	-2.818800
5798	4	2.278133	5.258727	6.520505	6.055369	-5.902639	0.863521	-7.370971	-3.660127	-5.900548	0.864139	2.404862	1.384718	-3.733156	4.309222	6.309031	6.052519
5821	4	-5.638704	-0.797929	-9.169795	-2.120408	5.660699	2.880033	-1.189811	4.410430	6.414218	2.880033	1.157206	6.553779	-0.048951	-0.139675	-3.197695	4.355324
5848	4	0.719572	2.422861	-6.375114	-4.159343	0.805007	2.537858	3.457959	0.552805	-5.191289	-0.847924	-8.664429	-4.159549	5.577895	3.696281	6.209579	4.446337
5854	4	-1.925903	3.741938	2.442567	0.769006	3.247544	4.530952	8.968775	6.232462	-3.044642	3.514180	-4.188693	-3.771174	0.432406	4.200505	8.960458	6.232462
5857	4	4.522687	2.336878	-0.419882	5.404059	4.606580	2.336878	6.179929	8.034556	-3.471909	-0.742440	-5.082666	-0.899628	1.995773	2.336877	-4.020593	-0.897845
5864	4	6.714703	1.240489	1.174206	4.937518	5.402289	1.238470	0.262541	-0.911521	6.712918	1.240488	-3.768195	4.914987	5.402289	1.238470	-4.741918	-0.912426
5867	4	-6.446233	-0.200833	-5.792360	-7.432791	-6.402337	-0.193071	0.525201	-7.125879	3.614087	2.832586	7.988715	4.752093	-1.967296	2.611368	7.958677	4.752093
5873	4	-7.772876	-0.818662	-6.442644	-7.101005	-1.800242	-0.818451	-0.700588	5.901221	4.201030	0.756994	0.283729	5.901242	-1.800242	-0.818451	3.451437	5.901242
5875	4	-2.508466	0.304710	-11.642588	-4.857334	2.924189	4.462064	-6.463829	-4.653237	7.500465	4.493961	-1.406258	3.675192	7.616100	4.493961	5.905069	5.646379
5889	4	-3.906970	-0.542977	-10.281183	-5.228340	1.988462	3.087235	4.496319	7.272464	0.724125	1.978269	3.851449	7.285634	0.904437	2.746537	4.978783	7.295789
5902	4	-3.239357	0.981182	-8.352335	-4.383323	3.034968	3.617209	0.102899	6.973360	3.039537	3.617715	6.709551	7.111392	1.237539	3.319488	4.970747	0.879378
5926	4	-0.530901	3.949401	-1.632289	-2.947234	5.732128	4.772863	5.366407	7.642767	-5.369215	3.471706	-1.677615	-2.955331	2.698574	4.772467	3.404915	1.262030
5928	4	-2.209193	-0.952567	-9.425887	-4.941803	3.753115	4.368043	8.783039	7.566327	2.260064	3.548150	5.731427	1.288518	2.058450	3.078916	1.919496	-1.304016
6044	4	-1.948427	4.080802	3.163368	0.470022	-0.882210	4.437260	4.374323	6.578105	-5.099784	1.469479	-4.275951	-5.316142	4.362002	4.503716	4.402143	6.583786
6112	4	5.189748	3.263842	0.204441	6.878158	1.756717	2.934721	-3.457045	-1.739709	-3.422245	-1.850855	-9.685718	-1.762944	5.191560	3.263844	6.712241	8.211534
6129	4	4.149437	1.911067	-3.775585	6.773786	-0.845812	1.797973	-3.939493	6.773786	4.168648	1.911075	2.173773	7.716331	-0.826532	1.797973	2.024225	7.486079
6133	4	-5.065042	-0.884478	-6.606285	-6.101046	1.268515	1.981633	8.578367	6.230954	2.250558	2.777274	8.544125	6.230954	1.643416	1.833149	8.558330	6.230954
6140	4	-4.561743	0.268424	-4.420857	-6.967458	1.354140	3.393096	6.716924	6.110443	1.132751	2.680605	6.627981	6.110443	1.365101	2.805695	6.612052	6.110443
6141	4	6.584732	2.421203	5.431990	7.501338	-5.285271	-0.493799	-6.789260	-4.911867	2.061489	2.053423	1.629679	1.050291	0.412937	0.981952	-5.686784	-4.846750
6165	4	1.775758	4.177919	-2.267381	-2.761206	-2.105359	2.302386	-2.665873	-2.995464	1.807926	4.204505	5.753266	0.486551	-1.963866	2.302594	5.480261	0.472109
6169	4	0.246679	2.209477	4.059630	8.445725	0.198411	2.160131	-1.559359	5.688487	-2.373742	0.424036	-9.271340	2.062366	5.692828	3.328068	4.774810	8.540471
6185	4	2.727853	5.435324	6.296787	6.139526	-4.363472	1.816492	1.050056	-2.296137	1.914445	5.435260	2.674667	1.810301	-2.165297	2.263623	4.954903	6.139479
6221	4	3.041135	3.730336	7.287685	3.614095	-2.392641	3.040689	5.706833	3.512309	-6.678847	3.040666	-3.972766	-4.886709	-6.036953	3.040666	2.194362	-1.955149
6236	4	-6.468717	3.217108	-2.423189	-5.470024	-1.896669	3.703532	6.667583	6.331313	-6.433773	3.217108	6.522558	1.053841	-0.934621	3.409187	6.613818	6.331313
6246	4	-0.918979	2.186398	4.436189	8.888726	-0.413119	2.396585	4.192863	8.888698	-0.974001	2.536623	4.726939	8.888703	-0.397025	3.087095	4.414607	8.888617
6277	4	-2.056547	3.005996	5.582165	8.267003	-2.057470	3.005995	-0.642660	6.555045	3.204264	3.980859	-0.431195	6.697242	3.204783	3.980942	5.747490	8.271951
6289	4	-2.058260	-0.335729	3.211707	6.378898	-7.704284	-0.353559	-3.586428	-5.467870	2.276572	3.616191	7.644899	6.482444	-6.466771	-0.353559	1.829538	-1.113436
6292	4	1.454868	3.229367	0.807213	-5.505803	1.454700	3.229366	-5.673534	-6.898504	0.217788	3.008144	-5.689616	-6.898504	0.217847	3.008192	0.788404	-5.538121
6299	4	1.311113	4.036579	6.167030	0.644824	0.536947	1.565258	-6.956410	-5.854456	-4.792020	0.927822	-7.927855	-5.854665	4.828959	4.889129	8.844940	6.857211
6304	4	-5.310458	-1.908881	-5.488775	-3.620844	1.204639	1.512106	9.352127	7.053532	1.260881	1.273010	5.985673	2.314829	2.267806	1.684274	9.337089	7.053532
6406	4	-3.827552	1.659259	-4.473990	-6.059683	2.519049	4.196456	6.083841	5.342427	1.469193	3.710201	6.152319	5.342430	0.581274	2.564667	6.102960	5.342430
6457	4	4.951312	5.540603	6.398422	8.230118	-0.133502	4.754782	-3.680595	-1.990943	3.316974	5.462330	-3.325916	2.545962	-4.526853	2.696209	-8.339752	-1.990943
6513	4	0.913666	4.171568	8.076640	7.217038	-7.940819	0.230758	-4.724962	1.171257	-0.001108	3.622529	8.133621	7.217038	0.447325	3.997972	8.121149	7.217038
6530	4	1.575632	3.556113	5.805490	6.814948	-1.057713	2.158759	5.003034	0.571178	-1.082356	2.130327	-0.995881	-5.620900	4.106147	3.668830	5.857776	6.814953
6580	4	-1.066683	4.403850	5.875894	6.161966	4.744670	4.672581	5.876131	6.161966	-5.130404	3.427883	-6.836500	-2.585552	-4.037923	3.852294	4.537772	2.589728
6627	4	-4.817639	0.779415	-5.722907	-6.152452	0.741017	1.684343	4.346103	5.566854	-1.353625	2.336047	5.329540	5.566882	-1.746357	1.617658	5.026790	5.566906
6713	4	-6.740504	-0.627299	-10.218454	-4.143007	-0.598532	3.620313	6.985126	5.360076	-0.131838	3.841580	6.970259	5.359970	-0.803669	3.040850	6.910121	5.360276
6716	4	0.088643	3.366525	4.283704	8.462859	0.088575	3.366504	-2.167895	7.370430	-5.698999	3.059409	-6.844082	0.929715	3.335849	3.781147	4.805194	8.462970
6756	4	6.859084	3.520074	-1.176810	5.703166	-4.385964	-1.565912	-9.134598	-2.499056	6.859091	3.520074	5.441982	8.107086	6.341601	3.519863	5.436942	1.575970
6787	4	3.581900	3.697859	5.691062	6.971757	-3.475948	0.977497	-3.760042	-3.903167	-3.474819	0.977581	4.048822	1.303965	-3.475948	0.977497	0.639519	-3.561069
6914	4	4.128286	2.310136	-7.720893	-3.205128	-1.256538	1.001444	-10.364583	-3.241531	9.691463	2.313293	-3.952680	3.450215	9.710829	2.313293	4.771533	7.297077
6948	4	-3.296587	-0.955872	-6.563404	-6.557452	2.394141	3.925188	1.450498	-2.298081	2.362499	3.918137	-3.894678	-6.538668	7.442820	4.005361	6.362034	5.432368
7000	4	-8.238178	3.256077	-6.594021	-4.432724	2.637138	5.181014	0.462319	6.417306	2.528975	5.064316	4.860824	1.928910	2.637138	5.181014	6.221402	6.445939
7083	4	-4.647311	0.007498	-4.857234	-5.363146	2.106811	4.631586	4.031894	7.123869	1.307149	4.092180	4.119411	7.126371	0.449516	2.988687	3.979167	7.127800
7129	4	-3.596861	2.799306	-2.446718	-1.709527	1.387237	3.829529	4.915311	1.838483	2.654440	5.857135	7.353191	6.545612	1.387046	3.829137	1.560983	-0.183153
7138	4	-4.462745	1.149537	5.995634	2.058827	3.551208	3.081953	6.049782	8.036445	-2.200878	1.152786	6.028752	8.036133	-6.073152	1.149531	-1.384220	-0.131619
7144	4	-0.374042	2.329122	-6.477814	-4.729590	5.112324	3.689053	4.837777	6.666545	2.394358	3.513935	0.720236	-1.209483	2.394357	3.513935	-5.512741	-4.729590
7177	4	4.388439	3.325354	-3.025649	2.909556	-1.449376	0.214804	3.998075	6.628551	4.437001	3.325386	8.742847	6.630344	2.351303	2.866565	-3.400803	-3.596998
7268	4	-5.822459	1.415185	-0.895888	-3.816978	-4.665024	2.625427	4.968278	1.148013	-1.976794	4.730431	7.522154	6.680353	4.197952	4.732122	7.522154	6.680353
7309	4	4.574034	3.361450	3.979634	0.664643	-0.202826	2.594578	-1.856278	-4.975393	5.031522	3.379550	7.088718	6.832666	-5.983652	0.657927	-2.010189	-4.975518
7343	4	-4.089092	1.613202	-5.680400	-2.667378	1.778138	2.513329	-1.131005	3.371306	3.573609	4.956348	6.431867	8.867160	-1.372727	1.613205	-1.816216	3.371302
7346	4	-3.306865	2.787745	-4.033062	-5.352155	4.929743	3.855561	7.748562	5.871281	-0.910547	3.854767	7.748205	5.871281	2.603095	3.855561	2.602472	-0.125317
7351	4	1.495773	2.928244	6.532328	6.514765	-2.833099	1.071087	-4.821916	-4.242772	-1.967794	1.071110	4.741483	6.306998	1.304675	2.332683	-2.855476	-2.767758
7354	4	8.104846	2.575913	5.727918	6.437007	6.247150	2.575913	5.600895	1.545594	3.154401	2.575913	-3.008921	-2.251323	-3.241856	1.154901	-5.632595	-4.446814
7370	4	-3.220009	0.138918	-11.574568	-2.871775	0.094917	3.804813	-0.584982	6.650941	4.307286	4.388641	-0.896436	6.642415	0.930859	4.143278	-0.575957	6.650478
7415	4	-1.687060	0.034695	-8.409376	2.163671	1.986953	4.066125	-2.702033	2.163674	6.324792	4.075869	6.181989	8.004741	1.953348	4.064692	-3.377295	-3.821162
7444	4	1.049548	1.465990	0.240018	-3.830342	-3.038284	0.991771	-6.221305	-3.844946	1.049548	1.465990	-4.378510	-3.844946	3.462415	3.375157	6.580449	6.614867
7477	4	-0.841443	3.305095	8.133832	6.698810	-1.181959	3.374631	8.140520	6.698810	-0.470410	3.668994	8.131958	6.698810	-0.655195	3.862121	8.136663	6.698810
7505	4	-3.576168	0.617068	-2.668425	0.573980	6.735373	3.809151	-0.411828	5.579402	-3.559332	0.622998	4.536457	1.290972	6.744730	3.809362	5.968495	5.712232
7529	4	3.241797	3.431413	-2.775539	-4.839590	8.786447	3.532904	7.727614	5.967021	5.156159	3.530897	5.162969	0.269796	-1.834208	-0.396098	-8.275787	-4.977391
7545	4	-3.461320	3.722667	-1.362317	-2.396913	7.569534	4.275610	6.686553	6.963735	2.863453	4.275610	4.047268	1.547329	-3.088168	3.722692	3.932099	1.542356
7547	4	0.263287	6.415301	5.495248	7.873418	0.069373	6.396644	5.495770	7.873418	-2.296306	2.721369	-7.353945	-0.807145	1.527035	5.870237	5.490261	7.873418
7647	4	-3.147424	0.846879	-3.192725	-2.175671	0.857245	1.977056	6.504203	6.357777	1.745840	2.062929	6.379458	6.357776	0.495968	2.732348	6.579705	6.357777
7665	4	1.978263	2.817014	-5.455609	-1.783796	4.620464	3.361006	5.255538	7.581037	4.617343	3.360724	-0.202272	7.081825	-1.490848	0.755223	-10.194814	-3.110974
7671	4	4.877551	4.443472	5.239718	5.846306	0.108942	4.261198	-3.667170	3.422647	-0.321173	3.681723	-7.322802	-2.054548	-4.475393	0.368761	-10.034819	3.422647
7683	4	-4.070963	1.514144	-11.251570	1.421525	4.673268	3.826477	-1.862696	4.527389	5.703034	3.826477	4.942801	8.365304	-0.082656	3.468779	4.455236	8.278841
7700	4	-7.156332	1.971075	-10.578380	-4.647391	1.492398	3.837945	4.222975	7.959724	-1.565532	2.211539	4.035526	7.961643	-0.935545	2.215945	3.746798	7.961144
7722	4	-1.999059	2.525434	-0.038965	6.302665	-1.817156	2.629056	5.206263	8.308092	2.584408	4.328401	-0.015604	6.338974	-6.019653	0.888832	-7.586325	-4.017497
7734	4	-2.712912	1.261106	-3.573934	4.304934	-1.482680	1.479703	2.061241	6.607773	-7.539811	1.240863	-6.904876	-0.670779	4.011537	3.792228	7.424082	6.607804
7745	4	-2.085112	1.240564	-7.700112	-2.065360	3.016482	3.795573	1.440015	4.805090	1.219303	3.741589	-0.894692	-0.973744	3.018838	3.795575	4.650616	7.378003
7766	4	-5.569529	-1.404766	-14.188380	-4.364632	2.743937	3.797307	3.230106	7.895098	1.673984	3.780526	3.690814	7.910879	-0.073488	1.472508	3.417587	7.938446
7769	4	-6.781532	0.575133	-10.130844	-4.493510	-2.604241	2.496106	2.825281	6.724868	1.627021	4.030372	2.373299	6.719011	-1.302596	4.290367	3.078376	6.721787
7781	4	-4.203296	-2.820304	-9.092154	-4.037067	-2.137470	0.494516	5.216608	6.676991	-0.158215	1.471711	5.461546	6.676991	-2.987405	-0.046580	5.000499	6.676991
7863	4	-4.319330	0.511700	-8.958261	-3.495453	-0.244779	3.313492	5.224798	5.450944	1.379994	4.278230	5.313251	5.449670	0.647131	1.820116	4.447634	5.449889
7948	4	0.428048	2.566731	5.395231	8.429861	2.723227	3.497597	-4.958714	1.869985	0.030127	2.212473	-5.353347	1.869421	3.275680	3.573128	5.607480	8.440166
7958	4	-1.053956	0.586879	-9.040610	-2.414620	1.957595	3.174690	5.738275	8.853588	3.385333	3.459703	5.655987	8.853587	3.006733	3.492290	5.775916	8.853587
8012	4	-7.783421	2.049344	-4.149607	-3.968558	-7.739602	2.049344	5.125130	1.715531	-2.396714	2.049344	5.126881	8.004985	4.223055	2.172605	5.143285	8.004985
8022	4	-6.586392	-0.886717	-9.829219	-2.190856	-2.161200	-0.886499	-3.776457	3.625031	1.789075	1.529834	4.764048	7.094925	1.632542	1.337068	-1.987899	4.972100
8039	4	-1.381804	3.228985	5.595057	6.673942	-1.629070	2.314578	5.117242	6.661135	-0.908778	3.547420	5.681951	6.674196	0.619074	4.432224	5.624467	6.660428
8113	4	2.692699	3.686094	0.264893	5.915139	-7.176138	-1.261765	-5.214489	-1.260145	-1.421507	2.727241	5.367292	7.419933	2.703395	3.686612	6.495996	7.419934
8132	4	4.742277	6.512016	5.352562	6.623968	3.287197	6.511960	-3.467810	1.135775	-1.401444	5.845973	5.352560	6.623968	-2.151990	4.903514	-3.467916	1.135725
8140	4	1.246109	2.974218	5.504883	8.513068	0.122724	1.095574	2.628946	8.513088	-4.164443	-0.121127	-10.173533	-2.887851	1.053418	2.832958	5.330990	8.513072
8151	4	-7.762985	3.639658	0.601834	0.356118	-7.762968	3.639658	3.871283	0.356700	-7.777449	3.639658	-2.057619	-1.805692	2.927232	5.487113	7.268342	6.517454
8205	4	0.848491	2.432694	5.343152	8.412190	-2.452456	1.682966	-0.714355	-0.307064	1.513626	4.059041	5.364533	8.412189	0.445826	3.286649	5.373587	8.412190
8223	4	-0.793126	-2.880386	-4.591879	2.409520	3.108248	2.177067	5.541494	6.988562	2.005457	2.213079	5.728571	6.988562	1.398502	2.059125	5.744485	6.988562
8259	4	-4.314482	2.989359	-7.009060	-2.152072	1.276604	4.868984	5.755960	5.701325	1.275186	4.868660	-0.419812	4.052200	-1.828595	3.910058	-7.007460	-2.152072
8285	4	-3.426507	0.343666	-5.624229	-5.630534	-1.724635	4.361753	8.206832	5.694874	-3.426507	0.343666	0.752468	-1.146375	2.895233	4.619741	8.220922	5.695042
8294	4	-5.115453	1.975573	-7.145132	1.371294	3.945952	3.243654	3.038963	7.402854	-5.448798	1.975157	-7.232948	-4.562562	-1.511939	2.107830	1.266625	6.442413
8306	4	-4.109386	0.803719	-4.768107	-5.740339	-4.108914	0.803730	3.633893	-1.787746	0.479903	3.225730	-3.172616	-5.185581	0.481663	3.227004	5.141677	-1.619196
8314	4	2.573470	2.799262	-8.322273	-3.374970	7.678639	3.060696	4.685886	9.115377	-2.791766	-0.362831	-12.075541	-3.376643	7.677010	3.060686	-1.628515	6.214699
8429	4	-3.972788	0.243534	-8.293129	-4.124729	-1.127191	1.674670	3.121352	7.682939	4.164816	3.759854	7.132904	7.682939	-1.131728	1.671957	-1.428588	7.429367
8468	4	-1.713597	0.964029	-5.048906	-4.042213	1.823862	5.255700	4.883417	8.365768	-1.641868	0.964566	4.468174	1.901066	0.856379	3.629173	4.869582	1.906079
8480	4	3.031471	3.757360	1.808207	-1.172651	-3.109275	-1.709289	-6.732406	-6.253710	2.132944	3.596483	-4.028399	-4.935084	4.013977	3.783580	6.626143	5.756758
8489	4	-5.308483	1.984440	-6.928733	-5.886113	-0.555064	3.894025	-1.160462	6.227807	4.945333	4.418675	5.472573	7.062113	-0.554451	3.894385	5.472514	7.062113
8743	4	-6.014656	0.160856	-13.917169	-3.982726	-1.634355	0.160863	-12.129821	2.460648	2.286260	4.148790	5.130349	5.005728	2.151273	3.815785	-5.851023	2.460648
8769	4	-6.355272	1.648337	-9.704170	-5.536205	-1.985709	2.488475	2.256103	7.287483	-0.915279	2.225103	1.612454	7.099847	-1.762358	2.414603	2.071139	7.262353
8786	4	-0.678079	2.845304	3.848382	5.995525	4.445686	4.481558	-0.969765	3.085683	-0.693827	2.840894	-1.861783	3.085681	4.463399	4.482095	4.737552	6.014022
8947	4	0.360215	2.259987	6.216171	8.146891	-3.436197	2.216212	-5.937348	-3.256372	-0.106292	2.225567	-0.376889	5.032799	6.158984	3.670299	6.774756	8.181205
8950	4	4.362469	4.414940	0.310280	6.509837	-4.640560	1.087533	-5.848495	-0.078739	4.362469	4.414940	5.663695	6.600039	-1.412253	4.122201	5.508974	6.599774
8957	4	-5.198477	0.682818	-10.620298	-2.402066	-0.149951	1.918427	3.090689	6.153351	0.185185	2.555759	3.530691	6.039489	1.105850	2.685317	2.438500	5.769128
9034	4	1.595623	0.348486	-4.075519	-4.264676	6.404694	0.754363	-1.511499	5.994651	-4.767472	-1.819305	-5.796805	-4.410973	6.406483	0.754363	3.994745	6.021917
9094	4	-5.822367	1.200049	-11.340081	-3.608512	0.179501	3.157501	4.118333	5.509617	0.179493	3.157495	-7.617801	2.286176	5.023415	3.579488	-7.041912	2.286176
9113	4	-4.930570	-0.786068	3.036226	7.608853	-4.934988	-0.786068	-0.783057	5.269224	-0.811066	1.525212	4.872825	8.169375	-0.991374	0.779257	-5.498528	-0.580888
9114	4	-7.754911	-2.795185	-5.926687	-5.298912	-7.754909	-2.795185	3.535273	0.067950	-7.754911	-2.795185	0.062278	-5.297074	3.462830	1.653910	6.632216	4.758029
9149	4	-0.645396	3.503325	4.399325	4.064700	-0.428097	3.222479	4.315501	4.064700	1.238290	5.188489	4.421957	4.064700	-6.360675	0.389104	-2.023121	-1.208088
9159	4	1.894277	3.228704	-5.101099	-4.569234	-4.481361	1.049993	-8.375488	-4.766779	6.860492	5.200480	9.339978	6.146082	4.052705	5.182941	4.711380	-0.456173
9164	4	3.929786	4.185400	7.855190	6.717126	3.330977	4.129305	5.352670	1.772643	3.143213	4.108193	-2.674616	-2.174746	0.744412	3.700070	-2.676692	-2.175782
9167	4	5.660921	4.380811	6.243523	6.752589	-4.791652	1.020319	-3.498442	-5.203260	5.400071	4.374427	3.118617	1.282209	0.188026	3.631467	-3.264408	-5.156635
9174	4	-0.541979	2.611951	8.943399	6.668726	1.255153	4.611532	8.989384	6.668726	0.562955	4.026052	9.038072	6.668726	-4.848300	1.571465	4.612634	0.985437
9206	4	-2.083369	0.621303	-9.012679	-1.584057	-1.147698	2.124756	3.152404	6.729262	0.350716	2.735137	3.271598	6.701835	-0.382707	2.434680	3.252112	6.716935
9244	4	-1.244550	1.035779	-2.246017	-3.197557	-1.234265	1.057571	4.098665	0.289884	4.217913	4.868509	4.955235	6.121414	0.177985	4.497824	4.955235	6.121414
9249	4	-8.562396	4.033163	-5.090161	-4.158152	-2.541177	4.033164	5.664348	8.113447	-4.544203	4.033163	3.306951	1.905628	2.981086	5.251855	5.717486	8.113447
9258	4	-8.914155	3.526058	2.486423	-1.375388	-3.862041	4.455215	6.451342	6.156028	-8.914165	3.526058	-3.288083	-6.533817	1.822683	4.709778	6.625392	6.157734
9262	4	-2.892861	0.328066	-10.966023	-0.742341	2.621371	3.320421	-6.829085	-0.742336	6.138519	3.431564	-0.704839	5.797883	6.138990	3.431564	4.735669	5.800044
9300	4	-1.904973	1.772866	6.435438	0.018004	5.125977	4.250956	7.112536	6.602933	-0.364516	1.808215	6.670997	6.602848	3.656748	4.127132	6.877061	0.018122
9336	4	1.319333	3.794483	6.926229	5.991432	1.523487	3.638403	6.925882	5.991431	1.267012	3.448074	6.925815	5.991432	0.950726	3.585700	6.926298	5.991434
9343	4	-1.063970	1.004429	-4.786870	-6.069531	2.025691	3.843303	-4.775791	-6.069531	6.026835	4.083872	6.409484	5.607887	2.026064	3.843472	5.483884	-0.010161
9345	4	-0.458020	-1.445873	3.079120	7.129717	-2.426890	-2.725755	-2.151613	2.178557	5.910826	2.794197	9.322725	7.628163	-6.134530	-2.728037	-4.651142	-3.806624
9363	4	-1.751603	4.580168	4.275164	6.512447	-7.133686	4.580141	-5.894749	-6.432270	-7.133679	4.580141	3.495480	0.075927	3.440140	6.221146	4.678576	6.512742
9375	4	-10.293656	0.772972	-2.369840	-4.204324	0.531405	1.013856	5.298359	7.008471	-9.951825	0.772972	4.588605	2.412364	-3.249927	0.772980	5.265055	7.008367
9413	4	-6.201467	2.286828	-3.913514	0.936966	-6.209827	2.286828	-6.387691	-5.499431	4.657030	4.818886	6.859058	7.106540	0.224021	2.700573	3.740803	7.106282
9426	4	-7.796281	0.363172	-7.927553	-3.721228	4.084226	0.819178	3.410501	6.916265	-2.898256	0.364386	-2.335866	4.677041	-2.446169	0.367387	3.297829	6.907094
9449	4	0.964330	1.275597	4.961723	6.535357	1.012779	1.464404	5.044936	6.535170	2.816374	2.131163	4.619358	6.530884	2.093933	2.545291	5.088227	6.528641
9469	4	-8.176994	0.987585	-7.709811	-4.956456	-1.130412	1.280417	1.572873	7.130162	-1.714114	1.357068	2.415240	7.150063	-1.394040	1.285168	1.854280	7.145284
9489	4	5.407096	3.601260	5.854202	2.619812	0.303048	2.206931	5.781489	2.619812	-3.263083	2.198904	-1.270030	-2.780702	6.272294	3.601260	6.510892	5.671088
9514	4	-1.261075	2.001677	-8.329222	-1.240019	3.899489	3.638413	-0.794388	7.321475	0.122579	3.135333	-1.235436	7.314390	0.123149	3.135640	4.476019	7.322825
9576	4	-4.744586	3.530807	-9.131740	-3.719137	-1.279212	4.155418	-8.376934	-3.667441	4.398762	4.588530	-1.843597	5.271785	4.475851	4.589564	4.593804	8.076298
9577	4	-5.394634	2.682308	3.978606	0.364473	-5.448738	2.682307	-4.490335	-5.254845	1.830774	3.299037	5.204823	6.721914	-0.701110	3.563903	5.248293	6.721923
9596	4	2.827321	4.044352	-1.679637	3.393865	-2.166207	2.573924	-2.544444	3.393709	4.522660	4.047358	6.931108	7.277095	-6.502708	1.157634	-6.183859	-1.729499
9603	4	-3.797005	1.317785	-6.374424	-3.580751	0.943454	4.642534	6.720606	3.816066	-0.432092	4.128409	6.799558	3.816066	-1.604966	2.834228	6.760150	3.816066
9654	4	1.820574	3.855070	-4.032864	-5.863102	-3.440754	2.351977	-5.832070	-5.934971	3.694241	4.223809	7.789109	6.149945	-1.330911	2.474517	6.134930	6.148542
9663	4	0.845867	-0.127075	1.579631	4.239793	4.020952	0.669223	-4.071435	-6.526626	5.684698	0.669778	1.593943	4.239793	-0.891000	-2.520523	-4.087080	-6.567807
9667	4	0.122248	3.156840	5.260453	8.134606	-5.056395	2.500021	-3.540351	-2.284883	-5.056395	2.500021	1.266003	-1.406882	4.880947	4.629863	5.441694	8.134735
9729	4	2.075760	3.609562	4.389375	8.151694	-2.440699	-1.029909	-3.115678	0.462126	1.614914	0.292542	3.693431	8.151822	0.687970	0.150400	3.768675	8.154755
9732	4	-1.644063	0.946420	-5.214089	-0.197873	3.509579	3.210590	-2.477534	-0.177366	4.149542	3.212609	5.231443	2.956962	7.133675	3.213337	5.452638	6.055342
9764	4	-0.546658	0.960951	-1.325940	3.842425	-0.529027	0.961537	4.184999	6.741408	-6.948271	0.935924	-5.940006	-2.952391	5.398171	1.843878	5.312810	6.870380
9774	4	5.489729	2.237489	-1.669676	4.276647	5.959689	2.237490	5.730952	6.457202	2.959528	2.231915	-6.480973	0.249023	-3.264500	-1.445292	-9.144458	0.249022
9800	4	-2.781883	1.742427	-8.922074	2.288946	1.780359	3.167113	-4.447626	2.288946	3.032895	4.212488	4.604631	6.853966	-5.898006	1.742398	-11.244159	-4.091633
9811	4	1.381561	4.000637	-3.506461	-4.677242	1.381585	4.000646	0.784420	-2.173316	4.651373	4.227711	5.999681	7.263804	-3.545151	1.256061	-4.663566	-4.677816
9834	4	-1.748298	4.504288	7.213483	4.709469	-8.293928	4.484821	-3.681015	-8.162656	-8.293928	4.484821	0.956815	-4.127159	3.540204	4.679876	7.301380	4.709469
9857	4	0.756067	3.056791	-1.770553	3.658172	-7.786816	2.715972	-8.328932	-5.171722	0.858008	3.181334	4.904064	7.202824	-2.951222	2.715972	4.147987	7.086259
9881	4	-4.554225	2.755062	2.042070	0.880052	-1.446948	3.641085	3.651836	6.582501	-0.930552	3.384611	3.625191	6.582501	-0.061504	3.146836	3.570960	6.582501
9884	4	-10.163654	3.923771	-7.781218	0.403709	-5.908731	3.953179	-1.174609	3.928262	-10.184365	3.923745	-7.785483	-4.683752	-3.409272	4.035376	4.755121	6.453288
9885	4	-7.953272	2.986793	-5.343521	-2.857176	-2.803513	3.246017	0.733508	6.126933	-2.802079	3.246226	5.738441	7.723510	3.026571	4.184375	1.174837	6.406571
9943	4	-3.807435	1.276775	-6.678944	-4.096804	1.929557	4.057139	7.223553	6.834306	0.713184	1.528371	-3.222712	1.458377	-2.885781	1.276776	-3.346617	1.458376
