96.0	3.0	22.290706	49.534423	42.075117999999996	98.204883	0.9187930000000001	0.14333900000000002	0.420225	0.31401399999999996	10.797422000000001	2.0	96.332895	23.44718	1.0	0.012348999999999999	3.615622	3.0	29.940669	5.763386	4.0	67.563771	0.609446	1.0	88.63896	4.854080000000001	2.0	79.329458	12.122067	2.0	0.016907	0.6133689999999999	2.0	66.545651	4.253411	3.0	14.237136999999999	13.072030999999999	1.0	39.535117
214.0	3.0	17.568193	79.861278	86.228272	84.157393	0.9583969999999999	0.997034	0.779327	0.34339200000000003	21.071985	6.0	45.664615999999995	11.128835	2.0	0.031191000000000003	2.430174	5.0	77.589663	4.551174	4.0	2.834964	13.795645	1.0	37.715881	10.858754	3.0	84.832103	4.5458	1.0	0.027266000000000002	5.472663	1.0	86.091776	5.277744	2.0	55.153673	3.933797	6.0	82.50246899999999
350.0	3.0	75.29119	94.136202	38.976668	36.120349	0.697412	0.190598	0.717171	0.810304	12.643037	4.0	14.028701000000002	23.781725	4.0	0.015418000000000001	2.3784259999999997	3.0	85.56499000000001	4.1552	6.0	30.634658	13.867532	1.0	29.449917	15.246079	3.0	31.448494	22.570608	2.0	0.013508000000000001	4.695542	3.0	28.343921	1.161152	3.0	37.194981	17.759452	3.0	68.23813100000001
479.0	3.0	33.788199	93.50904	62.269043999999994	91.234049	0.570375	0.261858	0.336866	0.5650729999999999	20.903389999999998	1.0	79.995822	2.876186	5.0	0.015541	4.434792	3.0	75.65998499999999	2.119622	6.0	12.045125	2.16085	3.0	67.753374	16.899306	2.0	48.496941	18.993269	4.0	0.018627	3.362271	5.0	89.827277	4.277165	4.0	65.774066	17.595454	3.0	76.643485
536.0	3.0	40.015240000000006	70.954904	54.838094999999996	97.83537700000001	0.6722600000000001	0.334016	0.362111	0.848641	19.517703	1.0	8.195585000000001	3.895451	5.0	0.019821000000000002	0.812448	5.0	70.324752	4.6907309999999995	5.0	28.060001	0.590382	4.0	41.186799	11.238616	6.0	24.648126	10.452557	1.0	0.017299000000000002	0.873834	6.0	8.050719	1.823016	3.0	65.900545	0.439796	5.0	37.540703
553.0	3.0	49.778	43.738273	68.010389	96.740372	0.842865	0.148031	0.107805	0.537875	20.419974	6.0	54.508902	8.320372	2.0	0.016411000000000002	0.42803	2.0	48.059425	3.432896	5.0	21.038441	5.746818	1.0	17.730226000000002	16.376248999999998	6.0	70.648439	4.9950589999999995	3.0	0.016633000000000002	5.407868	1.0	12.509119	1.091679	2.0	36.761373999999996	7.236834	6.0	75.834373
621.0	3.0	24.744486	91.368205	7.431367	53.795581000000006	0.38979600000000003	0.45757600000000004	0.6061529999999999	0.730613	6.6595320000000005	6.0	50.391288	3.427108	5.0	0.019965	1.537527	5.0	73.55325400000001	2.817342	5.0	21.223164	17.274247	5.0	1.8729959999999999	14.514831	2.0	12.859656	17.707664	5.0	0.043044	3.055422	1.0	8.256387	0.328944	3.0	83.83102099999999	4.56744	5.0	42.859879
1027.0	3.0	87.744123	77.870364	70.507166	24.343525	0.866291	0.147048	0.9230389999999999	0.598304	18.073501999999998	1.0	5.068859	2.781127	5.0	0.029064	5.779779	5.0	87.154987	1.550155	3.0	73.586708	2.28683	3.0	7.107701	15.4427	3.0	25.702305	12.153315	3.0	0.037739	4.03315	6.0	39.978006	4.4832410000000005	4.0	7.793963000000001	10.904189	1.0	89.821113
1089.0	3.0	89.741715	33.63055	90.332883	33.049571	0.9834799999999999	0.47351899999999997	0.745499	0.574488	18.896914000000002	5.0	25.247842000000002	15.464215	1.0	0.012979	5.941722	4.0	99.11305300000001	3.733117	6.0	6.955685000000001	2.279691	1.0	18.75019	16.992746	4.0	71.140087	13.833264000000002	4.0	0.011103	3.5275309999999998	6.0	61.501774	1.550406	4.0	55.114245	15.338179	4.0	85.99512299999999
1507.0	3.0	74.854209	22.208841	26.444238000000002	48.617515999999995	0.193563	0.5909300000000001	0.8338200000000001	0.22037600000000002	4.498766000000001	1.0	47.083090999999996	16.269562	6.0	0.039878	5.0397940000000006	1.0	8.047708	2.247307	1.0	24.114811	14.556401000000001	6.0	3.4136559999999996	3.709307	5.0	77.137348	14.207413	1.0	0.123098	5.4870019999999995	6.0	38.335735	0.170191	6.0	73.090501	4.812311	3.0	53.022034999999995
1521.0	3.0	11.745216000000001	79.57517299999999	51.055983000000005	76.521061	0.629359	0.761312	0.15148	0.88875	9.200032	5.0	91.082799	13.596138	4.0	0.010393000000000001	4.339015	4.0	46.238433	5.133753	2.0	9.169105	1.517461	2.0	43.210612	19.007862	3.0	94.439314	17.285567	2.0	0.017584	5.381162000000001	1.0	24.296412	4.2661169999999995	1.0	4.337186	24.100085	2.0	29.507646
1745.0	3.0	8.694258	66.191753	36.915968	82.969672	0.824217	0.149706	0.37828	0.262964	13.570276000000002	5.0	92.700369	13.088972	1.0	0.070896	3.5355559999999997	3.0	32.428289	4.06617	5.0	23.453787	16.588297	5.0	3.2411380000000003	4.076626	4.0	58.632414000000004	7.551234	2.0	0.022047999999999998	5.4569589999999994	3.0	52.948159999999994	2.540604	1.0	33.658921	4.434038	5.0	17.149216
1935.0	3.0	25.230764999999998	93.15346	79.649273	34.811572999999996	0.44648999999999994	0.6981189999999999	0.377304	0.69328	17.153438	2.0	44.309776	13.808304000000001	1.0	0.035349	0.516848	6.0	3.9015160000000004	0.9501649999999999	1.0	35.278565	4.949736	3.0	8.947382000000001	20.802141	1.0	25.921166	10.450041	1.0	0.01377	3.8336040000000002	4.0	14.33642	0.552145	5.0	84.530211	14.92271	4.0	97.583837
2202.0	3.0	19.269365	61.761543	18.791238	18.355692	0.6736409999999999	0.873025	0.969609	0.625609	5.698382	2.0	68.782134	10.5063	6.0	0.013788	5.95397	4.0	98.380669	2.670076	4.0	8.818209	6.702838000000001	1.0	2.358492	0.956457	1.0	5.473546	23.849154000000002	1.0	0.010161	5.540528	6.0	44.020526000000004	4.943221	2.0	41.671802	17.430377	2.0	1.0796569999999999
2213.0	3.0	41.11175	26.719424	75.747123	80.02775	0.9493809999999999	0.136799	0.5888220000000001	0.8771959999999999	7.127516	3.0	10.717718	23.882368	3.0	0.01726	2.98201	6.0	79.375125	2.12368	4.0	2.973399	4.270192	2.0	42.38783	4.606044	3.0	97.40291500000001	21.628595	3.0	0.018919	2.873288	5.0	8.764469	2.662433	5.0	96.558205	17.888247	1.0	51.719986999999996
2323.0	3.0	9.351028	47.858563000000004	17.366239999999998	10.345563	0.6559689999999999	0.469567	0.25446399999999997	0.316475	19.945521	1.0	96.601637	24.1387	4.0	0.090825	2.875864	5.0	68.861074	5.425014	4.0	6.1472809999999996	2.2891790000000003	2.0	10.979902000000001	9.245358	6.0	69.90333299999999	12.950992	5.0	0.03394	0.749487	6.0	20.187522	3.577496	5.0	38.565676	24.614875	1.0	55.912636
2578.0	3.0	77.579573	59.84705699999999	37.551641	83.86625	0.412562	0.161012	0.903925	0.171378	5.357545	6.0	88.31669699999999	15.088133	6.0	0.023435	3.754468	5.0	37.725064	1.444918	3.0	18.051376	1.401418	5.0	23.794807000000002	6.530456	3.0	28.724001	19.986521	3.0	0.030381000000000002	1.9290150000000001	4.0	55.65547900000001	3.509144	6.0	65.204012	2.557557	6.0	12.480102
2645.0	3.0	72.58859	32.390411	31.668969	26.555415999999997	0.148419	0.838651	0.798491	0.31011	6.387519	4.0	22.028601000000002	12.076069	1.0	0.012958	0.788925	1.0	36.434251	0.393484	1.0	28.441151	14.125589999999999	1.0	38.265837	13.908456	4.0	50.735178000000005	21.250913	1.0	0.060618	2.114804	2.0	96.728914	4.133165	2.0	7.5051619999999994	6.164239	3.0	20.337467999999998
2660.0	3.0	50.97899	64.490565	31.628390999999997	30.216409000000002	0.51831	0.56243	0.268013	0.455474	20.11075	2.0	49.932297	10.910017	4.0	0.028699000000000002	3.365424	6.0	8.595119	2.209969	6.0	5.66327	3.5715	3.0	1.665573	10.455811	5.0	54.656383	16.61315	1.0	0.015206	5.051861	4.0	88.117079	4.8627400000000005	4.0	2.919597	3.0464580000000003	2.0	60.564411
2866.0	3.0	78.24163399999999	27.237697999999998	33.575214	22.607363	0.271889	0.13371	0.40665500000000004	0.36175799999999997	19.053818	2.0	30.648253999999998	1.8733279999999999	4.0	0.019073	1.340665	3.0	8.977827	1.115425	2.0	31.156608000000002	1.456401	2.0	72.83594699999999	10.362414	1.0	99.43727	6.758457000000001	3.0	0.018972	0.649221	3.0	47.346022999999995	0.305717	4.0	43.236834	13.857923999999999	1.0	72.372078
2996.0	3.0	20.953234	79.893916	95.83953199999999	41.040684999999996	0.9134260000000001	0.235146	0.844774	0.261712	20.949722	1.0	58.023619	12.642208	4.0	0.029776999999999998	4.698618	6.0	18.770298999999998	3.254475	4.0	55.842121999999996	2.3178799999999997	3.0	6.907315	19.234595000000002	2.0	43.986672	17.34695	3.0	0.012738	4.0679050000000005	1.0	10.676952	3.528226	6.0	21.333536	24.613229999999998	5.0	9.295217
3265.0	3.0	96.898177	86.711157	47.59725	44.887256	0.9309200000000001	0.6237159999999999	0.295887	0.17482	17.193998999999998	1.0	26.132357	18.625413	2.0	0.055614	5.928448	3.0	90.138849	4.551764	4.0	26.221224	0.913817	5.0	6.333972	17.939557999999998	3.0	24.881892	12.927256	2.0	0.045278	4.120712	3.0	98.980786	4.617639	3.0	27.236318	2.960371	1.0	7.596297
3793.0	3.0	8.897615	72.077268	85.028758	21.969547	0.47484899999999997	0.19355799999999998	0.310665	0.195461	6.479399	5.0	7.241356	12.927397000000001	5.0	0.030835	5.106637999999999	2.0	63.094529	1.539188	5.0	14.319891	12.025129	1.0	13.8226	6.668473	5.0	65.371312	9.108319999999999	2.0	0.013278	2.22178	1.0	52.166457	5.166029	5.0	20.558079	17.940985	3.0	41.818444
4034.0	3.0	33.681096999999994	67.45500799999999	29.402890000000003	63.613409999999995	0.877442	0.47685	0.728121	0.760634	3.0741419999999997	3.0	83.82305799999999	1.102555	2.0	0.010492	0.646406	6.0	71.278738	5.58711	4.0	9.528158	0.457175	5.0	69.128298	19.199443	6.0	28.763555	12.237851	1.0	0.018841999999999998	1.215042	6.0	91.299012	5.256246	5.0	9.200344	24.478192	2.0	5.425886
4215.0	3.0	39.537822	19.389054	51.332840999999995	51.404061	0.6234460000000001	0.247364	0.233673	0.970907	16.50121	6.0	28.689015	7.341238000000001	5.0	0.018736000000000003	5.878019	3.0	84.625103	2.993866	3.0	3.001267	20.602729	1.0	72.65472700000001	19.098821	4.0	83.399295	20.216095000000003	2.0	0.027337	3.307129	1.0	87.88284300000001	3.9063830000000004	6.0	66.089857	24.861507999999997	4.0	83.139736
4299.0	3.0	28.501316999999997	44.89288	5.205578	66.72944	0.488922	0.46446499999999996	0.806398	0.524853	19.922420000000002	6.0	31.496834000000003	25.57884	2.0	0.011245999999999999	3.163454	4.0	57.195646999999994	1.405255	2.0	4.85711	18.230488	3.0	4.771858	16.19657	4.0	60.081252	10.151644000000001	2.0	0.11664300000000001	0.853282	3.0	65.09270500000001	4.60251	3.0	85.03586899999999	18.47266	3.0	98.372327
4881.0	3.0	29.879803999999996	53.159634999999994	97.479888	27.327192999999998	0.7608689999999999	0.24551900000000002	0.519009	0.465584	14.196845999999999	6.0	75.12366800000001	5.443842	3.0	0.015093	2.949441	4.0	80.545084	2.982121	5.0	5.027907	19.910141	1.0	2.546782	20.672252	3.0	30.765165999999997	17.632307	1.0	0.013954	2.534139	2.0	65.257397	5.191053	5.0	11.74008	16.890555	3.0	77.332566
5060.0	3.0	13.681539	78.543498	5.7471239999999995	16.074928	0.615949	0.38767399999999996	0.85685	0.235593	6.916645	4.0	50.483292999999996	18.686448000000002	6.0	0.023746	5.862494	6.0	45.911458	3.1999009999999997	3.0	8.800139999999999	13.147751000000001	1.0	32.903335	22.362647	4.0	95.989805	19.695141	5.0	0.05305599999999999	0.527813	1.0	4.544887	4.01399	2.0	8.734147	11.294964	2.0	68.065209
5181.0	3.0	17.399637	78.934057	19.772585	86.692359	0.5815640000000001	0.598344	0.47547399999999995	0.214927	20.174696	2.0	31.912097999999997	21.816364	5.0	0.10769300000000001	0.740282	5.0	70.069379	3.438085	2.0	16.357833	2.598696	1.0	27.933474	25.417379999999998	6.0	80.559985	16.981957	2.0	0.014812	4.170248	2.0	99.587082	0.528097	5.0	81.46231	20.656746	3.0	12.02261
5386.0	3.0	67.85244499999999	85.40898100000001	15.406441000000001	33.619119	0.60846	0.21400300000000003	0.768532	0.5612550000000001	17.045314	6.0	36.77859	10.250717999999999	3.0	0.054479	1.5834030000000001	3.0	89.94997099999999	6.057194	3.0	73.801802	0.707542	1.0	46.867923	19.618542	2.0	18.396225	12.600762	3.0	0.031516	4.562768	5.0	61.610752000000005	4.372158	5.0	59.43318299999999	7.286325	6.0	89.78814399999999
5409.0	3.0	46.129771999999996	46.367296	71.70858	90.259918	0.885352	0.478034	0.596831	0.592641	18.840823999999998	4.0	97.369469	10.123334	5.0	0.077078	4.464244	5.0	98.78497800000001	2.464386	6.0	7.14262	5.148026	1.0	37.170123	3.0594040000000002	3.0	38.812098999999996	4.1295	3.0	0.47400299999999995	2.305057	2.0	39.368964	5.475785	3.0	80.93567	13.796507	5.0	15.251315
5467.0	3.0	55.89005699999999	75.919053	68.501858	84.71127299999999	0.7234189999999999	0.189495	0.819635	0.8264370000000001	2.236643	4.0	13.616535	20.726523999999998	2.0	0.031935000000000005	5.590597	4.0	73.93535899999999	2.56376	6.0	13.303513	10.057976	2.0	33.519324	20.466554000000002	4.0	46.25506	6.5037650000000005	5.0	0.12449400000000001	3.548667	4.0	70.348389	4.648324	1.0	99.218541	19.05011	6.0	15.636269
5548.0	3.0	30.593640999999998	67.580118	66.949424	64.354378	0.6056699999999999	0.443906	0.243734	0.500536	15.226807999999998	6.0	45.668893	4.14344	4.0	0.045351	1.961856	2.0	96.259346	3.098174	1.0	7.056429	17.318038	1.0	12.246195	5.7441830000000005	5.0	45.79018	3.4578860000000002	2.0	0.012267	5.844469999999999	1.0	70.43480100000001	2.683856	5.0	24.871347	12.229921000000001	1.0	47.106681
5601.0	3.0	44.128382	94.597748	92.614602	22.814759	0.62931	0.298402	0.847108	0.252807	22.003186	5.0	91.941331	5.049926	3.0	0.039147	5.189616	3.0	40.36339	3.640508	5.0	27.384487	4.683236	1.0	22.312088	18.471042999999998	4.0	17.003992	20.78715	5.0	0.019102	2.816405	5.0	52.840970999999996	4.88812	3.0	10.289374	9.660774	2.0	50.362297
5686.0	3.0	9.820366	41.420491999999996	60.678529000000005	91.018651	0.889683	0.364027	0.24835700000000002	0.715449	22.538949	4.0	54.388569999999994	23.974723	3.0	0.017287999999999998	4.475842	3.0	25.119929	5.947955	1.0	1.112487	2.630677	1.0	17.973353	8.778675	6.0	3.025534	4.549603	1.0	0.010426000000000001	5.269563	2.0	86.380071	1.056422	3.0	17.831194	19.50365	2.0	34.568566
5913.0	3.0	3.876546	96.762	92.078123	91.71543100000001	0.6898920000000001	0.402009	0.862074	0.316286	9.314976	4.0	1.031618	9.695162	2.0	0.011284	2.002105	5.0	24.841825	0.558507	6.0	10.674415	23.240734	1.0	5.778409	11.216072	3.0	89.517686	0.9475459999999999	1.0	0.036420999999999995	0.21790700000000002	6.0	31.015546999999998	2.626027	3.0	18.65541	25.091888	6.0	15.160318
5937.0	3.0	42.30505	75.833316	58.899677000000004	69.527777	0.37653000000000003	0.5782689999999999	0.973957	0.45541099999999995	2.866534	4.0	67.147242	23.854642000000002	1.0	0.016890000000000002	2.730386	2.0	69.43668000000001	4.850796	6.0	5.495649	12.598372	1.0	52.371798	8.286644	3.0	4.2281379999999995	16.389939000000002	1.0	0.024268	4.461962000000001	1.0	41.659079	2.3626970000000003	5.0	21.45378	2.0657240000000003	2.0	86.694051
6119.0	3.0	65.033164	54.030923	22.807681	31.713140000000003	0.785257	0.204233	0.8332459999999999	0.5329699999999999	8.775409	5.0	62.421691	4.630711	2.0	0.04333	5.37368	4.0	48.186234999999996	2.204326	6.0	35.38418	0.767709	2.0	76.823044	7.023882	5.0	83.804613	4.963001	1.0	0.016806	4.411053	1.0	60.188233999999994	1.1792719999999999	3.0	79.152891	23.913755	6.0	46.94149
6200.0	3.0	72.70849100000001	91.582451	44.101874	10.445780000000001	0.991899	0.27563000000000004	0.6605800000000001	0.22824899999999998	14.847091	6.0	27.224239	1.573385	5.0	0.021653	4.699623	6.0	47.619993	0.649321	1.0	23.531792000000003	10.838828	1.0	21.488933	21.796778	6.0	83.734926	11.037555000000001	2.0	0.010451	4.086735	3.0	33.866934	5.86399	4.0	89.039164	13.071216	4.0	28.149107
6382.0	3.0	17.58315	16.69493	97.919646	87.211708	0.315151	0.38116500000000003	0.455437	0.434036	20.776768	5.0	26.956769	23.090985999999997	6.0	0.069009	4.832079	1.0	12.30644	4.66067	2.0	1.031344	3.457003	2.0	23.175158	21.396559	2.0	73.59281	12.640713	3.0	0.016452	4.503007	3.0	90.809106	4.38132	2.0	6.087036	12.744663000000001	4.0	64.318691
6577.0	3.0	39.022727	43.260052	31.811163	32.678478000000005	0.833469	0.425572	0.339854	0.256824	11.236897	6.0	46.366591	10.606164	5.0	0.019383	1.459083	5.0	78.914048	5.388575	3.0	6.5268180000000005	10.376525	1.0	61.303394999999995	5.067451	6.0	55.615294999999996	19.019056	1.0	0.07509199999999999	4.057629	3.0	32.545452000000004	1.822947	6.0	34.740376	9.186114	5.0	8.202249
6747.0	3.0	10.305146	94.742001	47.04149	16.333788000000002	0.156363	0.285464	0.32263000000000003	0.33284	21.581143	4.0	3.1718740000000003	8.974464999999999	5.0	0.020259	3.4504449999999998	6.0	99.829371	2.234768	1.0	14.039698999999999	1.8045360000000001	1.0	17.663636999999998	20.319543	6.0	25.022551	11.268907	5.0	0.010315000000000001	1.753664	3.0	80.606952	1.918759	3.0	53.687268	0.451755	6.0	39.414596
7087.0	3.0	31.111533	93.582249	70.70516500000001	92.41	0.877655	0.247765	0.970467	0.246113	8.761091	1.0	60.896333	14.569192000000001	2.0	0.010297	2.6926080000000003	6.0	94.645278	4.244318	1.0	30.770019	0.7637729999999999	2.0	29.430336999999998	18.486355	6.0	70.410263	16.00395	3.0	0.040168999999999996	2.143438	2.0	74.353038	4.792123	3.0	33.219308000000005	2.016295	1.0	49.422593
7174.0	3.0	7.377382000000001	90.681372	98.308103	44.214473	0.7128369999999999	0.524016	0.20998899999999998	0.40014099999999997	7.003824000000001	1.0	7.759489	21.073239	3.0	0.066192	5.361863	5.0	44.343340999999995	4.796913	6.0	3.149321	3.821285	2.0	13.599410999999998	23.148709	4.0	22.98503	18.049567	6.0	0.012055	2.442484	5.0	34.531391	4.649763	4.0	21.324538	4.308893	3.0	27.540336
7537.0	3.0	43.967822999999996	96.06969699999999	98.83385899999999	43.819849	0.8484879999999999	0.45741000000000004	0.19601300000000002	0.984866	2.549446	3.0	92.825972	2.838782	6.0	0.037601	2.8652040000000003	5.0	75.810485	0.321354	1.0	1.3418370000000002	11.751729	5.0	3.5902279999999998	6.728224000000001	5.0	52.510711	17.377961	2.0	0.010251	4.849376	2.0	54.536025	1.791193	4.0	11.161713	9.335603	6.0	6.857474000000001
7691.0	3.0	84.556097	86.78508199999999	54.228117000000005	68.48139	0.663829	0.576479	0.797428	0.38752600000000004	18.68382	3.0	81.670234	9.13941	1.0	0.012171	5.32747	1.0	92.315106	1.814932	3.0	4.347663	21.866172	5.0	7.747053	21.429538	5.0	84.045987	19.826857999999998	3.0	0.02675	2.962047	4.0	15.17495	4.8981449999999995	6.0	86.95634799999999	2.811579	3.0	9.477404
7734.0	3.0	83.210004	52.018181	36.551905	66.28843	0.290144	0.532065	0.870708	0.41507299999999997	1.078899	3.0	69.62638000000001	12.997069999999999	3.0	0.013746000000000001	0.564793	5.0	67.328441	2.373941	1.0	6.609422	2.8136799999999997	1.0	55.984944999999996	16.785045999999998	3.0	86.364331	14.076072	3.0	0.014901	3.751178	3.0	49.375582	3.32695	2.0	26.469146000000002	2.632077	4.0	65.439415
7774.0	3.0	26.137245999999998	75.925632	50.059559	62.371136	0.846184	0.349494	0.7296090000000001	0.565759	19.231554	5.0	69.601764	14.519569	6.0	0.01548	5.008011	4.0	42.520865	6.239954	5.0	28.494703	19.143732	1.0	2.14893	21.44736	4.0	10.069582	9.315667	5.0	0.011138	5.005118	6.0	34.122582	4.101812000000001	4.0	12.655717	17.806023	3.0	14.82751
7871.0	3.0	79.658405	86.79807	43.253859999999996	98.30229	0.500858	0.198441	0.9452440000000001	0.544571	22.235957	6.0	91.805262	14.385821	1.0	0.015559	2.663599	1.0	88.246422	5.7223559999999996	6.0	53.092045	0.737025	3.0	42.003155	9.462429	2.0	73.480807	17.434635	2.0	0.047304	4.885977	2.0	78.89743399999999	4.572765	1.0	63.796985	12.165547	5.0	81.944862
8441.0	3.0	7.045739	97.507361	69.83794	42.341836	0.46669700000000003	0.440763	0.211154	0.628861	15.502481	5.0	42.31171	18.445759	4.0	0.01491	2.950446	6.0	69.272554	2.95597	2.0	13.303935000000001	0.39416599999999996	3.0	28.828017	8.099791	6.0	84.424425	22.550634	1.0	0.048234	3.411693	3.0	26.932071999999998	2.398558	6.0	35.756361	16.943409	4.0	53.381108
8483.0	3.0	10.792767999999999	49.548435999999995	5.581348	60.292857999999995	0.349242	0.353985	0.370637	0.860136	9.080074	3.0	39.520045	17.847623000000002	1.0	0.011959000000000001	3.7132050000000003	3.0	95.51339899999999	1.5652	5.0	9.195222	1.37267	6.0	20.001487	8.255386999999999	4.0	47.89484	10.832427000000001	1.0	0.015568	1.300705	4.0	91.972401	5.629688	5.0	12.693588	16.567142999999998	4.0	57.637702000000004
8500.0	3.0	32.479196	87.28604399999999	24.910188	14.767597	0.7419359999999999	0.10553299999999999	0.64513	0.91356	11.036432000000001	6.0	72.587239	12.184425	5.0	0.01091	3.6942760000000003	5.0	96.103738	4.460007	2.0	33.915085	12.782228	1.0	41.023976	3.41528	5.0	21.113125	15.011841	5.0	0.011206	4.815011	6.0	55.517598	3.4494089999999997	1.0	1.958621	4.057696	1.0	38.306424
8748.0	3.0	39.981998	89.07542099999999	64.737055	25.437662	0.825873	0.49978599999999995	0.9455879999999999	0.229506	18.554482	3.0	4.760274	3.799258	6.0	0.01548	5.8193589999999995	5.0	93.28134	1.231865	2.0	7.130475	21.536766	1.0	40.509696999999996	9.28754	5.0	8.845326	2.667712	2.0	0.029574	5.1746	6.0	48.287548	5.737258	4.0	21.904583	25.495424	1.0	39.162664
8954.0	3.0	82.938484	25.166677	59.604678	54.92779399999999	0.97231	0.207763	0.35880100000000004	0.906542	16.826091	5.0	11.040441	1.058227	2.0	0.018518	1.695025	6.0	62.948632999999994	3.4488809999999996	3.0	2.4093869999999997	20.386466	3.0	9.474374000000001	16.226004	2.0	15.198982999999998	4.42439	5.0	0.016061000000000002	2.656101	4.0	75.604546	0.407287	6.0	39.07335	11.768880000000001	5.0	82.75621600000001
8993.0	3.0	72.771412	57.928931000000006	89.91318100000001	19.552225	0.215385	0.519105	0.979509	0.383885	17.984754000000002	2.0	13.368837	23.345504000000002	2.0	0.018172999999999998	3.2230630000000002	1.0	15.676376000000001	1.781598	5.0	6.494275	16.274385000000002	4.0	31.015463	14.973378	1.0	93.772948	18.755363	3.0	0.022361000000000002	0.563053	1.0	32.481148	2.180354	5.0	87.105127	6.4428279999999996	6.0	19.541588
9171.0	3.0	12.160371000000001	34.998072	80.842784	25.716045	0.26221500000000003	0.867502	0.259279	0.47685299999999997	23.639787	5.0	27.507559000000004	12.833392	6.0	0.094763	2.0559130000000003	4.0	78.54809300000001	5.827036	5.0	1.0737430000000001	13.435251999999998	1.0	39.317264	18.813198999999997	3.0	92.62675	11.853859	5.0	0.033402999999999995	5.74407	4.0	47.18465	5.617596	2.0	59.23585	5.419872	4.0	9.664703999999999
9218.0	3.0	41.198782	71.484468	99.033109	63.504994999999994	0.736593	0.544424	0.733051	0.406136	22.945427	3.0	46.980698	9.681782	5.0	0.09775199999999999	0.40794899999999995	4.0	32.726181	0.8784299999999999	4.0	13.362668	2.672659	2.0	49.579469	8.968153	2.0	53.374165000000005	16.012862	5.0	0.061559	5.205668	5.0	79.441429	0.105426	2.0	60.48208399999999	20.683807	6.0	40.423122
9668.0	3.0	73.056618	96.91081700000001	32.736367	9.930800999999999	0.864374	0.91796	0.631486	0.24426900000000001	10.740778	6.0	70.99633399999999	6.829186	4.0	0.031188999999999998	1.9382119999999998	4.0	90.889659	0.287068	6.0	21.556542	0.4278	2.0	57.021159	4.034053	6.0	54.360965	9.714542	1.0	0.012534	5.153043	6.0	45.050833000000004	5.796422	5.0	63.322418000000006	5.005001999999999	5.0	86.000588
9855.0	3.0	52.557116	58.378634	93.556322	78.571799	0.655602	0.312433	0.6883050000000001	0.293881	1.917386	2.0	88.895101	11.783078	6.0	0.013327	3.53005	3.0	31.110442	1.4798120000000001	5.0	7.8104130000000005	3.98715	1.0	61.39688100000001	15.467058999999999	6.0	2.700686	18.70334	6.0	0.111175	4.308634	4.0	87.420237	5.369130999999999	1.0	6.527437	13.068508	3.0	49.166582
9881.0	3.0	48.183281	92.093087	97.519024	94.306737	0.47660600000000003	0.19323800000000002	0.5100140000000001	0.495413	6.294886	5.0	27.831539000000003	4.444441	6.0	0.011675	1.4995889999999998	1.0	92.554668	0.114798	5.0	4.751809	3.0180599999999997	2.0	20.490629000000002	7.623788	4.0	71.456755	2.278705	3.0	0.046314	2.589057	5.0	39.418675	0.065471	6.0	65.947195	20.273741	2.0	30.620148999999998
9895.0	3.0	17.351991	28.916648	28.632652	54.381717	0.9538459999999999	0.45206	0.870554	0.21648699999999999	19.404357	1.0	87.35894300000001	18.143121	1.0	0.010896	4.878035	3.0	83.838438	2.24589	6.0	4.480894999999999	5.321917	3.0	2.219955	4.355136	6.0	68.61368	13.999749	3.0	0.010588	1.4207459999999998	2.0	15.363923000000002	2.969166	4.0	79.764716	25.083373	1.0	7.953594
9915.0	3.0	7.792566000000001	51.275974	70.57776199999999	99.43568	0.599761	0.731372	0.217494	0.374474	23.507046	5.0	1.87077	2.37886	1.0	0.022201	2.1563830000000004	4.0	56.671031000000006	1.516584	1.0	3.851325	0.25755700000000004	3.0	21.144639	12.149944999999999	5.0	84.567684	12.399726	5.0	0.011013	1.35103	1.0	15.28803	5.557174	1.0	58.744331	20.419481	2.0	78.000436
9938.0	3.0	87.73526	99.366762	75.879789	32.205371	0.33358699999999997	0.7589060000000001	0.902985	0.17521199999999998	21.437666	5.0	23.233207	3.91885	1.0	0.13455799999999998	3.535693	4.0	96.50843	5.381232	3.0	16.733712	1.143049	4.0	7.659349000000001	18.588645	1.0	69.448676	6.489136	6.0	0.031805	4.264384	1.0	37.987349	5.0100050000000005	4.0	36.558564000000004	18.696493	2.0	21.137042
96.0	3.0	22.290706	49.534423	42.075117999999996	98.204883	0.9187930000000001	0.14333900000000002	0.420225	0.31401399999999996	10.797422000000001	2.0	96.332895	23.44718	1.0	0.012348999999999999	3.615622	3.0	29.940669	5.763386	4.0	67.563771	0.609446	1.0	88.63896	4.854080000000001	2.0	79.329458	12.122067	2.0	0.016907	0.6133689999999999	2.0	66.545651	4.253411	3.0	14.237136999999999	13.072030999999999	1.0	39.535117
214.0	3.0	17.568193	79.861278	86.228272	84.157393	0.9583969999999999	0.997034	0.779327	0.34339200000000003	21.071985	6.0	45.664615999999995	11.128835	2.0	0.031191000000000003	2.430174	5.0	77.589663	4.551174	4.0	2.834964	13.795645	1.0	37.715881	10.858754	3.0	84.832103	4.5458	1.0	0.027266000000000002	5.472663	1.0	86.091776	5.277744	2.0	55.153673	3.933797	6.0	82.50246899999999
350.0	3.0	75.29119	94.136202	38.976668	36.120349	0.697412	0.190598	0.717171	0.810304	12.643037	4.0	14.028701000000002	23.781725	4.0	0.015418000000000001	2.3784259999999997	3.0	85.56499000000001	4.1552	6.0	30.634658	13.867532	1.0	29.449917	15.246079	3.0	31.448494	22.570608	2.0	0.013508000000000001	4.695542	3.0	28.343921	1.161152	3.0	37.194981	17.759452	3.0	68.23813100000001
479.0	3.0	33.788199	93.50904	62.269043999999994	91.234049	0.570375	0.261858	0.336866	0.5650729999999999	20.903389999999998	1.0	79.995822	2.876186	5.0	0.015541	4.434792	3.0	75.65998499999999	2.119622	6.0	12.045125	2.16085	3.0	67.753374	16.899306	2.0	48.496941	18.993269	4.0	0.018627	3.362271	5.0	89.827277	4.277165	4.0	65.774066	17.595454	3.0	76.643485
536.0	3.0	40.015240000000006	70.954904	54.838094999999996	97.83537700000001	0.6722600000000001	0.334016	0.362111	0.848641	19.517703	1.0	8.195585000000001	3.895451	5.0	0.019821000000000002	0.812448	5.0	70.324752	4.6907309999999995	5.0	28.060001	0.590382	4.0	41.186799	11.238616	6.0	24.648126	10.452557	1.0	0.017299000000000002	0.873834	6.0	8.050719	1.823016	3.0	65.900545	0.439796	5.0	37.540703
553.0	3.0	49.778	43.738273	68.010389	96.740372	0.842865	0.148031	0.107805	0.537875	20.419974	6.0	54.508902	8.320372	2.0	0.016411000000000002	0.42803	2.0	48.059425	3.432896	5.0	21.038441	5.746818	1.0	17.730226000000002	16.376248999999998	6.0	70.648439	4.9950589999999995	3.0	0.016633000000000002	5.407868	1.0	12.509119	1.091679	2.0	36.761373999999996	7.236834	6.0	75.834373
621.0	3.0	24.744486	91.368205	7.431367	53.795581000000006	0.38979600000000003	0.45757600000000004	0.6061529999999999	0.730613	6.6595320000000005	6.0	50.391288	3.427108	5.0	0.019965	1.537527	5.0	73.55325400000001	2.817342	5.0	21.223164	17.274247	5.0	1.8729959999999999	14.514831	2.0	12.859656	17.707664	5.0	0.043044	3.055422	1.0	8.256387	0.328944	3.0	83.83102099999999	4.56744	5.0	42.859879
1027.0	3.0	87.744123	77.870364	70.507166	24.343525	0.866291	0.147048	0.9230389999999999	0.598304	18.073501999999998	1.0	5.068859	2.781127	5.0	0.029064	5.779779	5.0	87.154987	1.550155	3.0	73.586708	2.28683	3.0	7.107701	15.4427	3.0	25.702305	12.153315	3.0	0.037739	4.03315	6.0	39.978006	4.4832410000000005	4.0	7.793963000000001	10.904189	1.0	89.821113
1089.0	3.0	89.741715	33.63055	90.332883	33.049571	0.9834799999999999	0.47351899999999997	0.745499	0.574488	18.896914000000002	5.0	25.247842000000002	15.464215	1.0	0.012979	5.941722	4.0	99.11305300000001	3.733117	6.0	6.955685000000001	2.279691	1.0	18.75019	16.992746	4.0	71.140087	13.833264000000002	4.0	0.011103	3.5275309999999998	6.0	61.501774	1.550406	4.0	55.114245	15.338179	4.0	85.99512299999999
1507.0	3.0	74.854209	22.208841	26.444238000000002	48.617515999999995	0.193563	0.5909300000000001	0.8338200000000001	0.22037600000000002	4.498766000000001	1.0	47.083090999999996	16.269562	6.0	0.039878	5.0397940000000006	1.0	8.047708	2.247307	1.0	24.114811	14.556401000000001	6.0	3.4136559999999996	3.709307	5.0	77.137348	14.207413	1.0	0.123098	5.4870019999999995	6.0	38.335735	0.170191	6.0	73.090501	4.812311	3.0	53.022034999999995
1521.0	3.0	11.745216000000001	79.57517299999999	51.055983000000005	76.521061	0.629359	0.761312	0.15148	0.88875	9.200032	5.0	91.082799	13.596138	4.0	0.010393000000000001	4.339015	4.0	46.238433	5.133753	2.0	9.169105	1.517461	2.0	43.210612	19.007862	3.0	94.439314	17.285567	2.0	0.017584	5.381162000000001	1.0	24.296412	4.2661169999999995	1.0	4.337186	24.100085	2.0	29.507646
1745.0	3.0	8.694258	66.191753	36.915968	82.969672	0.824217	0.149706	0.37828	0.262964	13.570276000000002	5.0	92.700369	13.088972	1.0	0.070896	3.5355559999999997	3.0	32.428289	4.06617	5.0	23.453787	16.588297	5.0	3.2411380000000003	4.076626	4.0	58.632414000000004	7.551234	2.0	0.022047999999999998	5.4569589999999994	3.0	52.948159999999994	2.540604	1.0	33.658921	4.434038	5.0	17.149216
1935.0	3.0	25.230764999999998	93.15346	79.649273	34.811572999999996	0.44648999999999994	0.6981189999999999	0.377304	0.69328	17.153438	2.0	44.309776	13.808304000000001	1.0	0.035349	0.516848	6.0	3.9015160000000004	0.9501649999999999	1.0	35.278565	4.949736	3.0	8.947382000000001	20.802141	1.0	25.921166	10.450041	1.0	0.01377	3.8336040000000002	4.0	14.33642	0.552145	5.0	84.530211	14.92271	4.0	97.583837
2202.0	3.0	19.269365	61.761543	18.791238	18.355692	0.6736409999999999	0.873025	0.969609	0.625609	5.698382	2.0	68.782134	10.5063	6.0	0.013788	5.95397	4.0	98.380669	2.670076	4.0	8.818209	6.702838000000001	1.0	2.358492	0.956457	1.0	5.473546	23.849154000000002	1.0	0.010161	5.540528	6.0	44.020526000000004	4.943221	2.0	41.671802	17.430377	2.0	1.0796569999999999
2213.0	3.0	41.11175	26.719424	75.747123	80.02775	0.9493809999999999	0.136799	0.5888220000000001	0.8771959999999999	7.127516	3.0	10.717718	23.882368	3.0	0.01726	2.98201	6.0	79.375125	2.12368	4.0	2.973399	4.270192	2.0	42.38783	4.606044	3.0	97.40291500000001	21.628595	3.0	0.018919	2.873288	5.0	8.764469	2.662433	5.0	96.558205	17.888247	1.0	51.719986999999996
2323.0	3.0	9.351028	47.858563000000004	17.366239999999998	10.345563	0.6559689999999999	0.469567	0.25446399999999997	0.316475	19.945521	1.0	96.601637	24.1387	4.0	0.090825	2.875864	5.0	68.861074	5.425014	4.0	6.1472809999999996	2.2891790000000003	2.0	10.979902000000001	9.245358	6.0	69.90333299999999	12.950992	5.0	0.03394	0.749487	6.0	20.187522	3.577496	5.0	38.565676	24.614875	1.0	55.912636
2578.0	3.0	77.579573	59.84705699999999	37.551641	83.86625	0.412562	0.161012	0.903925	0.171378	5.357545	6.0	88.31669699999999	15.088133	6.0	0.023435	3.754468	5.0	37.725064	1.444918	3.0	18.051376	1.401418	5.0	23.794807000000002	6.530456	3.0	28.724001	19.986521	3.0	0.030381000000000002	1.9290150000000001	4.0	55.65547900000001	3.509144	6.0	65.204012	2.557557	6.0	12.480102
2645.0	3.0	72.58859	32.390411	31.668969	26.555415999999997	0.148419	0.838651	0.798491	0.31011	6.387519	4.0	22.028601000000002	12.076069	1.0	0.012958	0.788925	1.0	36.434251	0.393484	1.0	28.441151	14.125589999999999	1.0	38.265837	13.908456	4.0	50.735178000000005	21.250913	1.0	0.060618	2.114804	2.0	96.728914	4.133165	2.0	7.5051619999999994	6.164239	3.0	20.337467999999998
2660.0	3.0	50.97899	64.490565	31.628390999999997	30.216409000000002	0.51831	0.56243	0.268013	0.455474	20.11075	2.0	49.932297	10.910017	4.0	0.028699000000000002	3.365424	6.0	8.595119	2.209969	6.0	5.66327	3.5715	3.0	1.665573	10.455811	5.0	54.656383	16.61315	1.0	0.015206	5.051861	4.0	88.117079	4.8627400000000005	4.0	2.919597	3.0464580000000003	2.0	60.564411
2866.0	3.0	78.24163399999999	27.237697999999998	33.575214	22.607363	0.271889	0.13371	0.40665500000000004	0.36175799999999997	19.053818	2.0	30.648253999999998	1.8733279999999999	4.0	0.019073	1.340665	3.0	8.977827	1.115425	2.0	31.156608000000002	1.456401	2.0	72.83594699999999	10.362414	1.0	99.43727	6.758457000000001	3.0	0.018972	0.649221	3.0	47.346022999999995	0.305717	4.0	43.236834	13.857923999999999	1.0	72.372078
2996.0	3.0	20.953234	79.893916	95.83953199999999	41.040684999999996	0.9134260000000001	0.235146	0.844774	0.261712	20.949722	1.0	58.023619	12.642208	4.0	0.029776999999999998	4.698618	6.0	18.770298999999998	3.254475	4.0	55.842121999999996	2.3178799999999997	3.0	6.907315	19.234595000000002	2.0	43.986672	17.34695	3.0	0.012738	4.0679050000000005	1.0	10.676952	3.528226	6.0	21.333536	24.613229999999998	5.0	9.295217
3265.0	3.0	96.898177	86.711157	47.59725	44.887256	0.9309200000000001	0.6237159999999999	0.295887	0.17482	17.193998999999998	1.0	26.132357	18.625413	2.0	0.055614	5.928448	3.0	90.138849	4.551764	4.0	26.221224	0.913817	5.0	6.333972	17.939557999999998	3.0	24.881892	12.927256	2.0	0.045278	4.120712	3.0	98.980786	4.617639	3.0	27.236318	2.960371	1.0	7.596297
3793.0	3.0	8.897615	72.077268	85.028758	21.969547	0.47484899999999997	0.19355799999999998	0.310665	0.195461	6.479399	5.0	7.241356	12.927397000000001	5.0	0.030835	5.106637999999999	2.0	63.094529	1.539188	5.0	14.319891	12.025129	1.0	13.8226	6.668473	5.0	65.371312	9.108319999999999	2.0	0.013278	2.22178	1.0	52.166457	5.166029	5.0	20.558079	17.940985	3.0	41.818444
4034.0	3.0	33.681096999999994	67.45500799999999	29.402890000000003	63.613409999999995	0.877442	0.47685	0.728121	0.760634	3.0741419999999997	3.0	83.82305799999999	1.102555	2.0	0.010492	0.646406	6.0	71.278738	5.58711	4.0	9.528158	0.457175	5.0	69.128298	19.199443	6.0	28.763555	12.237851	1.0	0.018841999999999998	1.215042	6.0	91.299012	5.256246	5.0	9.200344	24.478192	2.0	5.425886
4215.0	3.0	39.537822	19.389054	51.332840999999995	51.404061	0.6234460000000001	0.247364	0.233673	0.970907	16.50121	6.0	28.689015	7.341238000000001	5.0	0.018736000000000003	5.878019	3.0	84.625103	2.993866	3.0	3.001267	20.602729	1.0	72.65472700000001	19.098821	4.0	83.399295	20.216095000000003	2.0	0.027337	3.307129	1.0	87.88284300000001	3.9063830000000004	6.0	66.089857	24.861507999999997	4.0	83.139736
4299.0	3.0	28.501316999999997	44.89288	5.205578	66.72944	0.488922	0.46446499999999996	0.806398	0.524853	19.922420000000002	6.0	31.496834000000003	25.57884	2.0	0.011245999999999999	3.163454	4.0	57.195646999999994	1.405255	2.0	4.85711	18.230488	3.0	4.771858	16.19657	4.0	60.081252	10.151644000000001	2.0	0.11664300000000001	0.853282	3.0	65.09270500000001	4.60251	3.0	85.03586899999999	18.47266	3.0	98.372327
4881.0	3.0	29.879803999999996	53.159634999999994	97.479888	27.327192999999998	0.7608689999999999	0.24551900000000002	0.519009	0.465584	14.196845999999999	6.0	75.12366800000001	5.443842	3.0	0.015093	2.949441	4.0	80.545084	2.982121	5.0	5.027907	19.910141	1.0	2.546782	20.672252	3.0	30.765165999999997	17.632307	1.0	0.013954	2.534139	2.0	65.257397	5.191053	5.0	11.74008	16.890555	3.0	77.332566
5060.0	3.0	13.681539	78.543498	5.7471239999999995	16.074928	0.615949	0.38767399999999996	0.85685	0.235593	6.916645	4.0	50.483292999999996	18.686448000000002	6.0	0.023746	5.862494	6.0	45.911458	3.1999009999999997	3.0	8.800139999999999	13.147751000000001	1.0	32.903335	22.362647	4.0	95.989805	19.695141	5.0	0.05305599999999999	0.527813	1.0	4.544887	4.01399	2.0	8.734147	11.294964	2.0	68.065209
5181.0	3.0	17.399637	78.934057	19.772585	86.692359	0.5815640000000001	0.598344	0.47547399999999995	0.214927	20.174696	2.0	31.912097999999997	21.816364	5.0	0.10769300000000001	0.740282	5.0	70.069379	3.438085	2.0	16.357833	2.598696	1.0	27.933474	25.417379999999998	6.0	80.559985	16.981957	2.0	0.014812	4.170248	2.0	99.587082	0.528097	5.0	81.46231	20.656746	3.0	12.02261
5386.0	3.0	67.85244499999999	85.40898100000001	15.406441000000001	33.619119	0.60846	0.21400300000000003	0.768532	0.5612550000000001	17.045314	6.0	36.77859	10.250717999999999	3.0	0.054479	1.5834030000000001	3.0	89.94997099999999	6.057194	3.0	73.801802	0.707542	1.0	46.867923	19.618542	2.0	18.396225	12.600762	3.0	0.031516	4.562768	5.0	61.610752000000005	4.372158	5.0	59.43318299999999	7.286325	6.0	89.78814399999999
5409.0	3.0	46.129771999999996	46.367296	71.70858	90.259918	0.885352	0.478034	0.596831	0.592641	18.840823999999998	4.0	97.369469	10.123334	5.0	0.077078	4.464244	5.0	98.78497800000001	2.464386	6.0	7.14262	5.148026	1.0	37.170123	3.0594040000000002	3.0	38.812098999999996	4.1295	3.0	0.47400299999999995	2.305057	2.0	39.368964	5.475785	3.0	80.93567	13.796507	5.0	15.251315
5467.0	3.0	55.89005699999999	75.919053	68.501858	84.71127299999999	0.7234189999999999	0.189495	0.819635	0.8264370000000001	2.236643	4.0	13.616535	20.726523999999998	2.0	0.031935000000000005	5.590597	4.0	73.93535899999999	2.56376	6.0	13.303513	10.057976	2.0	33.519324	20.466554000000002	4.0	46.25506	6.5037650000000005	5.0	0.12449400000000001	3.548667	4.0	70.348389	4.648324	1.0	99.218541	19.05011	6.0	15.636269
5548.0	3.0	30.593640999999998	67.580118	66.949424	64.354378	0.6056699999999999	0.443906	0.243734	0.500536	15.226807999999998	6.0	45.668893	4.14344	4.0	0.045351	1.961856	2.0	96.259346	3.098174	1.0	7.056429	17.318038	1.0	12.246195	5.7441830000000005	5.0	45.79018	3.4578860000000002	2.0	0.012267	5.844469999999999	1.0	70.43480100000001	2.683856	5.0	24.871347	12.229921000000001	1.0	47.106681
5601.0	3.0	44.128382	94.597748	92.614602	22.814759	0.62931	0.298402	0.847108	0.252807	22.003186	5.0	91.941331	5.049926	3.0	0.039147	5.189616	3.0	40.36339	3.640508	5.0	27.384487	4.683236	1.0	22.312088	18.471042999999998	4.0	17.003992	20.78715	5.0	0.019102	2.816405	5.0	52.840970999999996	4.88812	3.0	10.289374	9.660774	2.0	50.362297
5686.0	3.0	9.820366	41.420491999999996	60.678529000000005	91.018651	0.889683	0.364027	0.24835700000000002	0.715449	22.538949	4.0	54.388569999999994	23.974723	3.0	0.017287999999999998	4.475842	3.0	25.119929	5.947955	1.0	1.112487	2.630677	1.0	17.973353	8.778675	6.0	3.025534	4.549603	1.0	0.010426000000000001	5.269563	2.0	86.380071	1.056422	3.0	17.831194	19.50365	2.0	34.568566
5913.0	3.0	3.876546	96.762	92.078123	91.71543100000001	0.6898920000000001	0.402009	0.862074	0.316286	9.314976	4.0	1.031618	9.695162	2.0	0.011284	2.002105	5.0	24.841825	0.558507	6.0	10.674415	23.240734	1.0	5.778409	11.216072	3.0	89.517686	0.9475459999999999	1.0	0.036420999999999995	0.21790700000000002	6.0	31.015546999999998	2.626027	3.0	18.65541	25.091888	6.0	15.160318
5937.0	3.0	42.30505	75.833316	58.899677000000004	69.527777	0.37653000000000003	0.5782689999999999	0.973957	0.45541099999999995	2.866534	4.0	67.147242	23.854642000000002	1.0	0.016890000000000002	2.730386	2.0	69.43668000000001	4.850796	6.0	5.495649	12.598372	1.0	52.371798	8.286644	3.0	4.2281379999999995	16.389939000000002	1.0	0.024268	4.461962000000001	1.0	41.659079	2.3626970000000003	5.0	21.45378	2.0657240000000003	2.0	86.694051
6119.0	3.0	65.033164	54.030923	22.807681	31.713140000000003	0.785257	0.204233	0.8332459999999999	0.5329699999999999	8.775409	5.0	62.421691	4.630711	2.0	0.04333	5.37368	4.0	48.186234999999996	2.204326	6.0	35.38418	0.767709	2.0	76.823044	7.023882	5.0	83.804613	4.963001	1.0	0.016806	4.411053	1.0	60.188233999999994	1.1792719999999999	3.0	79.152891	23.913755	6.0	46.94149
6200.0	3.0	72.70849100000001	91.582451	44.101874	10.445780000000001	0.991899	0.27563000000000004	0.6605800000000001	0.22824899999999998	14.847091	6.0	27.224239	1.573385	5.0	0.021653	4.699623	6.0	47.619993	0.649321	1.0	23.531792000000003	10.838828	1.0	21.488933	21.796778	6.0	83.734926	11.037555000000001	2.0	0.010451	4.086735	3.0	33.866934	5.86399	4.0	89.039164	13.071216	4.0	28.149107
6382.0	3.0	17.58315	16.69493	97.919646	87.211708	0.315151	0.38116500000000003	0.455437	0.434036	20.776768	5.0	26.956769	23.090985999999997	6.0	0.069009	4.832079	1.0	12.30644	4.66067	2.0	1.031344	3.457003	2.0	23.175158	21.396559	2.0	73.59281	12.640713	3.0	0.016452	4.503007	3.0	90.809106	4.38132	2.0	6.087036	12.744663000000001	4.0	64.318691
6577.0	3.0	39.022727	43.260052	31.811163	32.678478000000005	0.833469	0.425572	0.339854	0.256824	11.236897	6.0	46.366591	10.606164	5.0	0.019383	1.459083	5.0	78.914048	5.388575	3.0	6.5268180000000005	10.376525	1.0	61.303394999999995	5.067451	6.0	55.615294999999996	19.019056	1.0	0.07509199999999999	4.057629	3.0	32.545452000000004	1.822947	6.0	34.740376	9.186114	5.0	8.202249
6747.0	3.0	10.305146	94.742001	47.04149	16.333788000000002	0.156363	0.285464	0.32263000000000003	0.33284	21.581143	4.0	3.1718740000000003	8.974464999999999	5.0	0.020259	3.4504449999999998	6.0	99.829371	2.234768	1.0	14.039698999999999	1.8045360000000001	1.0	17.663636999999998	20.319543	6.0	25.022551	11.268907	5.0	0.010315000000000001	1.753664	3.0	80.606952	1.918759	3.0	53.687268	0.451755	6.0	39.414596
7087.0	3.0	31.111533	93.582249	70.70516500000001	92.41	0.877655	0.247765	0.970467	0.246113	8.761091	1.0	60.896333	14.569192000000001	2.0	0.010297	2.6926080000000003	6.0	94.645278	4.244318	1.0	30.770019	0.7637729999999999	2.0	29.430336999999998	18.486355	6.0	70.410263	16.00395	3.0	0.040168999999999996	2.143438	2.0	74.353038	4.792123	3.0	33.219308000000005	2.016295	1.0	49.422593
7174.0	3.0	7.377382000000001	90.681372	98.308103	44.214473	0.7128369999999999	0.524016	0.20998899999999998	0.40014099999999997	7.003824000000001	1.0	7.759489	21.073239	3.0	0.066192	5.361863	5.0	44.343340999999995	4.796913	6.0	3.149321	3.821285	2.0	13.599410999999998	23.148709	4.0	22.98503	18.049567	6.0	0.012055	2.442484	5.0	34.531391	4.649763	4.0	21.324538	4.308893	3.0	27.540336
7537.0	3.0	43.967822999999996	96.06969699999999	98.83385899999999	43.819849	0.8484879999999999	0.45741000000000004	0.19601300000000002	0.984866	2.549446	3.0	92.825972	2.838782	6.0	0.037601	2.8652040000000003	5.0	75.810485	0.321354	1.0	1.3418370000000002	11.751729	5.0	3.5902279999999998	6.728224000000001	5.0	52.510711	17.377961	2.0	0.010251	4.849376	2.0	54.536025	1.791193	4.0	11.161713	9.335603	6.0	6.857474000000001
7691.0	3.0	84.556097	86.78508199999999	54.228117000000005	68.48139	0.663829	0.576479	0.797428	0.38752600000000004	18.68382	3.0	81.670234	9.13941	1.0	0.012171	5.32747	1.0	92.315106	1.814932	3.0	4.347663	21.866172	5.0	7.747053	21.429538	5.0	84.045987	19.826857999999998	3.0	0.02675	2.962047	4.0	15.17495	4.8981449999999995	6.0	86.95634799999999	2.811579	3.0	9.477404
7734.0	3.0	83.210004	52.018181	36.551905	66.28843	0.290144	0.532065	0.870708	0.41507299999999997	1.078899	3.0	69.62638000000001	12.997069999999999	3.0	0.013746000000000001	0.564793	5.0	67.328441	2.373941	1.0	6.609422	2.8136799999999997	1.0	55.984944999999996	16.785045999999998	3.0	86.364331	14.076072	3.0	0.014901	3.751178	3.0	49.375582	3.32695	2.0	26.469146000000002	2.632077	4.0	65.439415
7774.0	3.0	26.137245999999998	75.925632	50.059559	62.371136	0.846184	0.349494	0.7296090000000001	0.565759	19.231554	5.0	69.601764	14.519569	6.0	0.01548	5.008011	4.0	42.520865	6.239954	5.0	28.494703	19.143732	1.0	2.14893	21.44736	4.0	10.069582	9.315667	5.0	0.011138	5.005118	6.0	34.122582	4.101812000000001	4.0	12.655717	17.806023	3.0	14.82751
7871.0	3.0	79.658405	86.79807	43.253859999999996	98.30229	0.500858	0.198441	0.9452440000000001	0.544571	22.235957	6.0	91.805262	14.385821	1.0	0.015559	2.663599	1.0	88.246422	5.7223559999999996	6.0	53.092045	0.737025	3.0	42.003155	9.462429	2.0	73.480807	17.434635	2.0	0.047304	4.885977	2.0	78.89743399999999	4.572765	1.0	63.796985	12.165547	5.0	81.944862
8441.0	3.0	7.045739	97.507361	69.83794	42.341836	0.46669700000000003	0.440763	0.211154	0.628861	15.502481	5.0	42.31171	18.445759	4.0	0.01491	2.950446	6.0	69.272554	2.95597	2.0	13.303935000000001	0.39416599999999996	3.0	28.828017	8.099791	6.0	84.424425	22.550634	1.0	0.048234	3.411693	3.0	26.932071999999998	2.398558	6.0	35.756361	16.943409	4.0	53.381108
8483.0	3.0	10.792767999999999	49.548435999999995	5.581348	60.292857999999995	0.349242	0.353985	0.370637	0.860136	9.080074	3.0	39.520045	17.847623000000002	1.0	0.011959000000000001	3.7132050000000003	3.0	95.51339899999999	1.5652	5.0	9.195222	1.37267	6.0	20.001487	8.255386999999999	4.0	47.89484	10.832427000000001	1.0	0.015568	1.300705	4.0	91.972401	5.629688	5.0	12.693588	16.567142999999998	4.0	57.637702000000004
8500.0	3.0	32.479196	87.28604399999999	24.910188	14.767597	0.7419359999999999	0.10553299999999999	0.64513	0.91356	11.036432000000001	6.0	72.587239	12.184425	5.0	0.01091	3.6942760000000003	5.0	96.103738	4.460007	2.0	33.915085	12.782228	1.0	41.023976	3.41528	5.0	21.113125	15.011841	5.0	0.011206	4.815011	6.0	55.517598	3.4494089999999997	1.0	1.958621	4.057696	1.0	38.306424
8748.0	3.0	39.981998	89.07542099999999	64.737055	25.437662	0.825873	0.49978599999999995	0.9455879999999999	0.229506	18.554482	3.0	4.760274	3.799258	6.0	0.01548	5.8193589999999995	5.0	93.28134	1.231865	2.0	7.130475	21.536766	1.0	40.509696999999996	9.28754	5.0	8.845326	2.667712	2.0	0.029574	5.1746	6.0	48.287548	5.737258	4.0	21.904583	25.495424	1.0	39.162664
8954.0	3.0	82.938484	25.166677	59.604678	54.92779399999999	0.97231	0.207763	0.35880100000000004	0.906542	16.826091	5.0	11.040441	1.058227	2.0	0.018518	1.695025	6.0	62.948632999999994	3.4488809999999996	3.0	2.4093869999999997	20.386466	3.0	9.474374000000001	16.226004	2.0	15.198982999999998	4.42439	5.0	0.016061000000000002	2.656101	4.0	75.604546	0.407287	6.0	39.07335	11.768880000000001	5.0	82.75621600000001
8993.0	3.0	72.771412	57.928931000000006	89.91318100000001	19.552225	0.215385	0.519105	0.979509	0.383885	17.984754000000002	2.0	13.368837	23.345504000000002	2.0	0.018172999999999998	3.2230630000000002	1.0	15.676376000000001	1.781598	5.0	6.494275	16.274385000000002	4.0	31.015463	14.973378	1.0	93.772948	18.755363	3.0	0.022361000000000002	0.563053	1.0	32.481148	2.180354	5.0	87.105127	6.4428279999999996	6.0	19.541588
9171.0	3.0	12.160371000000001	34.998072	80.842784	25.716045	0.26221500000000003	0.867502	0.259279	0.47685299999999997	23.639787	5.0	27.507559000000004	12.833392	6.0	0.094763	2.0559130000000003	4.0	78.54809300000001	5.827036	5.0	1.0737430000000001	13.435251999999998	1.0	39.317264	18.813198999999997	3.0	92.62675	11.853859	5.0	0.033402999999999995	5.74407	4.0	47.18465	5.617596	2.0	59.23585	5.419872	4.0	9.664703999999999
9218.0	3.0	41.198782	71.484468	99.033109	63.504994999999994	0.736593	0.544424	0.733051	0.406136	22.945427	3.0	46.980698	9.681782	5.0	0.09775199999999999	0.40794899999999995	4.0	32.726181	0.8784299999999999	4.0	13.362668	2.672659	2.0	49.579469	8.968153	2.0	53.374165000000005	16.012862	5.0	0.061559	5.205668	5.0	79.441429	0.105426	2.0	60.48208399999999	20.683807	6.0	40.423122
9668.0	3.0	73.056618	96.91081700000001	32.736367	9.930800999999999	0.864374	0.91796	0.631486	0.24426900000000001	10.740778	6.0	70.99633399999999	6.829186	4.0	0.031188999999999998	1.9382119999999998	4.0	90.889659	0.287068	6.0	21.556542	0.4278	2.0	57.021159	4.034053	6.0	54.360965	9.714542	1.0	0.012534	5.153043	6.0	45.050833000000004	5.796422	5.0	63.322418000000006	5.005001999999999	5.0	86.000588
9855.0	3.0	52.557116	58.378634	93.556322	78.571799	0.655602	0.312433	0.6883050000000001	0.293881	1.917386	2.0	88.895101	11.783078	6.0	0.013327	3.53005	3.0	31.110442	1.4798120000000001	5.0	7.8104130000000005	3.98715	1.0	61.39688100000001	15.467058999999999	6.0	2.700686	18.70334	6.0	0.111175	4.308634	4.0	87.420237	5.369130999999999	1.0	6.527437	13.068508	3.0	49.166582
9881.0	3.0	48.183281	92.093087	97.519024	94.306737	0.47660600000000003	0.19323800000000002	0.5100140000000001	0.495413	6.294886	5.0	27.831539000000003	4.444441	6.0	0.011675	1.4995889999999998	1.0	92.554668	0.114798	5.0	4.751809	3.0180599999999997	2.0	20.490629000000002	7.623788	4.0	71.456755	2.278705	3.0	0.046314	2.589057	5.0	39.418675	0.065471	6.0	65.947195	20.273741	2.0	30.620148999999998
9895.0	3.0	17.351991	28.916648	28.632652	54.381717	0.9538459999999999	0.45206	0.870554	0.21648699999999999	19.404357	1.0	87.35894300000001	18.143121	1.0	0.010896	4.878035	3.0	83.838438	2.24589	6.0	4.480894999999999	5.321917	3.0	2.219955	4.355136	6.0	68.61368	13.999749	3.0	0.010588	1.4207459999999998	2.0	15.363923000000002	2.969166	4.0	79.764716	25.083373	1.0	7.953594
9915.0	3.0	7.792566000000001	51.275974	70.57776199999999	99.43568	0.599761	0.731372	0.217494	0.374474	23.507046	5.0	1.87077	2.37886	1.0	0.022201	2.1563830000000004	4.0	56.671031000000006	1.516584	1.0	3.851325	0.25755700000000004	3.0	21.144639	12.149944999999999	5.0	84.567684	12.399726	5.0	0.011013	1.35103	1.0	15.28803	5.557174	1.0	58.744331	20.419481	2.0	78.000436
9938.0	3.0	87.73526	99.366762	75.879789	32.205371	0.33358699999999997	0.7589060000000001	0.902985	0.17521199999999998	21.437666	5.0	23.233207	3.91885	1.0	0.13455799999999998	3.535693	4.0	96.50843	5.381232	3.0	16.733712	1.143049	4.0	7.659349000000001	18.588645	1.0	69.448676	6.489136	6.0	0.031805	4.264384	1.0	37.987349	5.0100050000000005	4.0	36.558564000000004	18.696493	2.0	21.137042
