2.0	2.0	93.88936700000001	91.38246600000001	9.966928	86.21417199999999	0.165695	0.711978	0.27086	0.926062	9.607914	6.0	15.204792999999999	4.113009	1.0	0.011578	0.126605	2.0	25.402843	5.965896	1.0	83.992273	25.262823	6.0	17.283757	52.96764399999999	2.0	0.017408	8.709648	1.0	17.591412	22.462607000000002	5.0	84.28365
67.0	2.0	45.095686	20.73382	65.965949	38.791371999999996	0.325968	0.47471199999999997	0.173699	0.8106760000000001	70.239122	4.0	27.094521999999998	17.369263	1.0	0.01487	3.706875	3.0	79.55867099999999	1.34305	4.0	1.284331	0.7131029999999999	4.0	87.817319	1.9921810000000002	6.0	0.013663999999999999	10.170728	5.0	63.893601000000004	9.423811	6.0	50.647617
299.0	2.0	85.9334	95.22478199999999	50.707569	53.073312	0.46138199999999996	0.16536199999999998	0.677334	0.291892	49.976863	3.0	37.185697	12.906566999999999	1.0	0.043867	0.081663	1.0	93.834721	1.086011	4.0	73.596243	14.453033999999999	5.0	22.478048	11.433409	6.0	0.080144	5.385388	6.0	19.655064000000003	6.007162999999999	6.0	77.20257099999999
338.0	2.0	51.724097	96.24594499999999	7.476821000000001	46.880664	0.60164	0.10254400000000001	0.542991	0.692404	73.307776	5.0	75.498522	11.892016	6.0	0.029560000000000003	4.104987	6.0	90.151013	3.653108	4.0	30.548877	4.667008999999999	1.0	83.327653	35.86864	6.0	0.128045	15.705526	3.0	55.542825	23.893176	6.0	67.693411
350.0	2.0	19.617691	48.840831	6.507927	66.85865600000001	0.735692	0.195771	0.41626899999999994	0.313875	61.722322	5.0	63.08175	5.9466790000000005	2.0	0.025668	4.889228	5.0	93.534853	2.313157	4.0	1.36668	13.22006	1.0	15.594368	27.526796	1.0	0.018031000000000002	7.311303	5.0	41.946184	4.273214	2.0	92.987012
494.0	2.0	49.143339000000005	29.585893	36.288126	9.748460000000001	0.70103	0.347271	0.324824	0.481047	77.2924	6.0	15.8916	13.991931	4.0	0.010795	5.854234	2.0	45.792362	2.697342	4.0	1.7400259999999999	15.737741	4.0	48.172956	59.603312	6.0	0.042391000000000005	8.030978	1.0	60.967985999999996	24.065652	2.0	90.74723900000001
759.0	2.0	15.53832	11.46274	34.591675	1.292139	0.58238	0.420932	0.29637600000000003	0.651846	13.203242000000001	2.0	95.560285	6.109938	2.0	0.013165000000000001	3.361767	6.0	45.92539	0.697327	3.0	1.263706	1.084566	4.0	60.666492000000005	22.633336	6.0	0.059505999999999996	11.687634	3.0	72.992298	8.594586999999999	3.0	90.869026
768.0	2.0	42.156397999999996	45.775226	6.906250999999999	64.748735	0.293931	0.574758	0.27115100000000003	0.49634399999999995	7.182164	2.0	22.524396	8.776676	4.0	0.077141	2.008436	1.0	62.257653000000005	2.333948	6.0	4.372293	18.448207999999997	3.0	8.356352000000001	71.83388199999999	6.0	0.015415	1.8482009999999998	4.0	64.802363	23.848329	4.0	56.371887
772.0	2.0	78.044226	78.418998	16.287684	64.760486	0.656181	0.14614000000000002	0.992823	0.199209	7.4297320000000004	3.0	94.900798	3.099469	5.0	0.064459	1.896305	2.0	13.847157999999999	0.5713689999999999	6.0	2.388318	9.220272	1.0	73.178915	20.705922	2.0	0.055916999999999994	13.150292000000002	5.0	16.135759	6.867274	6.0	65.062263
846.0	2.0	56.388367	36.610580999999996	93.696511	57.947466000000006	0.619769	0.528914	0.79413	0.340645	77.277211	5.0	75.200112	13.453916	3.0	0.284001	5.299216	3.0	54.467321	3.3661230000000004	4.0	1.02652	9.944229	4.0	63.236861	19.274966	5.0	0.011212999999999999	14.543379000000002	5.0	61.474718	2.749914	6.0	14.568682999999998
904.0	2.0	35.976796	66.248767	3.294278	87.97835699999999	0.324142	0.260011	0.42615699999999995	0.22257399999999997	18.538866	3.0	5.854147	7.169300999999999	3.0	0.01241	5.855805999999999	4.0	3.232746	1.96348	6.0	11.058011	10.471838	1.0	64.888515	23.966086999999998	4.0	0.066763	14.916414000000001	1.0	80.538893	24.574070000000003	1.0	46.501578
930.0	2.0	34.545887	93.036699	17.536434	13.352860999999999	0.868217	0.844572	0.548014	0.9607469999999999	20.035774	5.0	23.738383	15.532123	6.0	0.024828	3.8611660000000003	4.0	77.98435400000001	3.574696	5.0	2.24471	20.985254	5.0	57.569855000000004	31.236290000000004	3.0	0.013244	4.7894120000000004	5.0	98.613831	9.554833	1.0	34.085619
970.0	2.0	15.607072	78.918132	77.853239	10.881153	0.5379520000000001	0.12984300000000001	0.845269	0.42137700000000006	70.87594200000001	4.0	77.963876	3.9064370000000004	2.0	0.071284	5.279306	3.0	88.488345	5.042955	6.0	18.018854	3.9386120000000004	1.0	97.890427	33.780558	3.0	0.015054	13.553870000000002	5.0	22.287909	19.53284	6.0	69.145853
1008.0	2.0	78.40947800000001	89.09002199999999	87.029871	87.042937	0.820716	0.595246	0.6103770000000001	0.575533	16.476517	4.0	97.356429	23.685674	5.0	0.015931999999999998	4.853587999999999	1.0	4.271763	5.177169	4.0	5.457491	10.380255	2.0	91.668403	15.908513000000001	6.0	0.010811	2.198118	1.0	95.728083	12.720059	6.0	16.020861
1031.0	2.0	24.051161999999998	93.579625	49.377752	66.990963	0.406599	0.656846	0.576317	0.9983219999999999	1.533085	6.0	13.706888000000001	22.212939000000002	3.0	0.018434	4.783180000000001	1.0	29.789659000000004	6.029989	1.0	13.333297	9.527562	6.0	29.371790999999998	20.307	2.0	0.078641	17.064626999999998	1.0	52.543147	19.521989	6.0	1.219032
1328.0	2.0	53.09184499999999	98.920901	7.5543949999999995	64.73015600000001	0.971882	0.920759	0.41266800000000003	0.781234	69.040289	3.0	77.080754	18.357011	6.0	0.037312	0.669153	1.0	39.557496	5.9858150000000006	4.0	3.0158009999999997	24.841957	4.0	97.416451	32.525663	3.0	0.057099000000000004	3.430681	3.0	21.367835	9.166775	6.0	68.600911
1535.0	2.0	21.597654000000002	62.247611	83.920796	17.809569	0.876964	0.494827	0.5660069999999999	0.509763	3.4252309999999997	4.0	79.785521	20.04504	3.0	0.010559	2.3600119999999998	3.0	89.51294399999999	3.152804	1.0	9.382669	19.585713000000002	3.0	26.695345	42.459752	1.0	0.015109000000000001	15.895826999999999	3.0	99.594438	20.226012	1.0	37.986234
1566.0	2.0	49.289516	92.738576	43.843545	40.408418	0.43635	0.16514700000000002	0.35538200000000003	0.269046	52.213682	6.0	50.078718	20.061917	4.0	0.026694	6.099158	1.0	28.502791	3.948918	6.0	10.58758	24.522217	3.0	48.365199	2.751155	6.0	0.077903	1.988317	6.0	52.464791000000005	21.681816	1.0	92.363188
1568.0	2.0	69.02659799999999	69.323134	2.109408	61.58173000000001	0.722349	0.11698399999999999	0.503218	0.166399	67.328872	6.0	94.876432	13.032537	5.0	0.022116999999999998	3.3936699999999997	4.0	8.298764	4.027177	4.0	23.896781	16.722518	5.0	76.86582800000001	60.105231999999994	2.0	0.11205999999999999	11.203918	6.0	59.523194	17.720354999999998	1.0	61.118975
1632.0	2.0	54.304216000000004	77.746778	59.942103	2.8664	0.317062	0.608454	0.773722	0.187647	62.886228	1.0	87.235686	23.366486	1.0	0.017593	5.885596	4.0	63.893809	2.89593	1.0	50.802844	23.13109	6.0	92.172696	33.351721999999995	4.0	0.012718	4.488676	3.0	37.599921	20.323821	3.0	93.132692
1961.0	2.0	63.282081999999996	37.249069	92.258938	41.283202	0.15204	0.16530899999999998	0.338925	0.568385	4.913473000000001	1.0	7.043097	22.586298	3.0	0.016392	0.12038299999999999	3.0	44.564787	2.438914	3.0	83.982667	18.65554	3.0	93.27927	63.747453	3.0	0.015588999999999999	1.609129	3.0	84.772474	18.337927	1.0	93.615288
2011.0	2.0	87.842649	88.443683	37.580079	87.39100400000001	0.497544	0.5118699999999999	0.248543	0.572463	8.114276	1.0	61.20039499999999	14.011884	5.0	0.019506	2.6209830000000003	1.0	53.25484399999999	5.136566999999999	5.0	1.29967	19.301045000000002	6.0	23.026968	76.651064	6.0	0.018105	8.977565	3.0	36.834139	22.621181	3.0	31.847158
2140.0	2.0	30.164201000000002	42.061192	42.519479	97.384603	0.34368200000000004	0.335237	0.844088	0.6354270000000001	36.183167	4.0	1.614221	19.372996	3.0	0.083452	0.254423	2.0	56.162562	1.033577	5.0	48.501145	8.693336	6.0	64.060778	55.403785	5.0	0.051884000000000007	0.6575489999999999	4.0	77.755643	20.394306	2.0	36.178311
2165.0	2.0	44.551216	49.190104	31.17705	47.9695	0.20559000000000002	0.723949	0.194388	0.583123	1.400587	5.0	81.130735	15.704370999999998	1.0	0.018744999999999998	0.630364	6.0	74.349616	5.505928	1.0	17.803478	21.316599	5.0	74.46825	28.332424	5.0	0.010014	1.9952330000000003	4.0	86.545404	11.805147	6.0	42.383194
2211.0	2.0	2.242356	58.385156	7.323949000000001	52.725832	0.44898999999999994	0.629383	0.663609	0.5928800000000001	72.284741	3.0	64.728557	17.739369	5.0	0.043238	6.015681	6.0	79.928274	3.8962199999999996	1.0	2.376064	9.759669	1.0	19.246163	50.036989	5.0	0.013015	6.432131	6.0	31.723752	7.740142	1.0	19.115306
2294.0	2.0	97.572956	98.564128	46.004478000000006	60.054913	0.435907	0.127901	0.12166700000000001	0.584199	4.763419	2.0	19.930945	16.186949	3.0	0.026351	6.251233999999999	2.0	7.567449000000001	1.271325	1.0	46.056545	4.778329	5.0	5.839851	17.554515	4.0	0.014619	2.9289669999999997	5.0	80.142285	15.018417000000001	3.0	64.182852
2336.0	2.0	12.636268	95.13578299999999	66.495574	42.789664	0.11163499999999998	0.3842	0.181347	0.682075	17.022017	4.0	44.786468	21.536642999999998	3.0	0.042498	2.296761	2.0	6.904908	6.050875	4.0	16.510533	0.585603	5.0	54.710170999999995	13.446935999999999	2.0	0.013763	14.816851000000002	1.0	68.22442099999999	9.091842	6.0	77.39256999999999
2343.0	2.0	39.863168	91.126812	40.756058	32.774052000000005	0.8416530000000001	0.540828	0.664508	0.324748	21.936941	4.0	38.83778	7.289645	2.0	0.03687	1.318187	6.0	98.769379	1.447419	4.0	2.9416279999999997	15.888141000000001	2.0	22.636564	8.673722999999999	4.0	0.012594	4.165051	5.0	45.136767	1.121759	5.0	32.937602000000005
2422.0	2.0	86.226321	84.617506	64.967435	91.96342299999999	0.897998	0.40692399999999995	0.383494	0.10910399999999999	71.83440300000001	3.0	31.268922999999997	19.919773	5.0	0.052614999999999995	3.3381220000000003	5.0	88.061134	0.144688	4.0	2.9600779999999998	8.224581	3.0	48.335058000000004	7.038380999999999	2.0	0.024924	1.101833	5.0	19.079693	9.76728	4.0	77.204358
2459.0	2.0	48.916503999999996	18.17471	14.246120000000001	77.62674399999999	0.12543900000000002	0.11901600000000001	0.692843	0.280944	24.642125	1.0	70.686418	20.562366	5.0	0.295903	5.554113	2.0	80.996687	6.081048	6.0	3.854275	23.848603	4.0	67.114891	25.572247	4.0	0.013340000000000001	0.563863	2.0	53.142015	5.95943	4.0	22.023021
2486.0	2.0	6.793067	32.119063	7.536141000000001	42.837828	0.546014	0.414292	0.35935300000000003	0.8466739999999999	49.625440000000005	1.0	26.978407	21.082432999999998	3.0	0.033349000000000004	3.132213	6.0	7.355245	0.488429	4.0	2.966107	20.796554999999998	2.0	45.867096000000004	74.929909	1.0	0.011396	13.546857999999999	2.0	96.24696800000001	7.4395809999999996	4.0	19.106757
2491.0	2.0	33.247043	50.951879	24.590155	20.794614000000003	0.550603	0.969608	0.720603	0.59887	76.780164	5.0	85.503962	25.218933	6.0	0.05298099999999999	3.938326	6.0	21.864356	0.191469	3.0	1.114868	23.779974	6.0	6.269781	40.882919	3.0	0.023931	10.625457	6.0	51.076874	15.493167000000001	5.0	14.57895
2551.0	2.0	1.017732	83.686927	15.008092999999999	2.9747689999999998	0.23893499999999998	0.293571	0.117791	0.20460799999999998	64.590351	3.0	89.32214599999999	23.62261	1.0	0.010124	1.020455	1.0	99.896103	1.9791919999999998	5.0	11.803823	5.954318	6.0	21.444731	7.356024000000001	3.0	0.09701900000000001	4.262649	1.0	51.047227	21.869356	6.0	44.596432
2563.0	2.0	76.959813	95.139531	29.681896999999996	58.601028	0.9567120000000001	0.630324	0.8991110000000001	0.32595100000000005	20.962889999999998	1.0	20.625409	3.011737	6.0	0.014615000000000001	3.735585	5.0	38.545072	0.396652	5.0	2.51201	5.0558629999999996	4.0	79.816468	44.005319	6.0	0.031692000000000005	3.5006180000000002	2.0	29.914298	11.896524000000001	6.0	23.014703
2590.0	2.0	77.361692	75.557963	43.542928	40.574794	0.826815	0.6203810000000001	0.728167	0.775113	64.45885899999999	6.0	81.155687	17.147018	4.0	0.011068999999999999	2.0362259999999996	2.0	65.058677	1.152901	1.0	4.125494000000001	9.641580000000001	4.0	78.15083299999999	1.7881900000000002	1.0	0.021789	7.446524	5.0	94.152167	0.386518	1.0	74.93988900000001
2604.0	2.0	2.1412560000000003	60.348296999999995	71.46096	92.24888299999999	0.794355	0.9959319999999999	0.25713600000000003	0.750286	18.324737	4.0	45.598526	14.551749	5.0	0.074244	2.775448	1.0	1.0369979999999999	0.145438	6.0	3.0781709999999998	7.298762	3.0	77.820279	12.229242	6.0	0.014071	10.552100999999999	6.0	14.392229	2.4845610000000002	4.0	70.87996600000001
2616.0	2.0	70.206515	71.746077	77.62255400000001	7.036449	0.547451	0.889766	0.683556	0.8979809999999999	67.252689	5.0	55.470704000000005	8.917883999999999	4.0	0.013208000000000001	1.7327919999999999	4.0	16.406929	0.505207	1.0	27.062203999999998	12.862478999999999	6.0	75.015957	54.85865	6.0	0.029018000000000002	2.58703	3.0	2.7386909999999998	23.955593	5.0	74.075424
2718.0	2.0	51.358849	21.685707999999998	3.4828870000000003	72.283456	0.566557	0.385189	0.236723	0.202053	57.296896999999994	5.0	34.673968	14.935001999999999	5.0	0.017806	1.8461580000000002	6.0	34.594946	3.333254	3.0	2.3124990000000003	19.896526	1.0	18.560987	27.283028	6.0	0.015916999999999997	2.377226	2.0	99.57491999999999	12.704282000000001	1.0	93.786875
2750.0	2.0	53.27143100000001	92.329077	66.171544	30.820349	0.366927	0.262928	0.847757	0.704334	11.199032	1.0	83.037245	19.912748999999998	1.0	0.017808	5.940543	4.0	33.427915999999996	6.259156	1.0	28.155594	12.293686	5.0	34.876878999999995	44.437459000000004	5.0	0.041101	12.30781	5.0	2.727389	7.804874000000001	4.0	5.5789480000000005
2753.0	2.0	74.280437	37.46594	13.052424	15.5566	0.828392	0.442684	0.642304	0.949569	40.399228	3.0	13.60975	2.271282	4.0	0.015763	3.190764	5.0	57.86231899999999	3.704889	2.0	2.543661	3.1164419999999997	3.0	20.979633	16.097006	1.0	0.039883	8.32432	2.0	49.796338	8.119368	5.0	46.026884
2875.0	2.0	28.952292	90.127528	33.935814	11.91895	0.746087	0.440904	0.803987	0.636188	16.877969	1.0	61.808977	8.619593	5.0	0.018753	5.238836	4.0	25.267695	3.005284	2.0	6.628098	16.378724	1.0	62.06136	17.310176000000002	4.0	0.01585	11.503492	4.0	15.907201999999998	24.852098	3.0	7.726453
2887.0	2.0	58.704136	79.761893	50.130053000000004	64.09865699999999	0.431717	0.169007	0.47593500000000005	0.530558	2.2793930000000002	5.0	33.344859	13.055558999999999	5.0	0.041684	1.0925209999999999	1.0	68.398739	1.422236	1.0	31.35967	6.9227669999999994	1.0	59.410693	7.272053	5.0	0.049502	3.7107089999999996	6.0	73.458624	7.686689	3.0	89.18221
2893.0	2.0	64.064832	80.26677600000001	83.922673	92.82096999999999	0.435667	0.378434	0.6543899999999999	0.32104699999999997	62.124401	5.0	27.969733	23.753834	4.0	0.133548	0.242894	4.0	1.50715	0.643548	1.0	44.940702	13.419274	2.0	45.219817	50.696484000000005	3.0	0.027152999999999997	10.065787	4.0	10.06695	21.549716	5.0	62.283868000000005
3118.0	2.0	37.114929	47.677209999999995	47.731633	39.056478000000006	0.737326	0.262577	0.319913	0.312082	58.692461	5.0	22.577595000000002	10.387008	5.0	0.055751	3.498587	4.0	62.240854000000006	4.97511	2.0	2.591518	9.726142	2.0	85.823987	16.879573	3.0	0.07651000000000001	18.951631	6.0	93.721769	17.021798999999998	2.0	93.12279699999999
3249.0	2.0	2.733787	80.515591	83.324223	69.998464	0.495224	0.385198	0.324192	0.6568149999999999	8.396312	1.0	93.30709300000001	3.47424	1.0	0.010858	5.227901999999999	3.0	9.25558	1.645359	1.0	8.764358	16.805699	6.0	18.153067999999998	12.442845	6.0	0.013253999999999998	0.957335	5.0	68.637559	19.122579	6.0	95.895875
3321.0	2.0	48.613456	64.408597	50.474595	17.639448	0.326892	0.171218	0.425231	0.11961400000000001	52.804102	3.0	75.65769300000001	21.04489	1.0	0.546613	3.1538720000000002	1.0	40.648718	5.88954	2.0	19.755615	10.317985	1.0	23.447506	1.7924330000000002	4.0	0.014294999999999999	2.0178599999999998	1.0	22.619142999999998	17.538285000000002	3.0	24.006315
3416.0	2.0	81.26956700000001	60.929448	17.026319	56.574185	0.464552	0.104879	0.990144	0.960094	58.139054	3.0	65.842487	14.137413	5.0	0.02474	3.622644	3.0	65.34718199999999	4.595168	5.0	20.912443	18.823671	1.0	26.903096	73.673363	3.0	0.012171	15.610268	6.0	76.779972	24.872526	5.0	74.806347
3433.0	2.0	59.718695	95.18774300000001	52.934638	99.876662	0.197076	0.402235	0.504455	0.95609	1.4270100000000001	2.0	38.102131	6.830162	5.0	0.010364	0.94614	1.0	61.465720999999995	1.059393	1.0	7.608017	2.201022	4.0	6.720261	63.109080000000006	5.0	0.014937	9.390025999999999	1.0	46.698883	7.111814	1.0	96.741365
3449.0	2.0	77.982275	46.409118	86.99940500000001	38.968206	0.590266	0.748801	0.613971	0.412077	61.699549	2.0	4.278206	20.24638	6.0	0.01407	0.17783800000000002	2.0	12.557275	0.438039	1.0	24.982129999999998	22.348438	6.0	27.49077	0.9670489999999999	6.0	0.016614	0.8491620000000001	1.0	8.678369	6.5476589999999995	3.0	23.415595
3530.0	2.0	94.655348	71.183501	39.374875	72.121326	0.813052	0.158558	0.233952	0.188671	32.768421999999994	6.0	77.923395	5.663524	4.0	0.015078	4.661187	2.0	88.736463	3.42369	3.0	1.553015	17.069677	2.0	14.227695	39.841947999999995	2.0	0.013924	11.100987	2.0	15.631374	3.739906	3.0	84.904893
3624.0	2.0	61.091273	63.839501	77.74650600000001	67.210588	0.146547	0.302766	0.279023	0.192435	3.465475	5.0	18.709282	12.809582	6.0	0.018741	0.07523200000000001	4.0	22.598561	0.419001	2.0	65.128013	2.939611	3.0	99.89676700000001	36.534894	4.0	0.019619	0.541078	3.0	72.981859	3.011464	3.0	42.590307
3655.0	2.0	55.189918000000006	60.566501	40.073827	94.57334499999999	0.77549	0.969007	0.897523	0.396739	2.495204	6.0	65.129325	14.692293	3.0	0.850557	3.6274029999999997	2.0	40.105226	2.588562	1.0	69.9359	6.964065	5.0	11.837361	40.720858	4.0	0.013696999999999999	4.63146	5.0	70.890557	0.523382	5.0	26.67775
3665.0	2.0	89.348431	28.965537	19.829591	70.070045	0.627778	0.8692479999999999	0.47905200000000003	0.14441800000000002	2.0090369999999997	1.0	2.813746	17.284164999999998	6.0	0.916075	3.94467	5.0	54.675585999999996	3.774275	3.0	64.308925	17.796525	1.0	60.610475	4.08861	3.0	0.021988	3.162534	1.0	82.23631999999999	8.427357	4.0	63.45651899999999
3835.0	2.0	31.426516999999997	92.301636	11.844697	22.003161	0.630285	0.5194880000000001	0.9148299999999999	0.251814	2.9480869999999997	4.0	49.709919	24.796901000000002	1.0	0.027844	5.2660800000000005	4.0	47.722196999999994	6.127364	1.0	30.837507000000002	18.414417	2.0	21.433031	42.119605	6.0	0.020483	14.168813	3.0	34.749752	14.518733	6.0	13.083491
3850.0	2.0	68.78426	43.889824	41.631334	17.884601999999997	0.243443	0.652409	0.80383	0.245873	40.146175	4.0	25.78199	21.55799	1.0	0.09437999999999999	0.5313939999999999	1.0	13.93014	0.130911	6.0	13.344443	16.315428	4.0	32.05516	26.471102000000002	2.0	0.012189	9.738689	1.0	15.907626	11.16695	6.0	81.339493
3854.0	2.0	17.904255	92.078932	32.710084	93.101926	0.13081500000000001	0.378602	0.220428	0.519922	15.234598000000002	3.0	43.627777	6.904528999999999	5.0	0.038507	0.37196399999999996	1.0	83.285689	2.382068	1.0	32.286367999999996	15.447306	3.0	63.311783	16.358577	2.0	0.010152	3.287272	1.0	29.76875	5.4311370000000005	6.0	91.31112900000001
3871.0	2.0	81.88412	17.434393	18.326204	99.38936700000001	0.557592	0.135009	0.971231	0.44381800000000005	28.195271999999996	5.0	17.659308	5.3790949999999995	5.0	0.350462	0.5203810000000001	1.0	36.632054	0.879669	1.0	24.141865	12.426078	5.0	62.86492	12.979526	3.0	0.019816	7.593625	2.0	34.163062	2.577164	6.0	95.704086
3909.0	2.0	91.677328	75.844832	11.916758	59.359756000000004	0.25863	0.7631760000000001	0.928844	0.589098	36.205424	5.0	20.144948	19.727378	3.0	0.030695999999999998	0.947058	4.0	56.579885	2.262493	2.0	73.05739100000001	19.656163	2.0	66.145202	30.671673	3.0	0.031816000000000004	14.135079999999999	3.0	47.7864	0.862467	2.0	96.697129
4083.0	2.0	36.709343	92.495692	79.78464100000001	12.700287	0.32327100000000003	0.146049	0.486404	0.641529	68.54083100000001	3.0	73.00667	16.716503	4.0	0.025004	4.995525	6.0	68.380161	5.5513580000000005	1.0	23.246533	19.471823	5.0	60.306759	18.9266	6.0	0.190842	9.887057	4.0	49.396594	8.589416	1.0	76.082776
4181.0	2.0	90.54579	89.643615	57.237814	40.537593	0.451482	0.864942	0.840009	0.162166	75.822453	5.0	76.920869	11.325700999999999	1.0	0.016172	2.609544	4.0	68.142579	3.6471400000000003	2.0	2.4977720000000003	21.047005	2.0	2.073671	1.194982	5.0	0.025358000000000002	14.959564000000002	5.0	25.023272	10.696234	4.0	59.699130000000004
4298.0	2.0	31.365428	50.504484000000005	74.83560899999999	71.213604	0.21461100000000002	0.213863	0.641387	0.545107	6.516707	4.0	9.427518	2.478227	1.0	0.050628	2.037835	2.0	11.111701	6.129614	1.0	90.02458100000001	23.9429	2.0	80.612338	16.33987	2.0	0.026356	7.561141	1.0	99.42177099999999	9.213667	5.0	68.644506
4339.0	2.0	31.147659	78.235473	5.022647	77.651702	0.32912800000000003	0.695477	0.604799	0.564832	43.703241	6.0	34.293686	16.738255	6.0	0.024328	1.55505	5.0	1.30435	1.07664	1.0	46.744074	19.635391000000002	4.0	39.479083	25.927937	5.0	0.014962999999999999	15.489304999999998	4.0	89.115669	0.536366	6.0	63.068743000000005
4421.0	2.0	24.477704	73.217718	9.595407000000002	94.38418100000001	0.286512	0.290402	0.106148	0.18240699999999999	15.282401	2.0	74.639528	8.090369	1.0	0.142921	4.084312000000001	3.0	14.956244	0.875216	6.0	15.776449	23.116588	5.0	66.31670600000001	42.972636	4.0	0.027726999999999998	4.458069999999999	2.0	66.42364	14.871909	6.0	96.414583
4467.0	2.0	63.396127	88.297433	41.212815	91.389517	0.515339	0.25756599999999996	0.48679300000000003	0.201779	44.915132	2.0	78.487605	1.594182	3.0	0.013208000000000001	1.067581	1.0	99.816994	0.258764	3.0	3.5011919999999996	13.871991	4.0	92.20715	52.885532	3.0	0.043354000000000004	6.653736	1.0	66.57275600000001	17.107553	2.0	46.346671
4472.0	2.0	96.16029300000001	39.277875	71.548015	61.254341000000004	0.48528699999999997	0.132899	0.7267819999999999	0.29351700000000003	61.232319	5.0	1.199214	24.113079	2.0	0.019448	4.705315000000001	5.0	98.31853199999999	4.6034370000000004	1.0	33.615557	23.900634	2.0	22.205526000000003	1.22424	3.0	0.026958999999999997	18.041946	2.0	49.092492	1.6591060000000002	2.0	64.79155300000001
4493.0	2.0	70.780041	50.825949	2.8511279999999997	88.79539799999999	0.23683	0.20537399999999997	0.568607	0.918344	60.684014000000005	2.0	35.720056	3.086423	3.0	0.014506999999999999	3.643825	6.0	24.905964	6.190991	3.0	10.277111	16.555888	1.0	83.784918	74.060218	5.0	0.025719	1.747395	1.0	38.293906	24.661195000000003	3.0	95.062895
4506.0	2.0	59.54043299999999	78.74475799999999	14.487581	56.806543999999995	0.418066	0.282542	0.44275699999999996	0.7189979999999999	1.437461	1.0	62.14686700000001	18.130582999999998	5.0	0.028192000000000002	3.5699120000000004	5.0	51.016393	4.988507	6.0	15.404932999999998	1.2040819999999999	3.0	52.975365000000004	7.233663000000001	6.0	0.016433	12.430522999999999	1.0	49.425693	0.48246000000000006	6.0	50.832982
4537.0	2.0	17.052791	53.879566000000004	11.665822	26.620078000000003	0.553253	0.591168	0.44763400000000003	0.574996	3.374715	5.0	25.906343	20.316295	2.0	0.011705	5.91306	4.0	24.268798999999998	5.7581169999999995	2.0	2.124301	5.082827	2.0	53.822138	4.002530999999999	6.0	0.010828	16.565663	3.0	50.347844	6.9950149999999995	1.0	8.038986999999999
4592.0	2.0	11.453124	42.431562	19.166903	19.82478	0.534365	0.107173	0.549058	0.603982	31.652002000000003	3.0	29.430415999999997	4.885244	3.0	0.021227	4.938128	4.0	19.027707999999997	1.152865	5.0	8.704146000000001	19.469995	1.0	36.400976	4.967004	4.0	0.023500999999999998	13.150751999999999	4.0	62.164177	1.60345	6.0	32.169817
4668.0	2.0	87.233713	87.751363	33.761888	47.347704	0.772153	0.10948499999999999	0.9124700000000001	0.596407	51.801484	1.0	99.399909	3.8969089999999995	6.0	0.047072	0.075824	4.0	5.2405040000000005	0.795787	3.0	34.50932	12.49182	4.0	39.953409	31.416014	1.0	0.013581000000000001	1.8137130000000001	1.0	81.070054	20.996781	5.0	8.716776
4671.0	2.0	8.122527	16.628231	24.567332999999998	35.91422	0.127179	0.10905699999999999	0.557778	0.9981399999999999	39.238744	2.0	18.196758	20.078049	1.0	0.267416	6.249465	6.0	94.736561	0.27674499999999996	1.0	81.621667	21.960745000000003	5.0	24.684513	30.391105	5.0	0.019512	1.089028	1.0	98.728534	5.919667	2.0	46.982932
4743.0	2.0	99.94297900000001	88.903283	68.45108499999999	23.896728	0.91706	0.9240510000000001	0.547088	0.177547	61.603912	5.0	48.804603	13.319872	4.0	0.015742	0.33100300000000005	2.0	11.103732	2.84268	5.0	1.023865	19.109075	2.0	58.537878000000006	8.679408	4.0	0.042162	4.523311	2.0	40.945873999999996	17.728576	2.0	28.86255
4768.0	2.0	3.195713	91.347086	72.500883	28.910383000000003	0.971925	0.7860149999999999	0.32760100000000003	0.930364	13.144704	4.0	35.55996	22.240217	4.0	0.01348	1.6457529999999998	3.0	91.308782	1.005032	2.0	4.204756	18.002508	2.0	1.47379	6.343215	2.0	0.012111	5.800763	6.0	2.009586	21.664717	3.0	59.391636
4788.0	2.0	69.463319	45.242754	7.533589	69.67457399999999	0.157728	0.9999790000000001	0.7094560000000001	0.9936520000000001	22.021442	5.0	16.872782	3.8169589999999998	2.0	0.036442	4.488454	5.0	12.359043	0.7081270000000001	3.0	36.636362	16.258872	2.0	55.756953	50.839378	1.0	0.010787999999999999	14.986815	3.0	36.785796000000005	1.0277610000000001	4.0	5.072284
4836.0	2.0	76.07197099999999	30.902760999999998	83.244046	93.93926	0.9741110000000001	0.10804000000000001	0.450902	0.371875	48.731434	6.0	11.118245	11.061477	2.0	0.024503	6.007371	1.0	17.523887	5.854779	6.0	8.642335000000001	17.405088	5.0	94.72789499999999	5.743368	5.0	0.010959	1.676839	2.0	72.571334	11.306242999999998	4.0	47.605284000000005
4862.0	2.0	36.425137	57.694033	40.804953000000005	3.001496	0.686387	0.624005	0.5896279999999999	0.9035340000000001	8.556734	6.0	11.575336	15.72955	2.0	0.014611	6.045538	5.0	41.583463	1.678682	2.0	17.323486	7.909555999999999	1.0	73.026057	32.928169	2.0	0.022657	7.112775999999999	3.0	16.361055	21.826325	5.0	32.503871999999994
4931.0	2.0	96.67321	9.805028	1.3548930000000001	87.866589	0.623635	0.133233	0.44819499999999995	0.383616	20.293698000000003	1.0	39.974117	9.222617	2.0	0.040905000000000004	0.17486500000000002	5.0	6.651566000000001	1.691634	4.0	58.875496999999996	11.552358	6.0	5.66366	6.794372999999999	3.0	0.017741999999999997	0.690445	1.0	50.412622	7.225185000000001	5.0	29.798264
4986.0	2.0	97.913036	52.995714	92.024412	53.203215	0.793817	0.324074	0.308056	0.580769	54.859021999999996	1.0	92.501889	1.159408	1.0	0.26251199999999997	2.386584	3.0	67.267706	0.097164	2.0	56.901017	16.738366	3.0	76.11306	76.73969	6.0	0.013066	5.461772	5.0	75.80385600000001	15.514889000000002	1.0	60.970780000000005
5211.0	2.0	93.647476	67.92036999999999	28.6382	51.682893	0.5277890000000001	0.450661	0.9449120000000001	0.8858540000000001	9.249978	1.0	83.646148	0.386387	3.0	0.010168	6.161958	4.0	98.134147	5.3720349999999994	4.0	1.29649	3.552107	4.0	20.099438	42.515805	4.0	0.021013	6.263291000000001	1.0	82.784785	5.146283	4.0	67.671174
5380.0	2.0	41.366234999999996	60.17266600000001	87.04330300000001	6.208632	0.274328	0.353908	0.43804	0.459372	70.754067	4.0	53.618337	15.355395999999999	5.0	0.010841	5.617791	6.0	5.119276999999999	0.2176	5.0	76.290142	0.701846	3.0	48.582584999999995	44.813023	3.0	0.024069999999999998	4.026308	3.0	42.665357	23.407001	1.0	1.514512
5382.0	2.0	86.145788	59.362370999999996	57.68986999999999	6.57967	0.810263	0.387946	0.11355499999999999	0.8968719999999999	16.335593	1.0	11.155884	23.334506	6.0	0.014247	5.614033	5.0	71.752253	0.09210800000000001	5.0	19.171468	18.455435	3.0	71.03426800000001	54.466092	1.0	0.142719	12.436015	6.0	22.616187	9.210458000000001	4.0	59.775816000000006
5529.0	2.0	66.16869200000001	55.224077	78.906134	62.718637	0.326423	0.14593	0.508963	0.216613	22.670422	5.0	11.044346	8.813277000000001	2.0	0.250472	4.7858849999999995	5.0	4.448523000000001	3.065777	3.0	45.119735	19.43216	1.0	33.772034000000005	0.8442790000000001	2.0	0.018943	3.05437	3.0	42.978644	22.34475	1.0	92.34051
5584.0	2.0	12.847244	76.869116	2.174314	36.187396	0.498931	0.806759	0.171587	0.295089	2.0313830000000004	2.0	87.791445	20.359256	3.0	0.03345	0.193838	1.0	25.761152	1.0095399999999999	1.0	77.885683	11.592557000000001	6.0	82.726454	53.840275	3.0	0.01023	0.28089200000000003	1.0	53.0496	11.871919	4.0	4.553496
5647.0	2.0	11.624051	87.017463	48.335592999999996	1.372142	0.8597100000000001	0.328297	0.131469	0.946084	36.829324	3.0	90.294363	14.580242000000002	2.0	0.013172	2.6403	6.0	69.71700600000001	0.165911	1.0	93.36409499999999	21.815172	1.0	1.347085	60.452802	6.0	0.026286	8.097739	2.0	44.690940000000005	15.631782000000001	4.0	75.602069
5661.0	2.0	4.587324	92.68368199999999	10.007254	43.535132	0.498825	0.21674899999999997	0.8909389999999999	0.814604	36.95295	2.0	36.376506	14.440131	4.0	0.068742	5.676923	5.0	2.266068	4.305587999999999	4.0	1.779838	16.997906	2.0	11.928728999999999	10.994521	3.0	0.010545	10.902369	1.0	4.709784	4.509469	5.0	97.360977
5705.0	2.0	63.317668999999995	98.69367199999999	98.001125	47.14762	0.13363599999999998	0.604966	0.810896	0.979661	3.9628309999999995	3.0	52.99309	14.175967000000002	1.0	0.020745	1.055876	5.0	35.982895	2.525048	3.0	61.856131000000005	11.317749000000001	2.0	61.770095	51.270883000000005	3.0	0.011903	1.9714169999999998	5.0	5.008942	19.387135	6.0	76.062653
5770.0	2.0	9.28099	64.22532	9.828957	74.680114	0.576719	0.238366	0.746851	0.9648620000000001	75.959951	3.0	89.072947	11.158453	6.0	0.033692	1.423719	4.0	41.254969	0.584569	6.0	3.981405	12.386330000000001	3.0	84.095145	2.490359	5.0	0.014397	8.429182	6.0	46.210051	17.205216	3.0	89.90016
5911.0	2.0	8.693359	63.687714	37.471395	15.840879999999999	0.22010300000000002	0.21575100000000003	0.898282	0.834457	14.426453	6.0	26.357387	9.370811999999999	1.0	0.013544	3.037052	5.0	69.95708	2.032116	1.0	96.011516	7.7240649999999995	6.0	62.975396999999994	19.119792	6.0	0.013116	3.456176	5.0	45.865178	20.571397	5.0	10.785229
6060.0	2.0	25.013925	46.390691	51.301435999999995	85.888902	0.155923	0.111373	0.360325	0.563392	28.905994	1.0	49.563272999999995	15.150859	1.0	0.013280000000000002	1.600909	1.0	51.357683	0.353896	4.0	3.6126940000000003	12.811112	2.0	13.899692000000002	24.192911	1.0	0.015065	15.152068	3.0	18.270424	1.245608	6.0	95.956148
6145.0	2.0	84.287451	58.015986	91.57028000000001	84.146777	0.44419200000000003	0.346953	0.833622	0.593221	56.763932	3.0	73.619935	19.111589000000002	2.0	0.02603	5.705816	3.0	65.795441	3.735842	3.0	2.194353	5.877067	3.0	13.055953	40.885655	4.0	0.011448	15.639299	1.0	15.640717	22.714899	6.0	45.127123
6152.0	2.0	25.923596	39.094975	20.089112	10.023684	0.9066	0.629328	0.125074	0.414149	39.129498	2.0	3.455708	22.719664	4.0	0.02795	4.835998	4.0	74.840267	0.114003	3.0	30.992833	22.025904	5.0	90.99274	28.121096	6.0	0.015071000000000001	15.698275	4.0	76.642658	12.096294	3.0	10.34457
6245.0	2.0	5.109221	99.945246	18.481364000000003	58.382870999999994	0.100453	0.868081	0.6077819999999999	0.243955	40.679961	5.0	71.254601	4.719812999999999	5.0	0.042151	1.9955330000000002	2.0	49.036171	5.9090370000000005	4.0	4.507792	2.22246	4.0	55.255917000000004	9.079180000000001	5.0	0.011271999999999999	17.108603	5.0	32.964281	16.360460999999997	2.0	40.765664
6395.0	2.0	57.611187	91.26498000000001	15.717101999999999	18.199694	0.24687800000000001	0.144373	0.671524	0.922844	23.007372	5.0	9.766081	5.571809	4.0	0.10380299999999999	3.441814	4.0	14.771676999999999	1.153058	4.0	51.152006	1.6915740000000001	6.0	35.138562	39.984094	4.0	0.011233	9.384742999999999	1.0	12.71251	0.506467	6.0	81.82950600000001
6570.0	2.0	47.165945	89.385811	46.609313	96.624842	0.151397	0.293064	0.588906	0.66046	58.395979000000004	1.0	46.919701	23.179914	6.0	0.020331000000000002	2.297686	5.0	69.290052	1.9443119999999998	5.0	10.498681	22.618920000000003	4.0	77.927699	8.916526	2.0	0.014678	4.8856720000000005	5.0	45.578008000000004	7.556025999999999	5.0	46.808145
6658.0	2.0	64.05341899999999	81.331835	42.119766999999996	83.760768	0.316807	0.214052	0.6201800000000001	0.832571	76.055302	2.0	44.222915	0.29788400000000004	3.0	0.010272	1.21741	1.0	56.955914	1.193475	1.0	5.537318	23.118209	1.0	94.444689	76.759377	4.0	0.017337	2.915123	5.0	27.61213	2.010446	4.0	15.542129000000001
6732.0	2.0	60.950251	85.015647	70.374423	9.901246	0.8455440000000001	0.346488	0.19547799999999999	0.923509	4.471934	6.0	39.89275	16.621978	6.0	0.11103299999999999	1.902511	4.0	5.753592	1.633904	1.0	79.897688	2.531484	2.0	6.479080000000001	25.163503	3.0	0.015643	3.107575	6.0	4.95067	3.802353	6.0	50.336026000000004
6854.0	2.0	33.92555	52.952746999999995	9.635254	30.742969	0.838261	0.25488299999999997	0.469081	0.850927	55.799527000000005	3.0	91.971632	11.148867	4.0	0.028758	2.5703	6.0	12.614583	2.3286	5.0	8.834703999999999	24.773909	6.0	17.759899	33.54322	6.0	0.012294	12.239419	5.0	60.122730000000004	6.437036	4.0	22.032212
6910.0	2.0	47.75245	67.204887	11.100321000000001	80.41636	0.115525	0.501051	0.5841729999999999	0.292071	37.194383	6.0	5.652864	15.369760999999999	5.0	0.011126	5.948405999999999	6.0	74.345348	1.185206	3.0	2.0360869999999998	9.479316	4.0	62.937568999999996	53.638422	2.0	0.15959	5.773511	6.0	27.963416	9.289296	6.0	17.711043
7002.0	2.0	22.550135	98.115246	10.669091	65.000076	0.5722189999999999	0.438057	0.606088	0.155056	14.969717000000001	1.0	11.704459	12.133633	4.0	0.010061	5.114511	5.0	69.50056	5.7183980000000005	3.0	6.700083	21.963635999999997	2.0	78.473899	14.624143	4.0	0.187831	10.246364999999999	3.0	66.71067	17.518029000000002	1.0	15.782253
7273.0	2.0	87.334529	50.143106	9.232892999999999	30.323611	0.322282	0.427019	0.712426	0.49445100000000003	32.564969	2.0	3.5279599999999998	19.300546	1.0	0.010938	0.658072	4.0	52.502593000000005	1.951644	3.0	94.046929	18.32441	3.0	63.359864	51.824284999999996	3.0	0.018186	16.651771	6.0	12.731128	2.2330959999999997	4.0	99.853871
7339.0	2.0	20.133514	80.93395799999999	9.311672999999999	75.155066	0.578548	0.81397	0.810551	0.356087	53.982924	6.0	42.31324	15.261234	5.0	0.016475999999999998	3.754065	5.0	98.663937	2.4757740000000004	6.0	1.554977	19.526593	1.0	32.798828	71.271966	5.0	0.01486	10.244204	2.0	33.643514	6.063986	1.0	8.116505
7580.0	2.0	4.778688	97.874382	49.578356	66.079305	0.640518	0.8060970000000001	0.6316510000000001	0.91714	22.779593	1.0	67.644581	14.316739000000002	5.0	0.026806	4.36954	1.0	9.043152000000001	1.612426	5.0	1.4371129999999999	0.846508	6.0	32.119091999999995	17.637071	3.0	0.038103	4.730443	4.0	1.921607	12.460045	4.0	90.243786
7620.0	2.0	96.841515	20.930039	3.6003239999999996	84.943834	0.591866	0.162057	0.618924	0.49311099999999997	54.170775	4.0	23.113892	24.617985	1.0	0.013913	2.037904	6.0	2.21066	4.816432	1.0	23.545473	10.787149000000001	3.0	58.636722999999996	61.350278	2.0	0.037048000000000005	8.951014	1.0	23.979426	4.07262	2.0	45.339777000000005
7678.0	2.0	21.11853	78.55252	51.778604	30.092276000000002	0.155095	0.482404	0.803452	0.8854290000000001	68.047884	4.0	65.79898100000001	8.016336	4.0	0.028444999999999998	5.6161	1.0	11.16838	0.875172	5.0	4.2844809999999995	2.0159979999999997	4.0	4.583383	14.282511999999999	6.0	0.040448000000000005	14.596375	1.0	18.741279000000002	1.021997	5.0	27.968503000000002
8051.0	2.0	91.540724	77.022977	16.901401999999997	14.170193	0.179858	0.775519	0.155693	0.550998	20.806797	3.0	49.973664	21.632998999999998	5.0	0.075089	0.317328	4.0	92.229124	2.987772	4.0	89.5213	2.942572	4.0	51.098582	43.321005	5.0	0.011954000000000001	5.070332	1.0	12.592114	5.989182	1.0	13.248671
8091.0	2.0	59.158938	97.834811	29.617165999999997	18.988702	0.195471	0.271976	0.558431	0.951267	5.643028	5.0	29.106631	15.707931	2.0	0.020824000000000002	1.795595	3.0	39.792507	6.039073	2.0	89.712774	10.6275	4.0	57.070491000000004	63.868605	3.0	0.038808999999999996	0.92366	3.0	1.374399	1.432648	3.0	87.284614
8111.0	2.0	92.089676	64.28325	49.96312	20.683429999999998	0.767375	0.978143	0.5024	0.491105	1.985989	1.0	8.920312	18.348333	4.0	0.010037	3.6649	4.0	24.463632	3.7776589999999994	4.0	14.559966000000001	25.07347	6.0	30.467484999999996	13.383655	2.0	0.021562	0.572239	5.0	41.261606	19.078973	1.0	75.936879
8124.0	2.0	53.066461	53.590139	8.722509	69.816278	0.162439	0.47758999999999996	0.663081	0.670353	52.004214000000005	5.0	70.253676	2.416064	3.0	0.010008	5.787818	1.0	41.358771999999995	1.7021700000000002	3.0	1.1278190000000001	15.286625	2.0	68.030274	66.398324	1.0	0.067126	8.453895	4.0	2.993104	19.876718	5.0	33.769138
8210.0	2.0	80.21400899999999	67.747948	66.567841	22.72486	0.749305	0.45438	0.9803209999999999	0.893127	10.758873	6.0	86.334549	22.876236	2.0	0.06777999999999999	4.933491	6.0	25.378279	0.131491	1.0	41.691579	21.514709	5.0	11.558086999999999	31.710845000000003	1.0	0.011223	1.303136	5.0	1.440173	6.258816	4.0	55.368581000000006
8301.0	2.0	85.976759	98.796699	73.091832	68.90050699999999	0.125086	0.727085	0.310648	0.898956	13.89778	5.0	54.575010999999996	13.440446	2.0	0.01085	0.747474	4.0	3.7329260000000004	6.1901980000000005	6.0	3.31293	24.642727	6.0	48.201875	27.800926	4.0	0.016395	1.058192	6.0	28.526339	4.147047	1.0	44.100409
8472.0	2.0	52.535263	90.30511800000001	10.001503	6.566722	0.774047	0.707865	0.7722319999999999	0.365767	51.891206	1.0	2.4937419999999997	3.280378	1.0	0.016188	4.402639	5.0	75.134054	0.500612	2.0	35.137358	14.559248	3.0	7.333206	56.390974	6.0	0.026088	4.5704	4.0	67.811033	23.875516	3.0	17.436035999999998
8499.0	2.0	84.32083100000001	61.766174	5.491132	19.653389999999998	0.287952	0.275441	0.767143	0.697171	66.47458	6.0	20.522903	21.74731	2.0	0.015013	4.76455	4.0	44.259074	6.127092	1.0	13.941768	15.639306	4.0	17.647614	49.896383	2.0	0.022073	12.84864	1.0	28.973359999999996	15.793222	6.0	15.308507999999998
8512.0	2.0	91.428097	75.606427	40.39237	39.945056	0.40765500000000005	0.25713800000000003	0.583398	0.558077	53.060263	1.0	51.880718	21.103165	5.0	0.07161000000000001	5.001208999999999	2.0	17.745945000000003	1.022091	3.0	9.227222	19.736529	4.0	85.879069	39.718711	3.0	0.010563	0.400645	3.0	5.947566	20.579678	4.0	29.660764
8525.0	2.0	19.30249	85.377267	25.787132999999997	17.788932	0.32342600000000005	0.11003199999999999	0.6083149999999999	0.609757	30.73919	2.0	66.046421	4.959524	4.0	0.028538	2.517833	4.0	55.03363	5.4435459999999996	5.0	29.930933000000003	20.391907	6.0	13.425234	36.304927	2.0	0.010728	1.383964	5.0	88.929801	18.82456	5.0	73.888648
8623.0	2.0	17.672988	50.818498	41.092343	2.3022720000000003	0.21056100000000003	0.321627	0.805478	0.8660329999999999	55.681734	3.0	67.229387	20.624587	6.0	0.014272	3.9505470000000003	4.0	93.333832	5.451524	4.0	3.375554	11.594975999999999	5.0	5.716003	36.800917999999996	1.0	0.014752000000000001	0.606595	1.0	15.090353	14.928619	5.0	59.415326
8649.0	2.0	66.531353	97.225433	48.909106	99.893555	0.549901	0.8295620000000001	0.940369	0.319293	11.125217999999998	1.0	13.700422	17.917376	4.0	0.18185199999999999	4.012002	1.0	61.219719	0.310162	3.0	89.284446	11.138505	4.0	57.138183	3.387137	4.0	0.024447	1.302826	2.0	50.104876000000004	14.120834	5.0	25.521311999999998
8698.0	2.0	19.749670000000002	91.87387	65.060085	57.866553	0.251308	0.941952	0.5148699999999999	0.198876	2.736097	2.0	2.85127	16.491193	1.0	0.09312999999999999	0.6834359999999999	6.0	65.715594	0.07321799999999999	2.0	59.726154	22.777628	1.0	90.821039	1.4758930000000001	4.0	0.047139999999999994	1.6843700000000001	4.0	3.9357230000000003	14.845998000000002	1.0	78.158495
8774.0	2.0	64.327288	87.905587	7.5650710000000005	40.47533	0.37634	0.15428699999999998	0.233627	0.265375	11.718501	5.0	49.429210999999995	22.190455	5.0	0.011224	2.49627	4.0	18.439242	1.6883540000000001	2.0	3.2989040000000003	17.528152	6.0	7.872803	57.19735	6.0	0.037966	0.928026	6.0	44.792806	19.403593	6.0	3.3470489999999997
8946.0	2.0	1.091269	67.618581	28.506135999999998	78.739212	0.116409	0.8716209999999999	0.7719189999999999	0.605073	75.95902	5.0	32.690447999999996	15.914878	6.0	0.023778999999999998	4.650472	6.0	50.626343	6.183212	3.0	1.304051	7.404616000000001	3.0	3.470471	43.967419	5.0	0.033468	13.720376000000002	2.0	52.360712	7.7365520000000005	1.0	55.977231
9051.0	2.0	12.497288000000001	96.547505	11.645104	54.202562	0.627851	0.285583	0.601967	0.70407	46.056429	1.0	43.794678999999995	4.045766	3.0	0.013394	1.5628520000000001	4.0	91.61121999999999	5.610977	5.0	6.528616	25.071574	2.0	55.39021700000001	43.716347	3.0	0.012109	13.925235999999998	1.0	36.037257000000004	16.823767999999998	4.0	98.865339
9087.0	2.0	94.850737	83.18504300000001	19.731723000000002	54.171367000000004	0.574448	0.401049	0.186478	0.858809	58.54778100000001	1.0	20.289338	19.349023000000003	2.0	0.012044	0.915684	1.0	18.160992	6.007026000000001	1.0	16.508111	10.124827999999999	1.0	83.631164	39.412987	6.0	0.018912	1.255526	2.0	85.14935600000001	4.1611400000000005	1.0	53.190424
9092.0	2.0	23.293974	66.314192	5.963482	26.802895	0.504762	0.121102	0.807663	0.957041	33.363878	5.0	35.919288	20.665832	2.0	0.012994	5.962632	2.0	76.844494	1.577879	4.0	20.524302	1.5194379999999998	2.0	63.385799	58.219795999999995	2.0	0.017232	5.399916999999999	1.0	89.967873	17.598418	2.0	80.13855600000001
9094.0	2.0	10.693369	92.938886	57.365807	97.248189	0.739088	0.142549	0.394391	0.803705	42.333019	3.0	54.84341	16.910804000000002	4.0	0.011116	4.025894999999999	5.0	53.91180500000001	3.559603	4.0	6.132411	20.344862	6.0	94.827152	15.702653	6.0	0.029929	18.652517	4.0	66.008317	7.477869	2.0	27.493914
9447.0	2.0	97.771206	87.190096	57.236793000000006	31.424495	0.350154	0.467893	0.180168	0.409183	57.847156000000005	6.0	8.850594000000001	19.870492000000002	3.0	0.15704100000000001	4.5005690000000005	6.0	3.407092	1.358481	5.0	37.309211	12.589068	6.0	32.560055	15.558805	5.0	0.024369	3.6664510000000003	2.0	85.732519	16.560677	2.0	21.732791
9461.0	2.0	99.100678	39.079423999999996	2.653413	29.403462	0.45342200000000005	0.1662	0.770247	0.269061	11.116833	4.0	9.81714	14.374356	5.0	0.047671	4.210603	6.0	53.288126	1.463152	5.0	32.55295	10.779077000000001	3.0	90.85242	40.592432	1.0	0.013393	15.958368	1.0	43.828416	1.313977	4.0	84.681976
9525.0	2.0	60.258039000000004	82.912515	2.0846459999999998	86.059961	0.574543	0.478343	0.571372	0.389975	46.397977000000004	3.0	4.467235	19.953695	1.0	0.23378400000000002	0.798978	2.0	26.307652	4.102625	2.0	72.605303	5.643801	3.0	73.776274	45.185338	2.0	0.11576099999999999	9.734702	1.0	2.859948	19.525957000000002	3.0	86.825253
9559.0	2.0	75.25725	66.256361	93.47784	56.256437	0.30146799999999996	0.122143	0.9019790000000001	0.63503	34.963495	5.0	30.020258000000002	14.273122	1.0	0.010006000000000001	4.67442	1.0	64.05688599999999	2.498288	6.0	8.803644	2.209628	2.0	96.15948399999999	63.374638	2.0	0.017230000000000002	2.155666	4.0	91.888687	20.619992	6.0	48.711166
9624.0	2.0	37.912476	35.205128	43.154348	87.71706	0.612981	0.116453	0.8525520000000001	0.540482	55.055578000000004	1.0	63.079581000000005	18.766085	2.0	0.014669	5.607815	1.0	9.548416	0.40734499999999996	6.0	2.299921	4.078129	4.0	43.095219	59.573312	2.0	0.113423	12.903626	3.0	29.326649	15.254616	5.0	95.70962
9770.0	2.0	26.925326000000002	34.355016	11.641608999999999	33.632851	0.772917	0.552613	0.9679639999999999	0.825225	76.51100100000001	5.0	1.9324080000000001	24.790641	4.0	0.018936	6.246414	5.0	74.12466500000001	4.264158999999999	6.0	2.593862	22.552906	6.0	95.711547	12.037732	2.0	0.01329	9.663551	4.0	92.833211	6.191572	1.0	84.126825
9810.0	2.0	2.579561	76.545895	63.774933	19.165026	0.9111969999999999	0.144846	0.873817	0.269967	70.76673199999999	5.0	51.636173	24.988917	4.0	0.178507	3.3671029999999997	3.0	45.305048	1.148285	4.0	17.588209	1.9703099999999998	6.0	12.193571	7.294645	3.0	0.01699	1.191322	2.0	90.671425	6.635453999999999	3.0	33.945475
9851.0	2.0	35.378397	70.843524	63.174155000000006	17.553626	0.595657	0.25917199999999996	0.876308	0.168493	17.006016	3.0	3.259988	6.717221	4.0	0.442542	3.361648	1.0	41.140212	4.531541000000001	2.0	88.07902299999999	12.131594	3.0	12.31724	29.028838	1.0	0.039205000000000004	2.977836	5.0	13.57125	19.758317	1.0	85.218855
9887.0	2.0	49.819466	98.70274599999999	97.185418	88.409469	0.726414	0.600615	0.936466	0.4606	27.213257000000002	5.0	23.850313	24.178835999999997	1.0	0.025224	1.315626	5.0	1.820502	5.049034	4.0	6.160141	9.801344	1.0	27.271762	36.320808	5.0	0.015983	1.633945	6.0	28.904121000000004	0.632729	6.0	99.90431
9902.0	2.0	35.598777	46.754521999999994	37.420511	91.243298	0.55113	0.317325	0.553189	0.733133	26.6073	2.0	68.91480899999999	24.407092000000002	2.0	0.015392	2.4115	4.0	18.12275	0.495559	1.0	27.916875	25.109472	6.0	64.143905	5.666327	6.0	0.020916999999999998	0.9443889999999999	1.0	4.705064	10.133927	6.0	1.266926
9912.0	2.0	69.853595	88.690874	33.161037	12.976141	0.50551	0.5144529999999999	0.268228	0.43605299999999997	45.654384	2.0	2.430234	8.185226	2.0	0.29330900000000004	1.519954	5.0	26.772040000000004	1.162283	4.0	93.537328	4.265825	5.0	98.825239	44.377695	2.0	0.016416999999999998	11.184492	1.0	57.932027000000005	6.806544000000001	6.0	19.723226
2.0	2.0	93.88936700000001	91.38246600000001	9.966928	86.21417199999999	0.165695	0.711978	0.27086	0.926062	9.607914	6.0	15.204792999999999	4.113009	1.0	0.011578	0.126605	2.0	25.402843	5.965896	1.0	83.992273	25.262823	6.0	17.283757	52.96764399999999	2.0	0.017408	8.709648	1.0	17.591412	22.462607000000002	5.0	84.28365
67.0	2.0	45.095686	20.73382	65.965949	38.791371999999996	0.325968	0.47471199999999997	0.173699	0.8106760000000001	70.239122	4.0	27.094521999999998	17.369263	1.0	0.01487	3.706875	3.0	79.55867099999999	1.34305	4.0	1.284331	0.7131029999999999	4.0	87.817319	1.9921810000000002	6.0	0.013663999999999999	10.170728	5.0	63.893601000000004	9.423811	6.0	50.647617
299.0	2.0	85.9334	95.22478199999999	50.707569	53.073312	0.46138199999999996	0.16536199999999998	0.677334	0.291892	49.976863	3.0	37.185697	12.906566999999999	1.0	0.043867	0.081663	1.0	93.834721	1.086011	4.0	73.596243	14.453033999999999	5.0	22.478048	11.433409	6.0	0.080144	5.385388	6.0	19.655064000000003	6.007162999999999	6.0	77.20257099999999
338.0	2.0	51.724097	96.24594499999999	7.476821000000001	46.880664	0.60164	0.10254400000000001	0.542991	0.692404	73.307776	5.0	75.498522	11.892016	6.0	0.029560000000000003	4.104987	6.0	90.151013	3.653108	4.0	30.548877	4.667008999999999	1.0	83.327653	35.86864	6.0	0.128045	15.705526	3.0	55.542825	23.893176	6.0	67.693411
350.0	2.0	19.617691	48.840831	6.507927	66.85865600000001	0.735692	0.195771	0.41626899999999994	0.313875	61.722322	5.0	63.08175	5.9466790000000005	2.0	0.025668	4.889228	5.0	93.534853	2.313157	4.0	1.36668	13.22006	1.0	15.594368	27.526796	1.0	0.018031000000000002	7.311303	5.0	41.946184	4.273214	2.0	92.987012
494.0	2.0	49.143339000000005	29.585893	36.288126	9.748460000000001	0.70103	0.347271	0.324824	0.481047	77.2924	6.0	15.8916	13.991931	4.0	0.010795	5.854234	2.0	45.792362	2.697342	4.0	1.7400259999999999	15.737741	4.0	48.172956	59.603312	6.0	0.042391000000000005	8.030978	1.0	60.967985999999996	24.065652	2.0	90.74723900000001
759.0	2.0	15.53832	11.46274	34.591675	1.292139	0.58238	0.420932	0.29637600000000003	0.651846	13.203242000000001	2.0	95.560285	6.109938	2.0	0.013165000000000001	3.361767	6.0	45.92539	0.697327	3.0	1.263706	1.084566	4.0	60.666492000000005	22.633336	6.0	0.059505999999999996	11.687634	3.0	72.992298	8.594586999999999	3.0	90.869026
768.0	2.0	42.156397999999996	45.775226	6.906250999999999	64.748735	0.293931	0.574758	0.27115100000000003	0.49634399999999995	7.182164	2.0	22.524396	8.776676	4.0	0.077141	2.008436	1.0	62.257653000000005	2.333948	6.0	4.372293	18.448207999999997	3.0	8.356352000000001	71.83388199999999	6.0	0.015415	1.8482009999999998	4.0	64.802363	23.848329	4.0	56.371887
772.0	2.0	78.044226	78.418998	16.287684	64.760486	0.656181	0.14614000000000002	0.992823	0.199209	7.4297320000000004	3.0	94.900798	3.099469	5.0	0.064459	1.896305	2.0	13.847157999999999	0.5713689999999999	6.0	2.388318	9.220272	1.0	73.178915	20.705922	2.0	0.055916999999999994	13.150292000000002	5.0	16.135759	6.867274	6.0	65.062263
846.0	2.0	56.388367	36.610580999999996	93.696511	57.947466000000006	0.619769	0.528914	0.79413	0.340645	77.277211	5.0	75.200112	13.453916	3.0	0.284001	5.299216	3.0	54.467321	3.3661230000000004	4.0	1.02652	9.944229	4.0	63.236861	19.274966	5.0	0.011212999999999999	14.543379000000002	5.0	61.474718	2.749914	6.0	14.568682999999998
904.0	2.0	35.976796	66.248767	3.294278	87.97835699999999	0.324142	0.260011	0.42615699999999995	0.22257399999999997	18.538866	3.0	5.854147	7.169300999999999	3.0	0.01241	5.855805999999999	4.0	3.232746	1.96348	6.0	11.058011	10.471838	1.0	64.888515	23.966086999999998	4.0	0.066763	14.916414000000001	1.0	80.538893	24.574070000000003	1.0	46.501578
930.0	2.0	34.545887	93.036699	17.536434	13.352860999999999	0.868217	0.844572	0.548014	0.9607469999999999	20.035774	5.0	23.738383	15.532123	6.0	0.024828	3.8611660000000003	4.0	77.98435400000001	3.574696	5.0	2.24471	20.985254	5.0	57.569855000000004	31.236290000000004	3.0	0.013244	4.7894120000000004	5.0	98.613831	9.554833	1.0	34.085619
970.0	2.0	15.607072	78.918132	77.853239	10.881153	0.5379520000000001	0.12984300000000001	0.845269	0.42137700000000006	70.87594200000001	4.0	77.963876	3.9064370000000004	2.0	0.071284	5.279306	3.0	88.488345	5.042955	6.0	18.018854	3.9386120000000004	1.0	97.890427	33.780558	3.0	0.015054	13.553870000000002	5.0	22.287909	19.53284	6.0	69.145853
1008.0	2.0	78.40947800000001	89.09002199999999	87.029871	87.042937	0.820716	0.595246	0.6103770000000001	0.575533	16.476517	4.0	97.356429	23.685674	5.0	0.015931999999999998	4.853587999999999	1.0	4.271763	5.177169	4.0	5.457491	10.380255	2.0	91.668403	15.908513000000001	6.0	0.010811	2.198118	1.0	95.728083	12.720059	6.0	16.020861
1031.0	2.0	24.051161999999998	93.579625	49.377752	66.990963	0.406599	0.656846	0.576317	0.9983219999999999	1.533085	6.0	13.706888000000001	22.212939000000002	3.0	0.018434	4.783180000000001	1.0	29.789659000000004	6.029989	1.0	13.333297	9.527562	6.0	29.371790999999998	20.307	2.0	0.078641	17.064626999999998	1.0	52.543147	19.521989	6.0	1.219032
1328.0	2.0	53.09184499999999	98.920901	7.5543949999999995	64.73015600000001	0.971882	0.920759	0.41266800000000003	0.781234	69.040289	3.0	77.080754	18.357011	6.0	0.037312	0.669153	1.0	39.557496	5.9858150000000006	4.0	3.0158009999999997	24.841957	4.0	97.416451	32.525663	3.0	0.057099000000000004	3.430681	3.0	21.367835	9.166775	6.0	68.600911
1535.0	2.0	21.597654000000002	62.247611	83.920796	17.809569	0.876964	0.494827	0.5660069999999999	0.509763	3.4252309999999997	4.0	79.785521	20.04504	3.0	0.010559	2.3600119999999998	3.0	89.51294399999999	3.152804	1.0	9.382669	19.585713000000002	3.0	26.695345	42.459752	1.0	0.015109000000000001	15.895826999999999	3.0	99.594438	20.226012	1.0	37.986234
1566.0	2.0	49.289516	92.738576	43.843545	40.408418	0.43635	0.16514700000000002	0.35538200000000003	0.269046	52.213682	6.0	50.078718	20.061917	4.0	0.026694	6.099158	1.0	28.502791	3.948918	6.0	10.58758	24.522217	3.0	48.365199	2.751155	6.0	0.077903	1.988317	6.0	52.464791000000005	21.681816	1.0	92.363188
1568.0	2.0	69.02659799999999	69.323134	2.109408	61.58173000000001	0.722349	0.11698399999999999	0.503218	0.166399	67.328872	6.0	94.876432	13.032537	5.0	0.022116999999999998	3.3936699999999997	4.0	8.298764	4.027177	4.0	23.896781	16.722518	5.0	76.86582800000001	60.105231999999994	2.0	0.11205999999999999	11.203918	6.0	59.523194	17.720354999999998	1.0	61.118975
1632.0	2.0	54.304216000000004	77.746778	59.942103	2.8664	0.317062	0.608454	0.773722	0.187647	62.886228	1.0	87.235686	23.366486	1.0	0.017593	5.885596	4.0	63.893809	2.89593	1.0	50.802844	23.13109	6.0	92.172696	33.351721999999995	4.0	0.012718	4.488676	3.0	37.599921	20.323821	3.0	93.132692
1961.0	2.0	63.282081999999996	37.249069	92.258938	41.283202	0.15204	0.16530899999999998	0.338925	0.568385	4.913473000000001	1.0	7.043097	22.586298	3.0	0.016392	0.12038299999999999	3.0	44.564787	2.438914	3.0	83.982667	18.65554	3.0	93.27927	63.747453	3.0	0.015588999999999999	1.609129	3.0	84.772474	18.337927	1.0	93.615288
2011.0	2.0	87.842649	88.443683	37.580079	87.39100400000001	0.497544	0.5118699999999999	0.248543	0.572463	8.114276	1.0	61.20039499999999	14.011884	5.0	0.019506	2.6209830000000003	1.0	53.25484399999999	5.136566999999999	5.0	1.29967	19.301045000000002	6.0	23.026968	76.651064	6.0	0.018105	8.977565	3.0	36.834139	22.621181	3.0	31.847158
2140.0	2.0	30.164201000000002	42.061192	42.519479	97.384603	0.34368200000000004	0.335237	0.844088	0.6354270000000001	36.183167	4.0	1.614221	19.372996	3.0	0.083452	0.254423	2.0	56.162562	1.033577	5.0	48.501145	8.693336	6.0	64.060778	55.403785	5.0	0.051884000000000007	0.6575489999999999	4.0	77.755643	20.394306	2.0	36.178311
2165.0	2.0	44.551216	49.190104	31.17705	47.9695	0.20559000000000002	0.723949	0.194388	0.583123	1.400587	5.0	81.130735	15.704370999999998	1.0	0.018744999999999998	0.630364	6.0	74.349616	5.505928	1.0	17.803478	21.316599	5.0	74.46825	28.332424	5.0	0.010014	1.9952330000000003	4.0	86.545404	11.805147	6.0	42.383194
2211.0	2.0	2.242356	58.385156	7.323949000000001	52.725832	0.44898999999999994	0.629383	0.663609	0.5928800000000001	72.284741	3.0	64.728557	17.739369	5.0	0.043238	6.015681	6.0	79.928274	3.8962199999999996	1.0	2.376064	9.759669	1.0	19.246163	50.036989	5.0	0.013015	6.432131	6.0	31.723752	7.740142	1.0	19.115306
2294.0	2.0	97.572956	98.564128	46.004478000000006	60.054913	0.435907	0.127901	0.12166700000000001	0.584199	4.763419	2.0	19.930945	16.186949	3.0	0.026351	6.251233999999999	2.0	7.567449000000001	1.271325	1.0	46.056545	4.778329	5.0	5.839851	17.554515	4.0	0.014619	2.9289669999999997	5.0	80.142285	15.018417000000001	3.0	64.182852
2336.0	2.0	12.636268	95.13578299999999	66.495574	42.789664	0.11163499999999998	0.3842	0.181347	0.682075	17.022017	4.0	44.786468	21.536642999999998	3.0	0.042498	2.296761	2.0	6.904908	6.050875	4.0	16.510533	0.585603	5.0	54.710170999999995	13.446935999999999	2.0	0.013763	14.816851000000002	1.0	68.22442099999999	9.091842	6.0	77.39256999999999
2343.0	2.0	39.863168	91.126812	40.756058	32.774052000000005	0.8416530000000001	0.540828	0.664508	0.324748	21.936941	4.0	38.83778	7.289645	2.0	0.03687	1.318187	6.0	98.769379	1.447419	4.0	2.9416279999999997	15.888141000000001	2.0	22.636564	8.673722999999999	4.0	0.012594	4.165051	5.0	45.136767	1.121759	5.0	32.937602000000005
2422.0	2.0	86.226321	84.617506	64.967435	91.96342299999999	0.897998	0.40692399999999995	0.383494	0.10910399999999999	71.83440300000001	3.0	31.268922999999997	19.919773	5.0	0.052614999999999995	3.3381220000000003	5.0	88.061134	0.144688	4.0	2.9600779999999998	8.224581	3.0	48.335058000000004	7.038380999999999	2.0	0.024924	1.101833	5.0	19.079693	9.76728	4.0	77.204358
2459.0	2.0	48.916503999999996	18.17471	14.246120000000001	77.62674399999999	0.12543900000000002	0.11901600000000001	0.692843	0.280944	24.642125	1.0	70.686418	20.562366	5.0	0.295903	5.554113	2.0	80.996687	6.081048	6.0	3.854275	23.848603	4.0	67.114891	25.572247	4.0	0.013340000000000001	0.563863	2.0	53.142015	5.95943	4.0	22.023021
2486.0	2.0	6.793067	32.119063	7.536141000000001	42.837828	0.546014	0.414292	0.35935300000000003	0.8466739999999999	49.625440000000005	1.0	26.978407	21.082432999999998	3.0	0.033349000000000004	3.132213	6.0	7.355245	0.488429	4.0	2.966107	20.796554999999998	2.0	45.867096000000004	74.929909	1.0	0.011396	13.546857999999999	2.0	96.24696800000001	7.4395809999999996	4.0	19.106757
2491.0	2.0	33.247043	50.951879	24.590155	20.794614000000003	0.550603	0.969608	0.720603	0.59887	76.780164	5.0	85.503962	25.218933	6.0	0.05298099999999999	3.938326	6.0	21.864356	0.191469	3.0	1.114868	23.779974	6.0	6.269781	40.882919	3.0	0.023931	10.625457	6.0	51.076874	15.493167000000001	5.0	14.57895
2551.0	2.0	1.017732	83.686927	15.008092999999999	2.9747689999999998	0.23893499999999998	0.293571	0.117791	0.20460799999999998	64.590351	3.0	89.32214599999999	23.62261	1.0	0.010124	1.020455	1.0	99.896103	1.9791919999999998	5.0	11.803823	5.954318	6.0	21.444731	7.356024000000001	3.0	0.09701900000000001	4.262649	1.0	51.047227	21.869356	6.0	44.596432
2563.0	2.0	76.959813	95.139531	29.681896999999996	58.601028	0.9567120000000001	0.630324	0.8991110000000001	0.32595100000000005	20.962889999999998	1.0	20.625409	3.011737	6.0	0.014615000000000001	3.735585	5.0	38.545072	0.396652	5.0	2.51201	5.0558629999999996	4.0	79.816468	44.005319	6.0	0.031692000000000005	3.5006180000000002	2.0	29.914298	11.896524000000001	6.0	23.014703
2590.0	2.0	77.361692	75.557963	43.542928	40.574794	0.826815	0.6203810000000001	0.728167	0.775113	64.45885899999999	6.0	81.155687	17.147018	4.0	0.011068999999999999	2.0362259999999996	2.0	65.058677	1.152901	1.0	4.125494000000001	9.641580000000001	4.0	78.15083299999999	1.7881900000000002	1.0	0.021789	7.446524	5.0	94.152167	0.386518	1.0	74.93988900000001
2604.0	2.0	2.1412560000000003	60.348296999999995	71.46096	92.24888299999999	0.794355	0.9959319999999999	0.25713600000000003	0.750286	18.324737	4.0	45.598526	14.551749	5.0	0.074244	2.775448	1.0	1.0369979999999999	0.145438	6.0	3.0781709999999998	7.298762	3.0	77.820279	12.229242	6.0	0.014071	10.552100999999999	6.0	14.392229	2.4845610000000002	4.0	70.87996600000001
2616.0	2.0	70.206515	71.746077	77.62255400000001	7.036449	0.547451	0.889766	0.683556	0.8979809999999999	67.252689	5.0	55.470704000000005	8.917883999999999	4.0	0.013208000000000001	1.7327919999999999	4.0	16.406929	0.505207	1.0	27.062203999999998	12.862478999999999	6.0	75.015957	54.85865	6.0	0.029018000000000002	2.58703	3.0	2.7386909999999998	23.955593	5.0	74.075424
2718.0	2.0	51.358849	21.685707999999998	3.4828870000000003	72.283456	0.566557	0.385189	0.236723	0.202053	57.296896999999994	5.0	34.673968	14.935001999999999	5.0	0.017806	1.8461580000000002	6.0	34.594946	3.333254	3.0	2.3124990000000003	19.896526	1.0	18.560987	27.283028	6.0	0.015916999999999997	2.377226	2.0	99.57491999999999	12.704282000000001	1.0	93.786875
2750.0	2.0	53.27143100000001	92.329077	66.171544	30.820349	0.366927	0.262928	0.847757	0.704334	11.199032	1.0	83.037245	19.912748999999998	1.0	0.017808	5.940543	4.0	33.427915999999996	6.259156	1.0	28.155594	12.293686	5.0	34.876878999999995	44.437459000000004	5.0	0.041101	12.30781	5.0	2.727389	7.804874000000001	4.0	5.5789480000000005
2753.0	2.0	74.280437	37.46594	13.052424	15.5566	0.828392	0.442684	0.642304	0.949569	40.399228	3.0	13.60975	2.271282	4.0	0.015763	3.190764	5.0	57.86231899999999	3.704889	2.0	2.543661	3.1164419999999997	3.0	20.979633	16.097006	1.0	0.039883	8.32432	2.0	49.796338	8.119368	5.0	46.026884
2875.0	2.0	28.952292	90.127528	33.935814	11.91895	0.746087	0.440904	0.803987	0.636188	16.877969	1.0	61.808977	8.619593	5.0	0.018753	5.238836	4.0	25.267695	3.005284	2.0	6.628098	16.378724	1.0	62.06136	17.310176000000002	4.0	0.01585	11.503492	4.0	15.907201999999998	24.852098	3.0	7.726453
2887.0	2.0	58.704136	79.761893	50.130053000000004	64.09865699999999	0.431717	0.169007	0.47593500000000005	0.530558	2.2793930000000002	5.0	33.344859	13.055558999999999	5.0	0.041684	1.0925209999999999	1.0	68.398739	1.422236	1.0	31.35967	6.9227669999999994	1.0	59.410693	7.272053	5.0	0.049502	3.7107089999999996	6.0	73.458624	7.686689	3.0	89.18221
2893.0	2.0	64.064832	80.26677600000001	83.922673	92.82096999999999	0.435667	0.378434	0.6543899999999999	0.32104699999999997	62.124401	5.0	27.969733	23.753834	4.0	0.133548	0.242894	4.0	1.50715	0.643548	1.0	44.940702	13.419274	2.0	45.219817	50.696484000000005	3.0	0.027152999999999997	10.065787	4.0	10.06695	21.549716	5.0	62.283868000000005
3118.0	2.0	37.114929	47.677209999999995	47.731633	39.056478000000006	0.737326	0.262577	0.319913	0.312082	58.692461	5.0	22.577595000000002	10.387008	5.0	0.055751	3.498587	4.0	62.240854000000006	4.97511	2.0	2.591518	9.726142	2.0	85.823987	16.879573	3.0	0.07651000000000001	18.951631	6.0	93.721769	17.021798999999998	2.0	93.12279699999999
3249.0	2.0	2.733787	80.515591	83.324223	69.998464	0.495224	0.385198	0.324192	0.6568149999999999	8.396312	1.0	93.30709300000001	3.47424	1.0	0.010858	5.227901999999999	3.0	9.25558	1.645359	1.0	8.764358	16.805699	6.0	18.153067999999998	12.442845	6.0	0.013253999999999998	0.957335	5.0	68.637559	19.122579	6.0	95.895875
3321.0	2.0	48.613456	64.408597	50.474595	17.639448	0.326892	0.171218	0.425231	0.11961400000000001	52.804102	3.0	75.65769300000001	21.04489	1.0	0.546613	3.1538720000000002	1.0	40.648718	5.88954	2.0	19.755615	10.317985	1.0	23.447506	1.7924330000000002	4.0	0.014294999999999999	2.0178599999999998	1.0	22.619142999999998	17.538285000000002	3.0	24.006315
3416.0	2.0	81.26956700000001	60.929448	17.026319	56.574185	0.464552	0.104879	0.990144	0.960094	58.139054	3.0	65.842487	14.137413	5.0	0.02474	3.622644	3.0	65.34718199999999	4.595168	5.0	20.912443	18.823671	1.0	26.903096	73.673363	3.0	0.012171	15.610268	6.0	76.779972	24.872526	5.0	74.806347
3433.0	2.0	59.718695	95.18774300000001	52.934638	99.876662	0.197076	0.402235	0.504455	0.95609	1.4270100000000001	2.0	38.102131	6.830162	5.0	0.010364	0.94614	1.0	61.465720999999995	1.059393	1.0	7.608017	2.201022	4.0	6.720261	63.109080000000006	5.0	0.014937	9.390025999999999	1.0	46.698883	7.111814	1.0	96.741365
3449.0	2.0	77.982275	46.409118	86.99940500000001	38.968206	0.590266	0.748801	0.613971	0.412077	61.699549	2.0	4.278206	20.24638	6.0	0.01407	0.17783800000000002	2.0	12.557275	0.438039	1.0	24.982129999999998	22.348438	6.0	27.49077	0.9670489999999999	6.0	0.016614	0.8491620000000001	1.0	8.678369	6.5476589999999995	3.0	23.415595
3530.0	2.0	94.655348	71.183501	39.374875	72.121326	0.813052	0.158558	0.233952	0.188671	32.768421999999994	6.0	77.923395	5.663524	4.0	0.015078	4.661187	2.0	88.736463	3.42369	3.0	1.553015	17.069677	2.0	14.227695	39.841947999999995	2.0	0.013924	11.100987	2.0	15.631374	3.739906	3.0	84.904893
3624.0	2.0	61.091273	63.839501	77.74650600000001	67.210588	0.146547	0.302766	0.279023	0.192435	3.465475	5.0	18.709282	12.809582	6.0	0.018741	0.07523200000000001	4.0	22.598561	0.419001	2.0	65.128013	2.939611	3.0	99.89676700000001	36.534894	4.0	0.019619	0.541078	3.0	72.981859	3.011464	3.0	42.590307
3655.0	2.0	55.189918000000006	60.566501	40.073827	94.57334499999999	0.77549	0.969007	0.897523	0.396739	2.495204	6.0	65.129325	14.692293	3.0	0.850557	3.6274029999999997	2.0	40.105226	2.588562	1.0	69.9359	6.964065	5.0	11.837361	40.720858	4.0	0.013696999999999999	4.63146	5.0	70.890557	0.523382	5.0	26.67775
3665.0	2.0	89.348431	28.965537	19.829591	70.070045	0.627778	0.8692479999999999	0.47905200000000003	0.14441800000000002	2.0090369999999997	1.0	2.813746	17.284164999999998	6.0	0.916075	3.94467	5.0	54.675585999999996	3.774275	3.0	64.308925	17.796525	1.0	60.610475	4.08861	3.0	0.021988	3.162534	1.0	82.23631999999999	8.427357	4.0	63.45651899999999
3835.0	2.0	31.426516999999997	92.301636	11.844697	22.003161	0.630285	0.5194880000000001	0.9148299999999999	0.251814	2.9480869999999997	4.0	49.709919	24.796901000000002	1.0	0.027844	5.2660800000000005	4.0	47.722196999999994	6.127364	1.0	30.837507000000002	18.414417	2.0	21.433031	42.119605	6.0	0.020483	14.168813	3.0	34.749752	14.518733	6.0	13.083491
3850.0	2.0	68.78426	43.889824	41.631334	17.884601999999997	0.243443	0.652409	0.80383	0.245873	40.146175	4.0	25.78199	21.55799	1.0	0.09437999999999999	0.5313939999999999	1.0	13.93014	0.130911	6.0	13.344443	16.315428	4.0	32.05516	26.471102000000002	2.0	0.012189	9.738689	1.0	15.907626	11.16695	6.0	81.339493
3854.0	2.0	17.904255	92.078932	32.710084	93.101926	0.13081500000000001	0.378602	0.220428	0.519922	15.234598000000002	3.0	43.627777	6.904528999999999	5.0	0.038507	0.37196399999999996	1.0	83.285689	2.382068	1.0	32.286367999999996	15.447306	3.0	63.311783	16.358577	2.0	0.010152	3.287272	1.0	29.76875	5.4311370000000005	6.0	91.31112900000001
3871.0	2.0	81.88412	17.434393	18.326204	99.38936700000001	0.557592	0.135009	0.971231	0.44381800000000005	28.195271999999996	5.0	17.659308	5.3790949999999995	5.0	0.350462	0.5203810000000001	1.0	36.632054	0.879669	1.0	24.141865	12.426078	5.0	62.86492	12.979526	3.0	0.019816	7.593625	2.0	34.163062	2.577164	6.0	95.704086
3909.0	2.0	91.677328	75.844832	11.916758	59.359756000000004	0.25863	0.7631760000000001	0.928844	0.589098	36.205424	5.0	20.144948	19.727378	3.0	0.030695999999999998	0.947058	4.0	56.579885	2.262493	2.0	73.05739100000001	19.656163	2.0	66.145202	30.671673	3.0	0.031816000000000004	14.135079999999999	3.0	47.7864	0.862467	2.0	96.697129
4083.0	2.0	36.709343	92.495692	79.78464100000001	12.700287	0.32327100000000003	0.146049	0.486404	0.641529	68.54083100000001	3.0	73.00667	16.716503	4.0	0.025004	4.995525	6.0	68.380161	5.5513580000000005	1.0	23.246533	19.471823	5.0	60.306759	18.9266	6.0	0.190842	9.887057	4.0	49.396594	8.589416	1.0	76.082776
4181.0	2.0	90.54579	89.643615	57.237814	40.537593	0.451482	0.864942	0.840009	0.162166	75.822453	5.0	76.920869	11.325700999999999	1.0	0.016172	2.609544	4.0	68.142579	3.6471400000000003	2.0	2.4977720000000003	21.047005	2.0	2.073671	1.194982	5.0	0.025358000000000002	14.959564000000002	5.0	25.023272	10.696234	4.0	59.699130000000004
4298.0	2.0	31.365428	50.504484000000005	74.83560899999999	71.213604	0.21461100000000002	0.213863	0.641387	0.545107	6.516707	4.0	9.427518	2.478227	1.0	0.050628	2.037835	2.0	11.111701	6.129614	1.0	90.02458100000001	23.9429	2.0	80.612338	16.33987	2.0	0.026356	7.561141	1.0	99.42177099999999	9.213667	5.0	68.644506
4339.0	2.0	31.147659	78.235473	5.022647	77.651702	0.32912800000000003	0.695477	0.604799	0.564832	43.703241	6.0	34.293686	16.738255	6.0	0.024328	1.55505	5.0	1.30435	1.07664	1.0	46.744074	19.635391000000002	4.0	39.479083	25.927937	5.0	0.014962999999999999	15.489304999999998	4.0	89.115669	0.536366	6.0	63.068743000000005
4421.0	2.0	24.477704	73.217718	9.595407000000002	94.38418100000001	0.286512	0.290402	0.106148	0.18240699999999999	15.282401	2.0	74.639528	8.090369	1.0	0.142921	4.084312000000001	3.0	14.956244	0.875216	6.0	15.776449	23.116588	5.0	66.31670600000001	42.972636	4.0	0.027726999999999998	4.458069999999999	2.0	66.42364	14.871909	6.0	96.414583
4467.0	2.0	63.396127	88.297433	41.212815	91.389517	0.515339	0.25756599999999996	0.48679300000000003	0.201779	44.915132	2.0	78.487605	1.594182	3.0	0.013208000000000001	1.067581	1.0	99.816994	0.258764	3.0	3.5011919999999996	13.871991	4.0	92.20715	52.885532	3.0	0.043354000000000004	6.653736	1.0	66.57275600000001	17.107553	2.0	46.346671
4472.0	2.0	96.16029300000001	39.277875	71.548015	61.254341000000004	0.48528699999999997	0.132899	0.7267819999999999	0.29351700000000003	61.232319	5.0	1.199214	24.113079	2.0	0.019448	4.705315000000001	5.0	98.31853199999999	4.6034370000000004	1.0	33.615557	23.900634	2.0	22.205526000000003	1.22424	3.0	0.026958999999999997	18.041946	2.0	49.092492	1.6591060000000002	2.0	64.79155300000001
4493.0	2.0	70.780041	50.825949	2.8511279999999997	88.79539799999999	0.23683	0.20537399999999997	0.568607	0.918344	60.684014000000005	2.0	35.720056	3.086423	3.0	0.014506999999999999	3.643825	6.0	24.905964	6.190991	3.0	10.277111	16.555888	1.0	83.784918	74.060218	5.0	0.025719	1.747395	1.0	38.293906	24.661195000000003	3.0	95.062895
4506.0	2.0	59.54043299999999	78.74475799999999	14.487581	56.806543999999995	0.418066	0.282542	0.44275699999999996	0.7189979999999999	1.437461	1.0	62.14686700000001	18.130582999999998	5.0	0.028192000000000002	3.5699120000000004	5.0	51.016393	4.988507	6.0	15.404932999999998	1.2040819999999999	3.0	52.975365000000004	7.233663000000001	6.0	0.016433	12.430522999999999	1.0	49.425693	0.48246000000000006	6.0	50.832982
4537.0	2.0	17.052791	53.879566000000004	11.665822	26.620078000000003	0.553253	0.591168	0.44763400000000003	0.574996	3.374715	5.0	25.906343	20.316295	2.0	0.011705	5.91306	4.0	24.268798999999998	5.7581169999999995	2.0	2.124301	5.082827	2.0	53.822138	4.002530999999999	6.0	0.010828	16.565663	3.0	50.347844	6.9950149999999995	1.0	8.038986999999999
4592.0	2.0	11.453124	42.431562	19.166903	19.82478	0.534365	0.107173	0.549058	0.603982	31.652002000000003	3.0	29.430415999999997	4.885244	3.0	0.021227	4.938128	4.0	19.027707999999997	1.152865	5.0	8.704146000000001	19.469995	1.0	36.400976	4.967004	4.0	0.023500999999999998	13.150751999999999	4.0	62.164177	1.60345	6.0	32.169817
4668.0	2.0	87.233713	87.751363	33.761888	47.347704	0.772153	0.10948499999999999	0.9124700000000001	0.596407	51.801484	1.0	99.399909	3.8969089999999995	6.0	0.047072	0.075824	4.0	5.2405040000000005	0.795787	3.0	34.50932	12.49182	4.0	39.953409	31.416014	1.0	0.013581000000000001	1.8137130000000001	1.0	81.070054	20.996781	5.0	8.716776
4671.0	2.0	8.122527	16.628231	24.567332999999998	35.91422	0.127179	0.10905699999999999	0.557778	0.9981399999999999	39.238744	2.0	18.196758	20.078049	1.0	0.267416	6.249465	6.0	94.736561	0.27674499999999996	1.0	81.621667	21.960745000000003	5.0	24.684513	30.391105	5.0	0.019512	1.089028	1.0	98.728534	5.919667	2.0	46.982932
4743.0	2.0	99.94297900000001	88.903283	68.45108499999999	23.896728	0.91706	0.9240510000000001	0.547088	0.177547	61.603912	5.0	48.804603	13.319872	4.0	0.015742	0.33100300000000005	2.0	11.103732	2.84268	5.0	1.023865	19.109075	2.0	58.537878000000006	8.679408	4.0	0.042162	4.523311	2.0	40.945873999999996	17.728576	2.0	28.86255
4768.0	2.0	3.195713	91.347086	72.500883	28.910383000000003	0.971925	0.7860149999999999	0.32760100000000003	0.930364	13.144704	4.0	35.55996	22.240217	4.0	0.01348	1.6457529999999998	3.0	91.308782	1.005032	2.0	4.204756	18.002508	2.0	1.47379	6.343215	2.0	0.012111	5.800763	6.0	2.009586	21.664717	3.0	59.391636
4788.0	2.0	69.463319	45.242754	7.533589	69.67457399999999	0.157728	0.9999790000000001	0.7094560000000001	0.9936520000000001	22.021442	5.0	16.872782	3.8169589999999998	2.0	0.036442	4.488454	5.0	12.359043	0.7081270000000001	3.0	36.636362	16.258872	2.0	55.756953	50.839378	1.0	0.010787999999999999	14.986815	3.0	36.785796000000005	1.0277610000000001	4.0	5.072284
4836.0	2.0	76.07197099999999	30.902760999999998	83.244046	93.93926	0.9741110000000001	0.10804000000000001	0.450902	0.371875	48.731434	6.0	11.118245	11.061477	2.0	0.024503	6.007371	1.0	17.523887	5.854779	6.0	8.642335000000001	17.405088	5.0	94.72789499999999	5.743368	5.0	0.010959	1.676839	2.0	72.571334	11.306242999999998	4.0	47.605284000000005
4862.0	2.0	36.425137	57.694033	40.804953000000005	3.001496	0.686387	0.624005	0.5896279999999999	0.9035340000000001	8.556734	6.0	11.575336	15.72955	2.0	0.014611	6.045538	5.0	41.583463	1.678682	2.0	17.323486	7.909555999999999	1.0	73.026057	32.928169	2.0	0.022657	7.112775999999999	3.0	16.361055	21.826325	5.0	32.503871999999994
4931.0	2.0	96.67321	9.805028	1.3548930000000001	87.866589	0.623635	0.133233	0.44819499999999995	0.383616	20.293698000000003	1.0	39.974117	9.222617	2.0	0.040905000000000004	0.17486500000000002	5.0	6.651566000000001	1.691634	4.0	58.875496999999996	11.552358	6.0	5.66366	6.794372999999999	3.0	0.017741999999999997	0.690445	1.0	50.412622	7.225185000000001	5.0	29.798264
4986.0	2.0	97.913036	52.995714	92.024412	53.203215	0.793817	0.324074	0.308056	0.580769	54.859021999999996	1.0	92.501889	1.159408	1.0	0.26251199999999997	2.386584	3.0	67.267706	0.097164	2.0	56.901017	16.738366	3.0	76.11306	76.73969	6.0	0.013066	5.461772	5.0	75.80385600000001	15.514889000000002	1.0	60.970780000000005
5211.0	2.0	93.647476	67.92036999999999	28.6382	51.682893	0.5277890000000001	0.450661	0.9449120000000001	0.8858540000000001	9.249978	1.0	83.646148	0.386387	3.0	0.010168	6.161958	4.0	98.134147	5.3720349999999994	4.0	1.29649	3.552107	4.0	20.099438	42.515805	4.0	0.021013	6.263291000000001	1.0	82.784785	5.146283	4.0	67.671174
5380.0	2.0	41.366234999999996	60.17266600000001	87.04330300000001	6.208632	0.274328	0.353908	0.43804	0.459372	70.754067	4.0	53.618337	15.355395999999999	5.0	0.010841	5.617791	6.0	5.119276999999999	0.2176	5.0	76.290142	0.701846	3.0	48.582584999999995	44.813023	3.0	0.024069999999999998	4.026308	3.0	42.665357	23.407001	1.0	1.514512
5382.0	2.0	86.145788	59.362370999999996	57.68986999999999	6.57967	0.810263	0.387946	0.11355499999999999	0.8968719999999999	16.335593	1.0	11.155884	23.334506	6.0	0.014247	5.614033	5.0	71.752253	0.09210800000000001	5.0	19.171468	18.455435	3.0	71.03426800000001	54.466092	1.0	0.142719	12.436015	6.0	22.616187	9.210458000000001	4.0	59.775816000000006
5529.0	2.0	66.16869200000001	55.224077	78.906134	62.718637	0.326423	0.14593	0.508963	0.216613	22.670422	5.0	11.044346	8.813277000000001	2.0	0.250472	4.7858849999999995	5.0	4.448523000000001	3.065777	3.0	45.119735	19.43216	1.0	33.772034000000005	0.8442790000000001	2.0	0.018943	3.05437	3.0	42.978644	22.34475	1.0	92.34051
5584.0	2.0	12.847244	76.869116	2.174314	36.187396	0.498931	0.806759	0.171587	0.295089	2.0313830000000004	2.0	87.791445	20.359256	3.0	0.03345	0.193838	1.0	25.761152	1.0095399999999999	1.0	77.885683	11.592557000000001	6.0	82.726454	53.840275	3.0	0.01023	0.28089200000000003	1.0	53.0496	11.871919	4.0	4.553496
5647.0	2.0	11.624051	87.017463	48.335592999999996	1.372142	0.8597100000000001	0.328297	0.131469	0.946084	36.829324	3.0	90.294363	14.580242000000002	2.0	0.013172	2.6403	6.0	69.71700600000001	0.165911	1.0	93.36409499999999	21.815172	1.0	1.347085	60.452802	6.0	0.026286	8.097739	2.0	44.690940000000005	15.631782000000001	4.0	75.602069
5661.0	2.0	4.587324	92.68368199999999	10.007254	43.535132	0.498825	0.21674899999999997	0.8909389999999999	0.814604	36.95295	2.0	36.376506	14.440131	4.0	0.068742	5.676923	5.0	2.266068	4.305587999999999	4.0	1.779838	16.997906	2.0	11.928728999999999	10.994521	3.0	0.010545	10.902369	1.0	4.709784	4.509469	5.0	97.360977
5705.0	2.0	63.317668999999995	98.69367199999999	98.001125	47.14762	0.13363599999999998	0.604966	0.810896	0.979661	3.9628309999999995	3.0	52.99309	14.175967000000002	1.0	0.020745	1.055876	5.0	35.982895	2.525048	3.0	61.856131000000005	11.317749000000001	2.0	61.770095	51.270883000000005	3.0	0.011903	1.9714169999999998	5.0	5.008942	19.387135	6.0	76.062653
5770.0	2.0	9.28099	64.22532	9.828957	74.680114	0.576719	0.238366	0.746851	0.9648620000000001	75.959951	3.0	89.072947	11.158453	6.0	0.033692	1.423719	4.0	41.254969	0.584569	6.0	3.981405	12.386330000000001	3.0	84.095145	2.490359	5.0	0.014397	8.429182	6.0	46.210051	17.205216	3.0	89.90016
5911.0	2.0	8.693359	63.687714	37.471395	15.840879999999999	0.22010300000000002	0.21575100000000003	0.898282	0.834457	14.426453	6.0	26.357387	9.370811999999999	1.0	0.013544	3.037052	5.0	69.95708	2.032116	1.0	96.011516	7.7240649999999995	6.0	62.975396999999994	19.119792	6.0	0.013116	3.456176	5.0	45.865178	20.571397	5.0	10.785229
6060.0	2.0	25.013925	46.390691	51.301435999999995	85.888902	0.155923	0.111373	0.360325	0.563392	28.905994	1.0	49.563272999999995	15.150859	1.0	0.013280000000000002	1.600909	1.0	51.357683	0.353896	4.0	3.6126940000000003	12.811112	2.0	13.899692000000002	24.192911	1.0	0.015065	15.152068	3.0	18.270424	1.245608	6.0	95.956148
6145.0	2.0	84.287451	58.015986	91.57028000000001	84.146777	0.44419200000000003	0.346953	0.833622	0.593221	56.763932	3.0	73.619935	19.111589000000002	2.0	0.02603	5.705816	3.0	65.795441	3.735842	3.0	2.194353	5.877067	3.0	13.055953	40.885655	4.0	0.011448	15.639299	1.0	15.640717	22.714899	6.0	45.127123
6152.0	2.0	25.923596	39.094975	20.089112	10.023684	0.9066	0.629328	0.125074	0.414149	39.129498	2.0	3.455708	22.719664	4.0	0.02795	4.835998	4.0	74.840267	0.114003	3.0	30.992833	22.025904	5.0	90.99274	28.121096	6.0	0.015071000000000001	15.698275	4.0	76.642658	12.096294	3.0	10.34457
6245.0	2.0	5.109221	99.945246	18.481364000000003	58.382870999999994	0.100453	0.868081	0.6077819999999999	0.243955	40.679961	5.0	71.254601	4.719812999999999	5.0	0.042151	1.9955330000000002	2.0	49.036171	5.9090370000000005	4.0	4.507792	2.22246	4.0	55.255917000000004	9.079180000000001	5.0	0.011271999999999999	17.108603	5.0	32.964281	16.360460999999997	2.0	40.765664
6395.0	2.0	57.611187	91.26498000000001	15.717101999999999	18.199694	0.24687800000000001	0.144373	0.671524	0.922844	23.007372	5.0	9.766081	5.571809	4.0	0.10380299999999999	3.441814	4.0	14.771676999999999	1.153058	4.0	51.152006	1.6915740000000001	6.0	35.138562	39.984094	4.0	0.011233	9.384742999999999	1.0	12.71251	0.506467	6.0	81.82950600000001
6570.0	2.0	47.165945	89.385811	46.609313	96.624842	0.151397	0.293064	0.588906	0.66046	58.395979000000004	1.0	46.919701	23.179914	6.0	0.020331000000000002	2.297686	5.0	69.290052	1.9443119999999998	5.0	10.498681	22.618920000000003	4.0	77.927699	8.916526	2.0	0.014678	4.8856720000000005	5.0	45.578008000000004	7.556025999999999	5.0	46.808145
6658.0	2.0	64.05341899999999	81.331835	42.119766999999996	83.760768	0.316807	0.214052	0.6201800000000001	0.832571	76.055302	2.0	44.222915	0.29788400000000004	3.0	0.010272	1.21741	1.0	56.955914	1.193475	1.0	5.537318	23.118209	1.0	94.444689	76.759377	4.0	0.017337	2.915123	5.0	27.61213	2.010446	4.0	15.542129000000001
6732.0	2.0	60.950251	85.015647	70.374423	9.901246	0.8455440000000001	0.346488	0.19547799999999999	0.923509	4.471934	6.0	39.89275	16.621978	6.0	0.11103299999999999	1.902511	4.0	5.753592	1.633904	1.0	79.897688	2.531484	2.0	6.479080000000001	25.163503	3.0	0.015643	3.107575	6.0	4.95067	3.802353	6.0	50.336026000000004
6854.0	2.0	33.92555	52.952746999999995	9.635254	30.742969	0.838261	0.25488299999999997	0.469081	0.850927	55.799527000000005	3.0	91.971632	11.148867	4.0	0.028758	2.5703	6.0	12.614583	2.3286	5.0	8.834703999999999	24.773909	6.0	17.759899	33.54322	6.0	0.012294	12.239419	5.0	60.122730000000004	6.437036	4.0	22.032212
6910.0	2.0	47.75245	67.204887	11.100321000000001	80.41636	0.115525	0.501051	0.5841729999999999	0.292071	37.194383	6.0	5.652864	15.369760999999999	5.0	0.011126	5.948405999999999	6.0	74.345348	1.185206	3.0	2.0360869999999998	9.479316	4.0	62.937568999999996	53.638422	2.0	0.15959	5.773511	6.0	27.963416	9.289296	6.0	17.711043
7002.0	2.0	22.550135	98.115246	10.669091	65.000076	0.5722189999999999	0.438057	0.606088	0.155056	14.969717000000001	1.0	11.704459	12.133633	4.0	0.010061	5.114511	5.0	69.50056	5.7183980000000005	3.0	6.700083	21.963635999999997	2.0	78.473899	14.624143	4.0	0.187831	10.246364999999999	3.0	66.71067	17.518029000000002	1.0	15.782253
7273.0	2.0	87.334529	50.143106	9.232892999999999	30.323611	0.322282	0.427019	0.712426	0.49445100000000003	32.564969	2.0	3.5279599999999998	19.300546	1.0	0.010938	0.658072	4.0	52.502593000000005	1.951644	3.0	94.046929	18.32441	3.0	63.359864	51.824284999999996	3.0	0.018186	16.651771	6.0	12.731128	2.2330959999999997	4.0	99.853871
7339.0	2.0	20.133514	80.93395799999999	9.311672999999999	75.155066	0.578548	0.81397	0.810551	0.356087	53.982924	6.0	42.31324	15.261234	5.0	0.016475999999999998	3.754065	5.0	98.663937	2.4757740000000004	6.0	1.554977	19.526593	1.0	32.798828	71.271966	5.0	0.01486	10.244204	2.0	33.643514	6.063986	1.0	8.116505
7580.0	2.0	4.778688	97.874382	49.578356	66.079305	0.640518	0.8060970000000001	0.6316510000000001	0.91714	22.779593	1.0	67.644581	14.316739000000002	5.0	0.026806	4.36954	1.0	9.043152000000001	1.612426	5.0	1.4371129999999999	0.846508	6.0	32.119091999999995	17.637071	3.0	0.038103	4.730443	4.0	1.921607	12.460045	4.0	90.243786
7620.0	2.0	96.841515	20.930039	3.6003239999999996	84.943834	0.591866	0.162057	0.618924	0.49311099999999997	54.170775	4.0	23.113892	24.617985	1.0	0.013913	2.037904	6.0	2.21066	4.816432	1.0	23.545473	10.787149000000001	3.0	58.636722999999996	61.350278	2.0	0.037048000000000005	8.951014	1.0	23.979426	4.07262	2.0	45.339777000000005
7678.0	2.0	21.11853	78.55252	51.778604	30.092276000000002	0.155095	0.482404	0.803452	0.8854290000000001	68.047884	4.0	65.79898100000001	8.016336	4.0	0.028444999999999998	5.6161	1.0	11.16838	0.875172	5.0	4.2844809999999995	2.0159979999999997	4.0	4.583383	14.282511999999999	6.0	0.040448000000000005	14.596375	1.0	18.741279000000002	1.021997	5.0	27.968503000000002
8051.0	2.0	91.540724	77.022977	16.901401999999997	14.170193	0.179858	0.775519	0.155693	0.550998	20.806797	3.0	49.973664	21.632998999999998	5.0	0.075089	0.317328	4.0	92.229124	2.987772	4.0	89.5213	2.942572	4.0	51.098582	43.321005	5.0	0.011954000000000001	5.070332	1.0	12.592114	5.989182	1.0	13.248671
8091.0	2.0	59.158938	97.834811	29.617165999999997	18.988702	0.195471	0.271976	0.558431	0.951267	5.643028	5.0	29.106631	15.707931	2.0	0.020824000000000002	1.795595	3.0	39.792507	6.039073	2.0	89.712774	10.6275	4.0	57.070491000000004	63.868605	3.0	0.038808999999999996	0.92366	3.0	1.374399	1.432648	3.0	87.284614
8111.0	2.0	92.089676	64.28325	49.96312	20.683429999999998	0.767375	0.978143	0.5024	0.491105	1.985989	1.0	8.920312	18.348333	4.0	0.010037	3.6649	4.0	24.463632	3.7776589999999994	4.0	14.559966000000001	25.07347	6.0	30.467484999999996	13.383655	2.0	0.021562	0.572239	5.0	41.261606	19.078973	1.0	75.936879
8124.0	2.0	53.066461	53.590139	8.722509	69.816278	0.162439	0.47758999999999996	0.663081	0.670353	52.004214000000005	5.0	70.253676	2.416064	3.0	0.010008	5.787818	1.0	41.358771999999995	1.7021700000000002	3.0	1.1278190000000001	15.286625	2.0	68.030274	66.398324	1.0	0.067126	8.453895	4.0	2.993104	19.876718	5.0	33.769138
8210.0	2.0	80.21400899999999	67.747948	66.567841	22.72486	0.749305	0.45438	0.9803209999999999	0.893127	10.758873	6.0	86.334549	22.876236	2.0	0.06777999999999999	4.933491	6.0	25.378279	0.131491	1.0	41.691579	21.514709	5.0	11.558086999999999	31.710845000000003	1.0	0.011223	1.303136	5.0	1.440173	6.258816	4.0	55.368581000000006
8301.0	2.0	85.976759	98.796699	73.091832	68.90050699999999	0.125086	0.727085	0.310648	0.898956	13.89778	5.0	54.575010999999996	13.440446	2.0	0.01085	0.747474	4.0	3.7329260000000004	6.1901980000000005	6.0	3.31293	24.642727	6.0	48.201875	27.800926	4.0	0.016395	1.058192	6.0	28.526339	4.147047	1.0	44.100409
8472.0	2.0	52.535263	90.30511800000001	10.001503	6.566722	0.774047	0.707865	0.7722319999999999	0.365767	51.891206	1.0	2.4937419999999997	3.280378	1.0	0.016188	4.402639	5.0	75.134054	0.500612	2.0	35.137358	14.559248	3.0	7.333206	56.390974	6.0	0.026088	4.5704	4.0	67.811033	23.875516	3.0	17.436035999999998
8499.0	2.0	84.32083100000001	61.766174	5.491132	19.653389999999998	0.287952	0.275441	0.767143	0.697171	66.47458	6.0	20.522903	21.74731	2.0	0.015013	4.76455	4.0	44.259074	6.127092	1.0	13.941768	15.639306	4.0	17.647614	49.896383	2.0	0.022073	12.84864	1.0	28.973359999999996	15.793222	6.0	15.308507999999998
8512.0	2.0	91.428097	75.606427	40.39237	39.945056	0.40765500000000005	0.25713800000000003	0.583398	0.558077	53.060263	1.0	51.880718	21.103165	5.0	0.07161000000000001	5.001208999999999	2.0	17.745945000000003	1.022091	3.0	9.227222	19.736529	4.0	85.879069	39.718711	3.0	0.010563	0.400645	3.0	5.947566	20.579678	4.0	29.660764
8525.0	2.0	19.30249	85.377267	25.787132999999997	17.788932	0.32342600000000005	0.11003199999999999	0.6083149999999999	0.609757	30.73919	2.0	66.046421	4.959524	4.0	0.028538	2.517833	4.0	55.03363	5.4435459999999996	5.0	29.930933000000003	20.391907	6.0	13.425234	36.304927	2.0	0.010728	1.383964	5.0	88.929801	18.82456	5.0	73.888648
8623.0	2.0	17.672988	50.818498	41.092343	2.3022720000000003	0.21056100000000003	0.321627	0.805478	0.8660329999999999	55.681734	3.0	67.229387	20.624587	6.0	0.014272	3.9505470000000003	4.0	93.333832	5.451524	4.0	3.375554	11.594975999999999	5.0	5.716003	36.800917999999996	1.0	0.014752000000000001	0.606595	1.0	15.090353	14.928619	5.0	59.415326
8649.0	2.0	66.531353	97.225433	48.909106	99.893555	0.549901	0.8295620000000001	0.940369	0.319293	11.125217999999998	1.0	13.700422	17.917376	4.0	0.18185199999999999	4.012002	1.0	61.219719	0.310162	3.0	89.284446	11.138505	4.0	57.138183	3.387137	4.0	0.024447	1.302826	2.0	50.104876000000004	14.120834	5.0	25.521311999999998
8698.0	2.0	19.749670000000002	91.87387	65.060085	57.866553	0.251308	0.941952	0.5148699999999999	0.198876	2.736097	2.0	2.85127	16.491193	1.0	0.09312999999999999	0.6834359999999999	6.0	65.715594	0.07321799999999999	2.0	59.726154	22.777628	1.0	90.821039	1.4758930000000001	4.0	0.047139999999999994	1.6843700000000001	4.0	3.9357230000000003	14.845998000000002	1.0	78.158495
8774.0	2.0	64.327288	87.905587	7.5650710000000005	40.47533	0.37634	0.15428699999999998	0.233627	0.265375	11.718501	5.0	49.429210999999995	22.190455	5.0	0.011224	2.49627	4.0	18.439242	1.6883540000000001	2.0	3.2989040000000003	17.528152	6.0	7.872803	57.19735	6.0	0.037966	0.928026	6.0	44.792806	19.403593	6.0	3.3470489999999997
8946.0	2.0	1.091269	67.618581	28.506135999999998	78.739212	0.116409	0.8716209999999999	0.7719189999999999	0.605073	75.95902	5.0	32.690447999999996	15.914878	6.0	0.023778999999999998	4.650472	6.0	50.626343	6.183212	3.0	1.304051	7.404616000000001	3.0	3.470471	43.967419	5.0	0.033468	13.720376000000002	2.0	52.360712	7.7365520000000005	1.0	55.977231
9051.0	2.0	12.497288000000001	96.547505	11.645104	54.202562	0.627851	0.285583	0.601967	0.70407	46.056429	1.0	43.794678999999995	4.045766	3.0	0.013394	1.5628520000000001	4.0	91.61121999999999	5.610977	5.0	6.528616	25.071574	2.0	55.39021700000001	43.716347	3.0	0.012109	13.925235999999998	1.0	36.037257000000004	16.823767999999998	4.0	98.865339
9087.0	2.0	94.850737	83.18504300000001	19.731723000000002	54.171367000000004	0.574448	0.401049	0.186478	0.858809	58.54778100000001	1.0	20.289338	19.349023000000003	2.0	0.012044	0.915684	1.0	18.160992	6.007026000000001	1.0	16.508111	10.124827999999999	1.0	83.631164	39.412987	6.0	0.018912	1.255526	2.0	85.14935600000001	4.1611400000000005	1.0	53.190424
9092.0	2.0	23.293974	66.314192	5.963482	26.802895	0.504762	0.121102	0.807663	0.957041	33.363878	5.0	35.919288	20.665832	2.0	0.012994	5.962632	2.0	76.844494	1.577879	4.0	20.524302	1.5194379999999998	2.0	63.385799	58.219795999999995	2.0	0.017232	5.399916999999999	1.0	89.967873	17.598418	2.0	80.13855600000001
9094.0	2.0	10.693369	92.938886	57.365807	97.248189	0.739088	0.142549	0.394391	0.803705	42.333019	3.0	54.84341	16.910804000000002	4.0	0.011116	4.025894999999999	5.0	53.91180500000001	3.559603	4.0	6.132411	20.344862	6.0	94.827152	15.702653	6.0	0.029929	18.652517	4.0	66.008317	7.477869	2.0	27.493914
9447.0	2.0	97.771206	87.190096	57.236793000000006	31.424495	0.350154	0.467893	0.180168	0.409183	57.847156000000005	6.0	8.850594000000001	19.870492000000002	3.0	0.15704100000000001	4.5005690000000005	6.0	3.407092	1.358481	5.0	37.309211	12.589068	6.0	32.560055	15.558805	5.0	0.024369	3.6664510000000003	2.0	85.732519	16.560677	2.0	21.732791
9461.0	2.0	99.100678	39.079423999999996	2.653413	29.403462	0.45342200000000005	0.1662	0.770247	0.269061	11.116833	4.0	9.81714	14.374356	5.0	0.047671	4.210603	6.0	53.288126	1.463152	5.0	32.55295	10.779077000000001	3.0	90.85242	40.592432	1.0	0.013393	15.958368	1.0	43.828416	1.313977	4.0	84.681976
9525.0	2.0	60.258039000000004	82.912515	2.0846459999999998	86.059961	0.574543	0.478343	0.571372	0.389975	46.397977000000004	3.0	4.467235	19.953695	1.0	0.23378400000000002	0.798978	2.0	26.307652	4.102625	2.0	72.605303	5.643801	3.0	73.776274	45.185338	2.0	0.11576099999999999	9.734702	1.0	2.859948	19.525957000000002	3.0	86.825253
9559.0	2.0	75.25725	66.256361	93.47784	56.256437	0.30146799999999996	0.122143	0.9019790000000001	0.63503	34.963495	5.0	30.020258000000002	14.273122	1.0	0.010006000000000001	4.67442	1.0	64.05688599999999	2.498288	6.0	8.803644	2.209628	2.0	96.15948399999999	63.374638	2.0	0.017230000000000002	2.155666	4.0	91.888687	20.619992	6.0	48.711166
9624.0	2.0	37.912476	35.205128	43.154348	87.71706	0.612981	0.116453	0.8525520000000001	0.540482	55.055578000000004	1.0	63.079581000000005	18.766085	2.0	0.014669	5.607815	1.0	9.548416	0.40734499999999996	6.0	2.299921	4.078129	4.0	43.095219	59.573312	2.0	0.113423	12.903626	3.0	29.326649	15.254616	5.0	95.70962
9770.0	2.0	26.925326000000002	34.355016	11.641608999999999	33.632851	0.772917	0.552613	0.9679639999999999	0.825225	76.51100100000001	5.0	1.9324080000000001	24.790641	4.0	0.018936	6.246414	5.0	74.12466500000001	4.264158999999999	6.0	2.593862	22.552906	6.0	95.711547	12.037732	2.0	0.01329	9.663551	4.0	92.833211	6.191572	1.0	84.126825
9810.0	2.0	2.579561	76.545895	63.774933	19.165026	0.9111969999999999	0.144846	0.873817	0.269967	70.76673199999999	5.0	51.636173	24.988917	4.0	0.178507	3.3671029999999997	3.0	45.305048	1.148285	4.0	17.588209	1.9703099999999998	6.0	12.193571	7.294645	3.0	0.01699	1.191322	2.0	90.671425	6.635453999999999	3.0	33.945475
9851.0	2.0	35.378397	70.843524	63.174155000000006	17.553626	0.595657	0.25917199999999996	0.876308	0.168493	17.006016	3.0	3.259988	6.717221	4.0	0.442542	3.361648	1.0	41.140212	4.531541000000001	2.0	88.07902299999999	12.131594	3.0	12.31724	29.028838	1.0	0.039205000000000004	2.977836	5.0	13.57125	19.758317	1.0	85.218855
9887.0	2.0	49.819466	98.70274599999999	97.185418	88.409469	0.726414	0.600615	0.936466	0.4606	27.213257000000002	5.0	23.850313	24.178835999999997	1.0	0.025224	1.315626	5.0	1.820502	5.049034	4.0	6.160141	9.801344	1.0	27.271762	36.320808	5.0	0.015983	1.633945	6.0	28.904121000000004	0.632729	6.0	99.90431
9902.0	2.0	35.598777	46.754521999999994	37.420511	91.243298	0.55113	0.317325	0.553189	0.733133	26.6073	2.0	68.91480899999999	24.407092000000002	2.0	0.015392	2.4115	4.0	18.12275	0.495559	1.0	27.916875	25.109472	6.0	64.143905	5.666327	6.0	0.020916999999999998	0.9443889999999999	1.0	4.705064	10.133927	6.0	1.266926
9912.0	2.0	69.853595	88.690874	33.161037	12.976141	0.50551	0.5144529999999999	0.268228	0.43605299999999997	45.654384	2.0	2.430234	8.185226	2.0	0.29330900000000004	1.519954	5.0	26.772040000000004	1.162283	4.0	93.537328	4.265825	5.0	98.825239	44.377695	2.0	0.016416999999999998	11.184492	1.0	57.932027000000005	6.806544000000001	6.0	19.723226
