110.0	2.0	76.139426	6.244344	36.052794	19.584053	0.9248200000000001	0.743418	0.47267600000000004	0.5327270000000001	10.755533999999999	1.0	82.465592	15.054266	4.0	0.064296	2.809673	2.0	69.623527	1.968637	6.0	10.676047	16.898479000000002	1.0	87.303751	3.184302	3.0	32.668919	23.084948999999998	4.0	0.041849000000000004	0.7192109999999999	1.0	15.530346	1.500259	5.0	5.567183	16.876324	3.0	71.990353
401.0	2.0	56.111441000000006	8.086116	36.747339000000004	76.64485	0.941909	0.797126	0.6002890000000001	0.95706	5.030025	5.0	87.07135799999999	6.7446660000000005	4.0	0.024534999999999998	0.143568	2.0	97.678967	1.8649099999999998	6.0	12.682517	15.06809	2.0	98.958187	16.849548000000002	2.0	4.092953	3.84986	2.0	0.012451	1.135019	1.0	16.166748000000002	0.15321400000000002	2.0	46.613285999999995	25.633041	6.0	99.66284499999999
433.0	2.0	8.496279	37.056376	76.89793399999999	55.640330000000006	0.7688149999999999	0.808592	0.656118	0.191529	15.631260999999999	3.0	46.931531	1.66914	4.0	0.019044	1.716602	3.0	9.035853	5.849981	2.0	69.139465	6.665	1.0	71.55207800000001	15.133072	2.0	21.864806	5.27836	1.0	0.010827	0.49149899999999996	5.0	28.272769	4.292051	5.0	70.253212	18.11516	5.0	86.540628
450.0	2.0	56.271714	19.071692000000002	58.819146999999994	11.158802	0.799085	0.944325	0.15326800000000002	0.6681060000000001	5.13732	1.0	1.247132	12.035909	3.0	0.016019	1.8842279999999998	1.0	54.30327	5.704783	2.0	14.313598	21.462864	2.0	53.685912	21.784987	5.0	2.105305	13.522860999999999	1.0	0.014586000000000002	3.842764	1.0	92.016607	0.37738	3.0	12.280917	2.5347419999999996	4.0	78.79855400000001
480.0	2.0	1.087034	17.928298	28.008446000000003	30.600334999999998	0.48526800000000003	0.971308	0.7320760000000001	0.492458	16.151738	1.0	95.482508	0.8585309999999999	5.0	0.328948	4.662849	3.0	95.533552	4.87946	4.0	35.76728	3.731403	1.0	27.333801	19.397602	1.0	87.962311	7.315430999999999	4.0	0.019629	1.39042	1.0	21.638285999999997	0.769243	1.0	22.572387	24.758627	3.0	21.149603
492.0	2.0	19.936989999999998	3.2010970000000003	69.09499100000001	22.122524	0.598517	0.6831020000000001	0.306398	0.530903	17.17063	1.0	45.672928999999996	12.760317	6.0	0.041795	1.481814	2.0	5.329148	4.337431	3.0	26.047323000000002	6.411055	4.0	71.046468	17.824664000000002	4.0	37.351234999999996	7.4273039999999995	6.0	0.013712	0.120209	5.0	67.953987	1.465639	2.0	43.804033000000004	22.182848	5.0	84.135462
624.0	2.0	10.679963	17.740077	84.171643	26.904049	0.806986	0.603533	0.486559	0.5680310000000001	21.008221	4.0	80.863584	5.718757	5.0	0.016675	4.658663	1.0	70.977316	3.213164	2.0	29.202237	5.148526	4.0	10.796586	16.116408	5.0	3.5653309999999996	12.050647999999999	2.0	0.043243000000000004	5.737988	1.0	30.547712	1.900352	5.0	62.908287	12.737396	4.0	96.207319
772.0	2.0	59.238209	2.874231	53.376171	12.835382000000001	0.130125	0.380188	0.671007	0.5819489999999999	3.700757	1.0	78.593935	24.355519	1.0	0.031285	3.090107	4.0	37.096613	2.509195	4.0	15.833548	11.918949000000001	5.0	50.280840000000005	3.439895	3.0	6.678729	21.555365	4.0	0.015557	2.872489	1.0	54.88287	2.2310779999999997	5.0	55.789835	20.624414	6.0	99.007324
875.0	2.0	5.514597	84.631801	18.849149	76.866878	0.902909	0.7384149999999999	0.13496	0.877583	1.6809610000000001	3.0	40.364048	16.680699	4.0	0.040877	4.816515	1.0	68.71072	5.798578	5.0	40.589314	16.895744	6.0	54.433259	9.627436999999999	1.0	9.635255	9.260055	5.0	0.032171	0.197184	2.0	79.12710200000001	1.994001	2.0	58.269535	14.861232000000001	5.0	30.192427000000002
1012.0	2.0	46.573705	47.032392	6.207167	51.582848999999996	0.815338	0.8309340000000001	0.515847	0.28034699999999996	1.382427	3.0	34.410696	19.805419	4.0	0.011849	0.623329	1.0	3.3042769999999995	5.883541	6.0	85.614983	1.701352	2.0	77.836135	15.030528	1.0	54.566066000000006	3.907675	1.0	0.681319	4.287649	4.0	8.142396000000002	0.069435	5.0	93.24035	0.333242	5.0	25.193025
1040.0	2.0	5.164422	33.501148	96.390557	80.367736	0.7242850000000001	0.52833	0.345625	0.5758479999999999	22.653617	1.0	26.815438	19.099608	2.0	0.010628	2.523056	6.0	22.34411	2.621645	2.0	11.512329	20.601123	3.0	21.850917000000003	14.892835999999999	4.0	36.484457	22.156043	1.0	0.010893	5.206851	1.0	50.469844	0.242137	2.0	98.80869100000001	21.607136999999998	5.0	88.515485
1062.0	2.0	63.559038	8.793357	59.848766000000005	34.438028	0.6740470000000001	0.7018399999999999	0.20439100000000002	0.6494880000000001	6.9773369999999995	6.0	28.715378	9.128821	1.0	0.030552	6.03624	4.0	27.902390999999998	1.958188	4.0	64.871669	21.304288	4.0	46.349901	9.117128	2.0	22.737289999999998	2.627205	5.0	0.079222	0.456395	6.0	9.602941	1.033376	1.0	2.943093	7.491117	6.0	61.74929
1244.0	2.0	8.723583999999999	6.969065	37.327284000000006	65.713819	0.34376799999999996	0.792396	0.10502	0.40497	8.440578	5.0	13.729851000000002	13.708236999999999	6.0	0.027351999999999998	0.699029	1.0	35.575949	5.030623	1.0	80.58757800000001	20.330022	3.0	16.620414999999998	8.234511	6.0	84.478971	18.738782	1.0	0.010046	0.793924	2.0	52.225792	5.4716830000000005	6.0	67.86873800000001	14.58366	6.0	14.729897
1301.0	2.0	97.003528	9.896596	84.82574	43.168955	0.437903	0.9304180000000001	0.996419	0.439325	3.2084919999999997	3.0	60.564588	18.611066	6.0	0.013018	5.4941830000000005	1.0	20.245969	4.178705	4.0	10.686268	10.518873	2.0	28.666059000000004	21.554237	5.0	6.949858	17.510749	3.0	0.018538	2.6893439999999997	1.0	96.620242	4.6915260000000005	5.0	8.250803999999999	17.675973000000003	5.0	89.404635
1373.0	2.0	14.008894	32.411832000000004	51.693073	60.431948	0.40737399999999996	0.569662	0.33472199999999996	0.207331	11.881297	1.0	35.630703999999994	0.542981	6.0	0.014549000000000001	0.6500819999999999	5.0	86.33281099999999	5.2344550000000005	1.0	34.275191	0.48045200000000005	6.0	70.421925	6.05315	4.0	55.600159	16.545645999999998	5.0	0.015804	1.8103069999999999	2.0	11.095272	3.588243	5.0	13.433442000000001	4.1005080000000005	1.0	66.459861
1485.0	2.0	4.168163	65.288965	47.67126	21.670767	0.523963	0.454233	0.20571	0.534116	20.498686	6.0	9.742935000000001	7.901298	3.0	0.015989	5.622632	3.0	28.397834999999997	6.17816	5.0	14.028253	22.570570999999997	4.0	73.495675	13.288007	2.0	88.49230899999999	18.255633	5.0	0.038618	0.33317800000000003	1.0	64.59537399999999	2.751574	3.0	50.726468	13.414701999999998	6.0	77.627385
1596.0	2.0	21.05698	4.098214	91.31951600000001	41.417685999999996	0.75589	0.923955	0.11848800000000001	0.8529620000000001	18.666570999999998	1.0	6.068306	15.814245000000001	4.0	0.011286	4.973773	1.0	19.669804	1.6449189999999998	5.0	36.106273	3.036276	1.0	34.759640999999995	6.798845	5.0	46.389259	21.659276000000002	3.0	0.024992	0.300713	6.0	29.742448	3.6076050000000004	3.0	55.387351	11.182777999999999	6.0	30.878324
1612.0	2.0	1.715041	82.739482	63.34765600000001	78.24834399999999	0.222931	0.408681	0.286353	0.700553	11.610481	6.0	19.274185	0.8199420000000001	4.0	0.014624000000000002	5.043699	6.0	14.974125	4.498873000000001	4.0	61.97463199999999	10.215661	5.0	59.185914000000004	1.360515	2.0	10.320427	3.771686	5.0	0.013747	0.368674	3.0	55.564007999999994	0.25521	5.0	95.143612	23.173658	4.0	74.53618900000001
1656.0	2.0	23.319184	2.14836	96.377302	27.630751	0.666898	0.470332	0.728215	0.313971	8.067795	6.0	30.225656	5.478394000000001	4.0	0.015359999999999999	3.641569	1.0	53.787572	4.011946	2.0	60.78743299999999	14.774629999999998	1.0	23.767046	19.989713000000002	6.0	36.517070000000004	6.302338	2.0	0.017671	0.170537	1.0	79.47930699999999	4.902908	1.0	58.65380699999999	6.178996	5.0	33.915253
1798.0	2.0	7.769900999999999	4.796336	35.316123	17.831879999999998	0.65332	0.360085	0.384642	0.8550110000000001	2.1354849999999996	3.0	83.577396	19.42042	4.0	0.011112	2.354621	2.0	82.512006	5.253152	5.0	40.816654	19.328115	4.0	74.004327	5.337949	2.0	10.915784	1.335732	1.0	0.035325999999999996	4.057142	1.0	37.601277	0.55735	3.0	82.107275	7.804653999999999	6.0	25.829724
1803.0	2.0	46.124333	6.311212	97.69115	28.07965	0.86745	0.9432370000000001	0.692369	0.26425	14.414532000000001	2.0	60.459518	15.852595	5.0	0.01711	0.773921	4.0	38.168871	2.646403	3.0	6.844587	20.101804	1.0	22.467407	10.398826	2.0	27.071291	5.5611	4.0	0.049178	0.792467	6.0	2.61713	2.004458	2.0	2.787906	5.880651	5.0	76.15276899999999
2101.0	2.0	43.151524	8.680746000000001	73.850382	45.610495	0.35640900000000003	0.756207	0.864798	0.342535	20.816394	6.0	78.87878	24.786924	3.0	0.012674	4.2228580000000004	5.0	82.49939	4.131025	2.0	34.941203	6.102951999999999	6.0	59.794367	8.499711	5.0	10.522701	9.305519	5.0	0.018627	0.718581	2.0	63.941759999999995	2.6869810000000003	6.0	56.25133100000001	22.444241	6.0	23.853725
2162.0	2.0	8.796845	12.026093	66.16691	17.298802	0.37867199999999995	0.8661469999999999	0.1339	0.327285	2.569706	3.0	81.7363	18.911189	4.0	0.027699	0.372012	4.0	69.273465	0.574253	6.0	77.461283	10.594017	4.0	17.243853	4.561225	4.0	34.349936	4.538975	6.0	0.25898699999999997	0.624108	3.0	44.218277	3.892783	6.0	93.56638000000001	25.522637	5.0	20.915814
2286.0	2.0	22.224655	8.565747	96.472755	39.418987	0.589646	0.8578680000000001	0.687229	0.570347	17.61795	5.0	98.77048	9.092345	6.0	0.020965	2.172096	5.0	64.577437	0.8791030000000001	5.0	98.449202	10.846405	4.0	83.624923	18.561159	1.0	40.931646	21.473202	2.0	0.492433	0.152001	3.0	54.189541000000006	3.257425	3.0	50.861333	11.61996	3.0	92.429788
2606.0	2.0	86.668947	20.746787	38.275971999999996	66.228533	0.263981	0.8928649999999999	0.981381	0.991526	15.323777	2.0	3.216275	1.1619329999999999	6.0	0.040652	0.843872	5.0	96.825981	4.45718	1.0	50.654971999999994	16.183244000000002	3.0	54.1275	9.049812	1.0	92.358623	7.174411999999999	4.0	0.012134	1.9740659999999999	3.0	16.525292999999998	0.43015	2.0	71.647774	0.831134	2.0	20.741839000000002
2642.0	2.0	62.280488	9.900917999999999	84.26097800000001	94.442398	0.680719	0.730632	0.741586	0.8634950000000001	16.684291	4.0	5.977308	7.264367	5.0	0.014147999999999999	0.427425	1.0	4.048471	1.831691	5.0	55.468054	18.284678	5.0	21.245752	4.886183	6.0	17.388420999999997	5.82705	5.0	0.034198	0.664763	2.0	39.274204	4.663323	1.0	10.864917	2.799881	6.0	87.44229399999999
2679.0	2.0	10.838082	3.312753	38.74476	39.790521999999996	0.107295	0.456844	0.44465200000000005	0.578137	4.218411	4.0	24.807367000000003	13.104201	2.0	0.22615500000000002	3.5958989999999997	4.0	73.19724000000001	4.388029	2.0	41.048013	6.232056	2.0	15.302863	19.328546	6.0	7.164375	8.414069	5.0	0.048404	0.322488	3.0	74.998361	3.4656839999999995	4.0	21.680811	8.283679	6.0	30.198597999999997
2783.0	2.0	29.453272	10.243851	46.828255	94.572867	0.222723	0.533945	0.661474	0.625895	9.20407	3.0	42.04326	10.084913	3.0	0.017041999999999998	1.8430080000000002	2.0	17.173277	3.7113050000000003	4.0	39.288872999999995	22.241173	3.0	48.392196000000006	2.789645	1.0	19.272725	23.189085000000002	2.0	0.019993	0.069195	5.0	41.208484000000006	2.15151	5.0	1.3592309999999999	22.934835999999997	5.0	90.760639
2857.0	2.0	16.879376999999998	15.134823999999998	48.479108000000004	92.469021	0.9586309999999999	0.8400700000000001	0.900558	0.6698270000000001	23.65	5.0	46.078322	13.027363000000001	5.0	0.032336000000000004	5.644082	6.0	5.476828	4.111008999999999	2.0	28.724936	13.947375	2.0	4.062913	4.890998000000001	1.0	58.099584	14.698906	4.0	0.010976999999999999	1.272307	4.0	40.21065	0.084078	4.0	61.682639	24.037897	6.0	51.859068
3166.0	2.0	15.167353	29.634867	88.69066	73.077815	0.341332	0.953141	0.17440999999999998	0.6805399999999999	15.250760000000001	4.0	68.009949	1.018334	2.0	0.017011000000000002	3.423594	5.0	26.839419	4.84574	1.0	34.811721999999996	19.942906	3.0	19.856573	21.028721	2.0	27.800272999999997	2.670443	6.0	0.010624	2.510062	2.0	1.445294	3.7425910000000004	1.0	34.565985999999995	13.529988000000001	3.0	83.952003
3210.0	2.0	3.6225870000000002	60.530564	70.70963499999999	34.856347	0.9095110000000001	0.959266	0.142874	0.901335	15.653386	2.0	29.212705	6.768055	5.0	0.022419	4.534509	6.0	99.292085	5.312441000000001	2.0	97.856373	16.55603	4.0	67.699779	13.789537	1.0	38.968008000000005	1.9173759999999997	3.0	0.018228	2.273285	1.0	24.385123	1.810832	3.0	89.156287	15.667494	3.0	67.553136
3379.0	2.0	47.440407	4.778474	11.424878999999999	42.415986	0.633892	0.588928	0.590747	0.387802	7.565958	6.0	94.28253199999999	2.0725740000000004	1.0	0.099562	5.67154	4.0	72.149111	3.0301169999999997	5.0	26.910484000000004	6.985780999999999	2.0	16.589565	0.360406	3.0	84.09113599999999	10.697061	2.0	0.021236	5.289265	3.0	2.3236209999999997	2.966788	1.0	65.042825	19.616889999999998	2.0	93.058769
3494.0	2.0	92.444928	15.831868	99.006587	87.47932800000001	0.555333	0.9471649999999999	0.705214	0.91056	12.864981	5.0	62.356595	9.303973	2.0	0.018906	5.029518	2.0	25.043004	1.243849	6.0	35.698006	16.879893	5.0	73.258832	23.756894	4.0	2.33428	23.349443	6.0	0.956684	5.32665	3.0	2.6194029999999997	3.007268	3.0	52.537245999999996	16.933375	4.0	80.186741
3570.0	2.0	7.033244	10.896654	56.632516	47.609619	0.299621	0.634145	0.629384	0.6045020000000001	6.334436	2.0	28.535502	7.9500470000000005	4.0	0.01671	6.236369	1.0	1.9746860000000002	4.976717	2.0	58.099639	22.842073000000003	4.0	6.536575	22.573829	1.0	5.600612	17.926985000000002	6.0	0.058753	0.24124600000000002	6.0	79.689075	0.584052	3.0	57.616265000000006	18.269146	4.0	93.774778
3668.0	2.0	52.237621999999995	5.4169599999999996	82.796984	86.248588	0.8960040000000001	0.45822299999999994	0.171546	0.725557	12.511294	2.0	36.370034999999994	1.012073	2.0	0.048623	0.582412	6.0	84.32182399999999	0.631444	6.0	15.292491	7.723628	5.0	75.06611	4.215654	3.0	25.337288	9.639178999999999	2.0	0.020675	4.4446	3.0	23.780215	0.840025	6.0	15.182093	4.52366	6.0	86.749268
3711.0	2.0	46.199425	32.75793	32.555411	71.962012	0.646465	0.8637299999999999	0.5452279999999999	0.655057	6.684614999999999	5.0	99.62261	13.176182999999998	6.0	0.027576	0.9461629999999999	4.0	91.879246	6.222434	6.0	85.802327	23.168551	6.0	57.81605	10.162238	1.0	79.61883	0.343373	1.0	0.065986	3.9505410000000003	2.0	2.751157	5.825558	1.0	1.211033	17.662674	3.0	86.602721
3858.0	2.0	31.576739	9.689195	98.347976	5.467251	0.100819	0.488849	0.106813	0.9877370000000001	9.963049	5.0	36.067599	9.44848	1.0	0.08067300000000001	1.001579	4.0	89.552131	4.544283	3.0	33.81811	15.213415	4.0	25.334552	5.833524	1.0	13.460445000000002	5.675699	3.0	0.021069	2.1778560000000002	5.0	31.628496999999996	2.796106	4.0	85.361954	0.952282	2.0	13.999601
4200.0	2.0	12.494589	4.908691999999999	82.575254	96.852592	0.424436	0.276992	0.29438600000000004	0.8547680000000001	19.927158	5.0	99.73898	23.633418	6.0	0.01008	3.812387	3.0	9.814528999999999	0.103413	2.0	12.797286999999999	22.932048	3.0	46.077156	14.763972	3.0	86.793962	14.753851000000001	4.0	0.011937999999999999	0.23313699999999998	5.0	28.975864	3.684069	5.0	99.511009	6.073321	3.0	97.748635
4605.0	2.0	4.94201	3.816816	49.550806	81.520803	0.792507	0.9429709999999999	0.410546	0.816917	12.392128	2.0	65.957358	17.920203	2.0	0.403839	3.046071	5.0	12.601691	3.992393	2.0	41.779328	11.575337	2.0	34.074816	6.2012279999999995	2.0	3.663854	5.066078	3.0	0.016004	2.911679	2.0	35.993924	2.207023	1.0	7.700547	25.072878	5.0	57.771927000000005
4636.0	2.0	97.570265	20.030977	35.280684	24.207914000000002	0.768493	0.9244959999999999	0.776536	0.7967390000000001	14.483868	4.0	64.804008	7.787786	3.0	0.016441	0.671201	3.0	99.302306	0.75944	1.0	32.349011	18.277141	4.0	38.238252	1.275002	1.0	26.558224	1.933328	1.0	0.025263999999999998	1.337046	1.0	90.925065	1.4354360000000002	5.0	69.432797	17.228986	2.0	11.403744
4646.0	2.0	3.699235	12.141339	81.0401	77.705713	0.363591	0.584605	0.18920599999999999	0.5201560000000001	8.659722	2.0	70.19837	23.887431	6.0	0.013778	2.4476400000000003	4.0	61.525916	5.204282	3.0	21.143041	10.510117999999999	2.0	9.59722	21.925027	1.0	22.499465	19.109996	1.0	0.011989	0.243585	5.0	19.065210999999998	5.282099	1.0	17.628381	14.627498000000001	5.0	35.94982
4773.0	2.0	92.773037	14.494525	64.473568	60.4932	0.42210600000000004	0.982203	0.690874	0.15695699999999999	18.110249	6.0	32.591355	7.533116000000001	1.0	0.017044999999999998	4.398422	5.0	47.132946999999994	2.115981	3.0	18.142474	9.900863000000001	5.0	75.812046	5.672855	1.0	8.950772	23.418764000000003	2.0	0.010831	1.6485509999999999	3.0	75.29135699999999	0.09124	2.0	73.675714	23.776041	5.0	92.486389
4783.0	2.0	69.57299599999999	20.15191	87.845943	46.649786	0.538008	0.75102	0.8899729999999999	0.334913	15.848778	6.0	47.068271	19.054229	6.0	0.017256999999999998	4.877141	6.0	20.705829	0.903867	2.0	59.620999	15.175020000000002	5.0	38.740757	22.118401000000002	3.0	7.50073	5.36759	2.0	0.010745000000000001	0.685665	1.0	31.435871999999996	0.45489799999999997	6.0	29.394599	24.115223	3.0	95.279337
4815.0	2.0	41.034681	4.213435	82.208706	47.154554	0.288846	0.680126	0.600699	0.19878800000000002	10.403289	5.0	1.1867159999999999	24.498146	6.0	0.016087999999999998	2.562722	3.0	42.376168	0.081929	6.0	97.450774	10.209192999999999	2.0	10.429369	23.145449	1.0	2.236802	4.631777	6.0	0.13655	4.908023	6.0	2.221682	3.486589	1.0	59.968067000000005	23.805719	4.0	51.591065
5166.0	2.0	36.187279	1.475523	69.410025	22.15416	0.536247	0.691222	0.211707	0.6919109999999999	5.332501000000001	3.0	2.166945	8.627805	4.0	0.016312	3.473033	1.0	47.021815999999994	4.2527040000000005	3.0	56.536172	2.525823	2.0	79.94933499999999	22.271639999999998	2.0	31.88518	3.2775769999999995	5.0	0.044274	0.572036	1.0	28.202854	1.708981	3.0	52.746461	10.382873	2.0	43.928810999999996
5443.0	2.0	38.437452	10.361079	64.839837	72.486413	0.7231890000000001	0.9841270000000001	0.729106	0.63081	7.592356	3.0	71.766568	6.052154	3.0	0.105574	2.830507	6.0	52.364814	1.812285	6.0	75.618565	5.424666	3.0	19.162485999999998	3.750607	1.0	60.67479300000001	5.3090910000000004	4.0	0.017563	0.363975	2.0	64.570212	2.88995	1.0	27.307171000000004	7.0524759999999995	4.0	90.254432
5600.0	2.0	72.52633900000001	13.928366	95.921495	92.59734499999999	0.506026	0.78825	0.458481	0.7620060000000001	23.256065	3.0	88.666432	4.3329580000000005	2.0	0.034109	5.888859	5.0	30.059918	5.611654	3.0	51.568678000000006	23.577636	6.0	80.198861	8.451174	6.0	61.306385999999996	19.909071	5.0	0.034033999999999995	0.202067	1.0	99.689614	2.421961	3.0	90.163829	25.499039	6.0	71.17025500000001
5637.0	2.0	1.354617	64.473951	80.526554	21.364871	0.7285119999999999	0.8885700000000001	0.873114	0.568483	19.275952	2.0	94.561115	17.957968	5.0	0.035766	4.264416000000001	5.0	15.336204	1.982363	3.0	96.353124	11.329778999999998	3.0	7.545750999999999	19.845391	2.0	11.434968	7.797991000000001	5.0	0.020138999999999997	2.152812	1.0	90.818054	5.351039	1.0	24.111697	16.235712	3.0	41.89945
5682.0	2.0	25.641028	7.003566999999999	84.48379	7.600067999999999	0.409427	0.745961	0.44739700000000004	0.610118	21.239352	4.0	75.978275	3.961593	5.0	0.010386	0.911684	3.0	15.369129999999998	4.38687	4.0	62.785378	8.04676	1.0	91.272071	16.298371	1.0	81.122311	19.237644	4.0	0.047085	1.7765970000000002	1.0	19.681936999999998	0.759739	4.0	34.341491	3.9362160000000004	5.0	12.972516
6167.0	2.0	11.237264	10.244245	54.44638199999999	60.49649599999999	0.22303499999999998	0.625138	0.39650799999999997	0.968044	11.505574000000001	3.0	32.056453000000005	10.176775	3.0	0.04832	5.155826	1.0	67.15381500000001	1.375098	1.0	29.996465999999998	11.914764	6.0	81.315128	12.136168	3.0	10.542238000000001	4.6535839999999995	6.0	0.015965	0.274323	2.0	61.194517000000005	4.429579	1.0	73.680593	14.135025	4.0	50.108714
6335.0	2.0	26.326645000000003	5.930937	89.430718	69.794064	0.503562	0.430167	0.206315	0.580991	20.042332000000002	1.0	73.583044	22.829285000000002	3.0	0.09084099999999999	3.5856739999999996	6.0	64.79926800000001	6.069016	4.0	46.692935999999996	13.45541	1.0	11.915066	25.102158	1.0	18.94781	18.902276	6.0	0.01178	2.723443	3.0	3.416031	5.644722	1.0	48.807933	21.984704	5.0	90.14761899999999
6436.0	2.0	1.216022	22.678701	90.683715	48.548545000000004	0.12346099999999999	0.893177	0.18186	0.564372	8.964447	1.0	36.574802000000005	17.358045999999998	1.0	0.016087999999999998	4.690293	6.0	59.821911	4.654688	4.0	32.63736	23.423796	4.0	10.783223	2.703233	4.0	24.352968	4.291912	3.0	0.01516	2.925422	1.0	82.521365	2.781148	2.0	44.528909000000006	21.227528	4.0	45.494978
6719.0	2.0	69.160816	11.683502	46.625603999999996	81.517268	0.9003049999999999	0.637933	0.873983	0.410204	21.241301999999997	2.0	33.959533	12.160077000000001	4.0	0.010976	2.779202	1.0	65.9839	1.295336	1.0	8.387725999999999	20.450008999999998	1.0	11.695716000000001	15.430878	1.0	9.001443	19.24704	4.0	0.012934999999999999	1.219958	1.0	54.57547099999999	3.6256459999999997	5.0	34.534490000000005	16.854066	5.0	66.379212
6762.0	2.0	15.80062	25.907606	35.114652	99.54468299999999	0.815316	0.35846999999999996	0.617827	0.31249899999999997	0.821952	2.0	5.4125239999999994	24.227061	4.0	0.025602999999999997	5.741775	6.0	58.360599	2.190067	6.0	64.558328	0.369672	3.0	59.933271	0.990708	6.0	75.64435	15.568864999999999	6.0	0.09741	3.33635	1.0	62.774554	2.325132	5.0	58.185021	0.783803	1.0	34.438398
6820.0	2.0	34.526858000000004	3.338606	67.410409	51.788177000000005	0.9709899999999999	0.314769	0.198033	0.43642700000000006	21.324534	4.0	42.114931	6.077016	4.0	0.010472	4.322556	5.0	69.959891	0.501796	4.0	20.423370000000002	19.721104	1.0	37.503233	25.05353	3.0	11.427864	6.339016	5.0	0.028981	0.691178	5.0	67.83394	2.913966	5.0	2.8143439999999997	16.968029	3.0	79.369435
6846.0	2.0	9.806375	4.427951999999999	57.969914	24.477678	0.883547	0.435144	0.254668	0.6845600000000001	21.614570999999998	6.0	83.701275	25.347391000000002	6.0	0.010898999999999999	5.018896	5.0	12.542724	4.473089	1.0	87.82588299999999	20.866877	6.0	30.259737	6.172294	1.0	39.555704999999996	8.024725	2.0	0.042906	3.00952	2.0	18.901832000000002	0.140575	5.0	42.382985	21.47576	5.0	28.798057
7635.0	2.0	25.651103	5.664368	83.75161999999999	75.710551	0.5988399999999999	0.9496190000000001	0.755631	0.503633	5.149411	4.0	49.287113	21.404208999999998	4.0	0.013096	3.926196	3.0	86.023115	1.247739	1.0	54.494914	22.908465	1.0	91.701131	0.6701090000000001	4.0	21.664645999999998	13.974367	5.0	0.010689	1.2732350000000001	2.0	18.711393	4.626418	5.0	3.063043	12.595196000000001	6.0	64.06727
8009.0	2.0	25.349161	13.480038	48.189453	86.370329	0.9960549999999999	0.47029799999999994	0.101383	0.446219	9.13055	3.0	52.9788	20.805939000000002	1.0	0.013550999999999999	0.13811700000000002	6.0	6.753105000000001	3.871378	2.0	16.432641	20.821222	6.0	42.664417	14.019882999999998	1.0	24.816513	14.658183	5.0	0.010005	5.441911	2.0	51.635539	2.364721	2.0	43.810547	16.94152	4.0	69.030475
8100.0	2.0	84.454561	3.287295	30.31375	81.47948199999999	0.152732	0.611166	0.128303	0.7096899999999999	22.305398	3.0	71.93679399999999	1.8386	1.0	0.033802	5.727697	3.0	39.407838	0.979822	4.0	90.846559	7.894871000000001	2.0	2.759385	3.425042	4.0	59.398436	15.863601000000001	6.0	0.014232	1.424999	1.0	36.005643	4.897792	4.0	60.19707	13.447115	5.0	85.03649899999999
8356.0	2.0	40.10875	15.996101999999999	67.012043	33.668756	0.8235129999999999	0.6043930000000001	0.78113	0.41707700000000003	11.265535	6.0	33.284084	7.9799679999999995	5.0	0.023329	3.30985	6.0	50.210181	2.283887	2.0	36.634469	15.163478	3.0	25.285682	6.075786	6.0	46.896698	5.322267	4.0	0.010061	0.065179	5.0	22.442717000000002	1.629499	2.0	46.97081	4.252914	6.0	73.828554
9092.0	2.0	52.068552000000004	1.957068	22.506518	82.819463	0.30075	0.43414200000000003	0.20112	0.354713	11.08007	5.0	25.270542000000003	5.4156830000000005	4.0	0.085752	4.592766	2.0	93.208014	2.857453	5.0	64.865494	14.787856	3.0	24.106821	7.648966000000001	6.0	43.914259	7.279078	5.0	0.010362999999999999	0.237884	1.0	42.962706	5.746873	5.0	33.754121000000005	17.963759	4.0	16.982014000000003
9146.0	2.0	83.725602	5.921759	58.953738	90.424515	0.104046	0.7510319999999999	0.27765700000000004	0.896618	20.993779	4.0	3.081779	10.525994	4.0	0.022268	0.438763	6.0	94.99510699999999	4.189398000000001	2.0	86.38407	13.20289	5.0	65.572404	23.303235	4.0	11.166542	1.344986	2.0	0.022647999999999998	2.580486	4.0	4.027876999999999	5.632818	5.0	54.953799	12.793073	4.0	31.588590999999997
9506.0	2.0	2.598443	3.731392	60.490481	30.183384999999998	0.8927809999999999	0.619226	0.149478	0.498579	16.032071	1.0	13.989564000000001	16.641351	4.0	0.013075999999999999	1.545074	4.0	52.02424	2.6897189999999997	3.0	92.81143	2.905719	5.0	38.730778	10.908700999999999	6.0	30.043398999999997	13.046072	2.0	0.025394999999999997	0.40066799999999997	5.0	30.710557	3.4107480000000003	1.0	33.186046000000005	17.756548000000002	6.0	26.722058
9702.0	2.0	68.291157	58.278551	30.205873999999998	91.314065	0.9656680000000001	0.8700459999999999	0.2907	0.19325699999999998	20.030988	2.0	78.660555	2.814451	3.0	0.086413	3.86165	6.0	98.73464	4.547733999999999	1.0	83.058242	0.46485	6.0	13.7668	20.972609	2.0	34.239346999999995	21.923982000000002	1.0	0.058458	5.575923	6.0	49.054171000000004	2.765727	1.0	23.190686	6.813397	3.0	9.401555
9779.0	2.0	17.669283	20.493752999999998	13.467609	70.77969499999999	0.778616	0.955377	0.35830700000000004	0.576588	22.219942	4.0	55.304678	17.625294	3.0	0.037423000000000005	3.490036	1.0	37.392585	2.848503	4.0	22.789794	17.892782999999998	5.0	84.281851	10.932499	2.0	1.315664	20.953856	5.0	0.076891	2.589906	6.0	22.033347	3.98474	1.0	68.534373	24.065777999999998	6.0	62.312293999999994
9902.0	2.0	72.492407	2.014655	90.309772	96.024606	0.311329	0.7085229999999999	0.68245	0.5240100000000001	7.864667	5.0	14.518099	1.604762	4.0	0.011917	5.63879	5.0	94.480207	4.965039	1.0	96.79389599999999	4.2192050000000005	4.0	21.065169	5.986092	2.0	17.106937	13.437475	2.0	0.015006	0.242732	2.0	67.069331	3.032234	2.0	80.17754599999999	23.269396	5.0	51.993577
9992.0	2.0	19.494089000000002	26.299264	15.763604	95.011646	0.41514300000000004	0.865892	0.920851	0.909876	20.042558	5.0	93.903265	10.666744	5.0	0.011441	1.000637	1.0	86.509958	4.0678730000000005	1.0	95.547696	19.198964	3.0	5.214987000000001	18.180258	2.0	4.272228	9.22842	3.0	0.046206	2.126537	1.0	25.269778	3.3485169999999997	5.0	68.093243	7.200201	5.0	45.217357
110.0	2.0	76.139426	6.244344	36.052794	19.584053	0.9248200000000001	0.743418	0.47267600000000004	0.5327270000000001	10.755533999999999	1.0	82.465592	15.054266	4.0	0.064296	2.809673	2.0	69.623527	1.968637	6.0	10.676047	16.898479000000002	1.0	87.303751	3.184302	3.0	32.668919	23.084948999999998	4.0	0.041849000000000004	0.7192109999999999	1.0	15.530346	1.500259	5.0	5.567183	16.876324	3.0	71.990353
401.0	2.0	56.111441000000006	8.086116	36.747339000000004	76.64485	0.941909	0.797126	0.6002890000000001	0.95706	5.030025	5.0	87.07135799999999	6.7446660000000005	4.0	0.024534999999999998	0.143568	2.0	97.678967	1.8649099999999998	6.0	12.682517	15.06809	2.0	98.958187	16.849548000000002	2.0	4.092953	3.84986	2.0	0.012451	1.135019	1.0	16.166748000000002	0.15321400000000002	2.0	46.613285999999995	25.633041	6.0	99.66284499999999
433.0	2.0	8.496279	37.056376	76.89793399999999	55.640330000000006	0.7688149999999999	0.808592	0.656118	0.191529	15.631260999999999	3.0	46.931531	1.66914	4.0	0.019044	1.716602	3.0	9.035853	5.849981	2.0	69.139465	6.665	1.0	71.55207800000001	15.133072	2.0	21.864806	5.27836	1.0	0.010827	0.49149899999999996	5.0	28.272769	4.292051	5.0	70.253212	18.11516	5.0	86.540628
450.0	2.0	56.271714	19.071692000000002	58.819146999999994	11.158802	0.799085	0.944325	0.15326800000000002	0.6681060000000001	5.13732	1.0	1.247132	12.035909	3.0	0.016019	1.8842279999999998	1.0	54.30327	5.704783	2.0	14.313598	21.462864	2.0	53.685912	21.784987	5.0	2.105305	13.522860999999999	1.0	0.014586000000000002	3.842764	1.0	92.016607	0.37738	3.0	12.280917	2.5347419999999996	4.0	78.79855400000001
480.0	2.0	1.087034	17.928298	28.008446000000003	30.600334999999998	0.48526800000000003	0.971308	0.7320760000000001	0.492458	16.151738	1.0	95.482508	0.8585309999999999	5.0	0.328948	4.662849	3.0	95.533552	4.87946	4.0	35.76728	3.731403	1.0	27.333801	19.397602	1.0	87.962311	7.315430999999999	4.0	0.019629	1.39042	1.0	21.638285999999997	0.769243	1.0	22.572387	24.758627	3.0	21.149603
492.0	2.0	19.936989999999998	3.2010970000000003	69.09499100000001	22.122524	0.598517	0.6831020000000001	0.306398	0.530903	17.17063	1.0	45.672928999999996	12.760317	6.0	0.041795	1.481814	2.0	5.329148	4.337431	3.0	26.047323000000002	6.411055	4.0	71.046468	17.824664000000002	4.0	37.351234999999996	7.4273039999999995	6.0	0.013712	0.120209	5.0	67.953987	1.465639	2.0	43.804033000000004	22.182848	5.0	84.135462
624.0	2.0	10.679963	17.740077	84.171643	26.904049	0.806986	0.603533	0.486559	0.5680310000000001	21.008221	4.0	80.863584	5.718757	5.0	0.016675	4.658663	1.0	70.977316	3.213164	2.0	29.202237	5.148526	4.0	10.796586	16.116408	5.0	3.5653309999999996	12.050647999999999	2.0	0.043243000000000004	5.737988	1.0	30.547712	1.900352	5.0	62.908287	12.737396	4.0	96.207319
772.0	2.0	59.238209	2.874231	53.376171	12.835382000000001	0.130125	0.380188	0.671007	0.5819489999999999	3.700757	1.0	78.593935	24.355519	1.0	0.031285	3.090107	4.0	37.096613	2.509195	4.0	15.833548	11.918949000000001	5.0	50.280840000000005	3.439895	3.0	6.678729	21.555365	4.0	0.015557	2.872489	1.0	54.88287	2.2310779999999997	5.0	55.789835	20.624414	6.0	99.007324
875.0	2.0	5.514597	84.631801	18.849149	76.866878	0.902909	0.7384149999999999	0.13496	0.877583	1.6809610000000001	3.0	40.364048	16.680699	4.0	0.040877	4.816515	1.0	68.71072	5.798578	5.0	40.589314	16.895744	6.0	54.433259	9.627436999999999	1.0	9.635255	9.260055	5.0	0.032171	0.197184	2.0	79.12710200000001	1.994001	2.0	58.269535	14.861232000000001	5.0	30.192427000000002
1012.0	2.0	46.573705	47.032392	6.207167	51.582848999999996	0.815338	0.8309340000000001	0.515847	0.28034699999999996	1.382427	3.0	34.410696	19.805419	4.0	0.011849	0.623329	1.0	3.3042769999999995	5.883541	6.0	85.614983	1.701352	2.0	77.836135	15.030528	1.0	54.566066000000006	3.907675	1.0	0.681319	4.287649	4.0	8.142396000000002	0.069435	5.0	93.24035	0.333242	5.0	25.193025
1040.0	2.0	5.164422	33.501148	96.390557	80.367736	0.7242850000000001	0.52833	0.345625	0.5758479999999999	22.653617	1.0	26.815438	19.099608	2.0	0.010628	2.523056	6.0	22.34411	2.621645	2.0	11.512329	20.601123	3.0	21.850917000000003	14.892835999999999	4.0	36.484457	22.156043	1.0	0.010893	5.206851	1.0	50.469844	0.242137	2.0	98.80869100000001	21.607136999999998	5.0	88.515485
1062.0	2.0	63.559038	8.793357	59.848766000000005	34.438028	0.6740470000000001	0.7018399999999999	0.20439100000000002	0.6494880000000001	6.9773369999999995	6.0	28.715378	9.128821	1.0	0.030552	6.03624	4.0	27.902390999999998	1.958188	4.0	64.871669	21.304288	4.0	46.349901	9.117128	2.0	22.737289999999998	2.627205	5.0	0.079222	0.456395	6.0	9.602941	1.033376	1.0	2.943093	7.491117	6.0	61.74929
1244.0	2.0	8.723583999999999	6.969065	37.327284000000006	65.713819	0.34376799999999996	0.792396	0.10502	0.40497	8.440578	5.0	13.729851000000002	13.708236999999999	6.0	0.027351999999999998	0.699029	1.0	35.575949	5.030623	1.0	80.58757800000001	20.330022	3.0	16.620414999999998	8.234511	6.0	84.478971	18.738782	1.0	0.010046	0.793924	2.0	52.225792	5.4716830000000005	6.0	67.86873800000001	14.58366	6.0	14.729897
1301.0	2.0	97.003528	9.896596	84.82574	43.168955	0.437903	0.9304180000000001	0.996419	0.439325	3.2084919999999997	3.0	60.564588	18.611066	6.0	0.013018	5.4941830000000005	1.0	20.245969	4.178705	4.0	10.686268	10.518873	2.0	28.666059000000004	21.554237	5.0	6.949858	17.510749	3.0	0.018538	2.6893439999999997	1.0	96.620242	4.6915260000000005	5.0	8.250803999999999	17.675973000000003	5.0	89.404635
1373.0	2.0	14.008894	32.411832000000004	51.693073	60.431948	0.40737399999999996	0.569662	0.33472199999999996	0.207331	11.881297	1.0	35.630703999999994	0.542981	6.0	0.014549000000000001	0.6500819999999999	5.0	86.33281099999999	5.2344550000000005	1.0	34.275191	0.48045200000000005	6.0	70.421925	6.05315	4.0	55.600159	16.545645999999998	5.0	0.015804	1.8103069999999999	2.0	11.095272	3.588243	5.0	13.433442000000001	4.1005080000000005	1.0	66.459861
1485.0	2.0	4.168163	65.288965	47.67126	21.670767	0.523963	0.454233	0.20571	0.534116	20.498686	6.0	9.742935000000001	7.901298	3.0	0.015989	5.622632	3.0	28.397834999999997	6.17816	5.0	14.028253	22.570570999999997	4.0	73.495675	13.288007	2.0	88.49230899999999	18.255633	5.0	0.038618	0.33317800000000003	1.0	64.59537399999999	2.751574	3.0	50.726468	13.414701999999998	6.0	77.627385
1596.0	2.0	21.05698	4.098214	91.31951600000001	41.417685999999996	0.75589	0.923955	0.11848800000000001	0.8529620000000001	18.666570999999998	1.0	6.068306	15.814245000000001	4.0	0.011286	4.973773	1.0	19.669804	1.6449189999999998	5.0	36.106273	3.036276	1.0	34.759640999999995	6.798845	5.0	46.389259	21.659276000000002	3.0	0.024992	0.300713	6.0	29.742448	3.6076050000000004	3.0	55.387351	11.182777999999999	6.0	30.878324
1612.0	2.0	1.715041	82.739482	63.34765600000001	78.24834399999999	0.222931	0.408681	0.286353	0.700553	11.610481	6.0	19.274185	0.8199420000000001	4.0	0.014624000000000002	5.043699	6.0	14.974125	4.498873000000001	4.0	61.97463199999999	10.215661	5.0	59.185914000000004	1.360515	2.0	10.320427	3.771686	5.0	0.013747	0.368674	3.0	55.564007999999994	0.25521	5.0	95.143612	23.173658	4.0	74.53618900000001
1656.0	2.0	23.319184	2.14836	96.377302	27.630751	0.666898	0.470332	0.728215	0.313971	8.067795	6.0	30.225656	5.478394000000001	4.0	0.015359999999999999	3.641569	1.0	53.787572	4.011946	2.0	60.78743299999999	14.774629999999998	1.0	23.767046	19.989713000000002	6.0	36.517070000000004	6.302338	2.0	0.017671	0.170537	1.0	79.47930699999999	4.902908	1.0	58.65380699999999	6.178996	5.0	33.915253
1798.0	2.0	7.769900999999999	4.796336	35.316123	17.831879999999998	0.65332	0.360085	0.384642	0.8550110000000001	2.1354849999999996	3.0	83.577396	19.42042	4.0	0.011112	2.354621	2.0	82.512006	5.253152	5.0	40.816654	19.328115	4.0	74.004327	5.337949	2.0	10.915784	1.335732	1.0	0.035325999999999996	4.057142	1.0	37.601277	0.55735	3.0	82.107275	7.804653999999999	6.0	25.829724
1803.0	2.0	46.124333	6.311212	97.69115	28.07965	0.86745	0.9432370000000001	0.692369	0.26425	14.414532000000001	2.0	60.459518	15.852595	5.0	0.01711	0.773921	4.0	38.168871	2.646403	3.0	6.844587	20.101804	1.0	22.467407	10.398826	2.0	27.071291	5.5611	4.0	0.049178	0.792467	6.0	2.61713	2.004458	2.0	2.787906	5.880651	5.0	76.15276899999999
2101.0	2.0	43.151524	8.680746000000001	73.850382	45.610495	0.35640900000000003	0.756207	0.864798	0.342535	20.816394	6.0	78.87878	24.786924	3.0	0.012674	4.2228580000000004	5.0	82.49939	4.131025	2.0	34.941203	6.102951999999999	6.0	59.794367	8.499711	5.0	10.522701	9.305519	5.0	0.018627	0.718581	2.0	63.941759999999995	2.6869810000000003	6.0	56.25133100000001	22.444241	6.0	23.853725
2162.0	2.0	8.796845	12.026093	66.16691	17.298802	0.37867199999999995	0.8661469999999999	0.1339	0.327285	2.569706	3.0	81.7363	18.911189	4.0	0.027699	0.372012	4.0	69.273465	0.574253	6.0	77.461283	10.594017	4.0	17.243853	4.561225	4.0	34.349936	4.538975	6.0	0.25898699999999997	0.624108	3.0	44.218277	3.892783	6.0	93.56638000000001	25.522637	5.0	20.915814
2286.0	2.0	22.224655	8.565747	96.472755	39.418987	0.589646	0.8578680000000001	0.687229	0.570347	17.61795	5.0	98.77048	9.092345	6.0	0.020965	2.172096	5.0	64.577437	0.8791030000000001	5.0	98.449202	10.846405	4.0	83.624923	18.561159	1.0	40.931646	21.473202	2.0	0.492433	0.152001	3.0	54.189541000000006	3.257425	3.0	50.861333	11.61996	3.0	92.429788
2606.0	2.0	86.668947	20.746787	38.275971999999996	66.228533	0.263981	0.8928649999999999	0.981381	0.991526	15.323777	2.0	3.216275	1.1619329999999999	6.0	0.040652	0.843872	5.0	96.825981	4.45718	1.0	50.654971999999994	16.183244000000002	3.0	54.1275	9.049812	1.0	92.358623	7.174411999999999	4.0	0.012134	1.9740659999999999	3.0	16.525292999999998	0.43015	2.0	71.647774	0.831134	2.0	20.741839000000002
2642.0	2.0	62.280488	9.900917999999999	84.26097800000001	94.442398	0.680719	0.730632	0.741586	0.8634950000000001	16.684291	4.0	5.977308	7.264367	5.0	0.014147999999999999	0.427425	1.0	4.048471	1.831691	5.0	55.468054	18.284678	5.0	21.245752	4.886183	6.0	17.388420999999997	5.82705	5.0	0.034198	0.664763	2.0	39.274204	4.663323	1.0	10.864917	2.799881	6.0	87.44229399999999
2679.0	2.0	10.838082	3.312753	38.74476	39.790521999999996	0.107295	0.456844	0.44465200000000005	0.578137	4.218411	4.0	24.807367000000003	13.104201	2.0	0.22615500000000002	3.5958989999999997	4.0	73.19724000000001	4.388029	2.0	41.048013	6.232056	2.0	15.302863	19.328546	6.0	7.164375	8.414069	5.0	0.048404	0.322488	3.0	74.998361	3.4656839999999995	4.0	21.680811	8.283679	6.0	30.198597999999997
2783.0	2.0	29.453272	10.243851	46.828255	94.572867	0.222723	0.533945	0.661474	0.625895	9.20407	3.0	42.04326	10.084913	3.0	0.017041999999999998	1.8430080000000002	2.0	17.173277	3.7113050000000003	4.0	39.288872999999995	22.241173	3.0	48.392196000000006	2.789645	1.0	19.272725	23.189085000000002	2.0	0.019993	0.069195	5.0	41.208484000000006	2.15151	5.0	1.3592309999999999	22.934835999999997	5.0	90.760639
2857.0	2.0	16.879376999999998	15.134823999999998	48.479108000000004	92.469021	0.9586309999999999	0.8400700000000001	0.900558	0.6698270000000001	23.65	5.0	46.078322	13.027363000000001	5.0	0.032336000000000004	5.644082	6.0	5.476828	4.111008999999999	2.0	28.724936	13.947375	2.0	4.062913	4.890998000000001	1.0	58.099584	14.698906	4.0	0.010976999999999999	1.272307	4.0	40.21065	0.084078	4.0	61.682639	24.037897	6.0	51.859068
3166.0	2.0	15.167353	29.634867	88.69066	73.077815	0.341332	0.953141	0.17440999999999998	0.6805399999999999	15.250760000000001	4.0	68.009949	1.018334	2.0	0.017011000000000002	3.423594	5.0	26.839419	4.84574	1.0	34.811721999999996	19.942906	3.0	19.856573	21.028721	2.0	27.800272999999997	2.670443	6.0	0.010624	2.510062	2.0	1.445294	3.7425910000000004	1.0	34.565985999999995	13.529988000000001	3.0	83.952003
3210.0	2.0	3.6225870000000002	60.530564	70.70963499999999	34.856347	0.9095110000000001	0.959266	0.142874	0.901335	15.653386	2.0	29.212705	6.768055	5.0	0.022419	4.534509	6.0	99.292085	5.312441000000001	2.0	97.856373	16.55603	4.0	67.699779	13.789537	1.0	38.968008000000005	1.9173759999999997	3.0	0.018228	2.273285	1.0	24.385123	1.810832	3.0	89.156287	15.667494	3.0	67.553136
3379.0	2.0	47.440407	4.778474	11.424878999999999	42.415986	0.633892	0.588928	0.590747	0.387802	7.565958	6.0	94.28253199999999	2.0725740000000004	1.0	0.099562	5.67154	4.0	72.149111	3.0301169999999997	5.0	26.910484000000004	6.985780999999999	2.0	16.589565	0.360406	3.0	84.09113599999999	10.697061	2.0	0.021236	5.289265	3.0	2.3236209999999997	2.966788	1.0	65.042825	19.616889999999998	2.0	93.058769
3494.0	2.0	92.444928	15.831868	99.006587	87.47932800000001	0.555333	0.9471649999999999	0.705214	0.91056	12.864981	5.0	62.356595	9.303973	2.0	0.018906	5.029518	2.0	25.043004	1.243849	6.0	35.698006	16.879893	5.0	73.258832	23.756894	4.0	2.33428	23.349443	6.0	0.956684	5.32665	3.0	2.6194029999999997	3.007268	3.0	52.537245999999996	16.933375	4.0	80.186741
3570.0	2.0	7.033244	10.896654	56.632516	47.609619	0.299621	0.634145	0.629384	0.6045020000000001	6.334436	2.0	28.535502	7.9500470000000005	4.0	0.01671	6.236369	1.0	1.9746860000000002	4.976717	2.0	58.099639	22.842073000000003	4.0	6.536575	22.573829	1.0	5.600612	17.926985000000002	6.0	0.058753	0.24124600000000002	6.0	79.689075	0.584052	3.0	57.616265000000006	18.269146	4.0	93.774778
3668.0	2.0	52.237621999999995	5.4169599999999996	82.796984	86.248588	0.8960040000000001	0.45822299999999994	0.171546	0.725557	12.511294	2.0	36.370034999999994	1.012073	2.0	0.048623	0.582412	6.0	84.32182399999999	0.631444	6.0	15.292491	7.723628	5.0	75.06611	4.215654	3.0	25.337288	9.639178999999999	2.0	0.020675	4.4446	3.0	23.780215	0.840025	6.0	15.182093	4.52366	6.0	86.749268
3711.0	2.0	46.199425	32.75793	32.555411	71.962012	0.646465	0.8637299999999999	0.5452279999999999	0.655057	6.684614999999999	5.0	99.62261	13.176182999999998	6.0	0.027576	0.9461629999999999	4.0	91.879246	6.222434	6.0	85.802327	23.168551	6.0	57.81605	10.162238	1.0	79.61883	0.343373	1.0	0.065986	3.9505410000000003	2.0	2.751157	5.825558	1.0	1.211033	17.662674	3.0	86.602721
3858.0	2.0	31.576739	9.689195	98.347976	5.467251	0.100819	0.488849	0.106813	0.9877370000000001	9.963049	5.0	36.067599	9.44848	1.0	0.08067300000000001	1.001579	4.0	89.552131	4.544283	3.0	33.81811	15.213415	4.0	25.334552	5.833524	1.0	13.460445000000002	5.675699	3.0	0.021069	2.1778560000000002	5.0	31.628496999999996	2.796106	4.0	85.361954	0.952282	2.0	13.999601
4200.0	2.0	12.494589	4.908691999999999	82.575254	96.852592	0.424436	0.276992	0.29438600000000004	0.8547680000000001	19.927158	5.0	99.73898	23.633418	6.0	0.01008	3.812387	3.0	9.814528999999999	0.103413	2.0	12.797286999999999	22.932048	3.0	46.077156	14.763972	3.0	86.793962	14.753851000000001	4.0	0.011937999999999999	0.23313699999999998	5.0	28.975864	3.684069	5.0	99.511009	6.073321	3.0	97.748635
4605.0	2.0	4.94201	3.816816	49.550806	81.520803	0.792507	0.9429709999999999	0.410546	0.816917	12.392128	2.0	65.957358	17.920203	2.0	0.403839	3.046071	5.0	12.601691	3.992393	2.0	41.779328	11.575337	2.0	34.074816	6.2012279999999995	2.0	3.663854	5.066078	3.0	0.016004	2.911679	2.0	35.993924	2.207023	1.0	7.700547	25.072878	5.0	57.771927000000005
4636.0	2.0	97.570265	20.030977	35.280684	24.207914000000002	0.768493	0.9244959999999999	0.776536	0.7967390000000001	14.483868	4.0	64.804008	7.787786	3.0	0.016441	0.671201	3.0	99.302306	0.75944	1.0	32.349011	18.277141	4.0	38.238252	1.275002	1.0	26.558224	1.933328	1.0	0.025263999999999998	1.337046	1.0	90.925065	1.4354360000000002	5.0	69.432797	17.228986	2.0	11.403744
4646.0	2.0	3.699235	12.141339	81.0401	77.705713	0.363591	0.584605	0.18920599999999999	0.5201560000000001	8.659722	2.0	70.19837	23.887431	6.0	0.013778	2.4476400000000003	4.0	61.525916	5.204282	3.0	21.143041	10.510117999999999	2.0	9.59722	21.925027	1.0	22.499465	19.109996	1.0	0.011989	0.243585	5.0	19.065210999999998	5.282099	1.0	17.628381	14.627498000000001	5.0	35.94982
4773.0	2.0	92.773037	14.494525	64.473568	60.4932	0.42210600000000004	0.982203	0.690874	0.15695699999999999	18.110249	6.0	32.591355	7.533116000000001	1.0	0.017044999999999998	4.398422	5.0	47.132946999999994	2.115981	3.0	18.142474	9.900863000000001	5.0	75.812046	5.672855	1.0	8.950772	23.418764000000003	2.0	0.010831	1.6485509999999999	3.0	75.29135699999999	0.09124	2.0	73.675714	23.776041	5.0	92.486389
4783.0	2.0	69.57299599999999	20.15191	87.845943	46.649786	0.538008	0.75102	0.8899729999999999	0.334913	15.848778	6.0	47.068271	19.054229	6.0	0.017256999999999998	4.877141	6.0	20.705829	0.903867	2.0	59.620999	15.175020000000002	5.0	38.740757	22.118401000000002	3.0	7.50073	5.36759	2.0	0.010745000000000001	0.685665	1.0	31.435871999999996	0.45489799999999997	6.0	29.394599	24.115223	3.0	95.279337
4815.0	2.0	41.034681	4.213435	82.208706	47.154554	0.288846	0.680126	0.600699	0.19878800000000002	10.403289	5.0	1.1867159999999999	24.498146	6.0	0.016087999999999998	2.562722	3.0	42.376168	0.081929	6.0	97.450774	10.209192999999999	2.0	10.429369	23.145449	1.0	2.236802	4.631777	6.0	0.13655	4.908023	6.0	2.221682	3.486589	1.0	59.968067000000005	23.805719	4.0	51.591065
5166.0	2.0	36.187279	1.475523	69.410025	22.15416	0.536247	0.691222	0.211707	0.6919109999999999	5.332501000000001	3.0	2.166945	8.627805	4.0	0.016312	3.473033	1.0	47.021815999999994	4.2527040000000005	3.0	56.536172	2.525823	2.0	79.94933499999999	22.271639999999998	2.0	31.88518	3.2775769999999995	5.0	0.044274	0.572036	1.0	28.202854	1.708981	3.0	52.746461	10.382873	2.0	43.928810999999996
5443.0	2.0	38.437452	10.361079	64.839837	72.486413	0.7231890000000001	0.9841270000000001	0.729106	0.63081	7.592356	3.0	71.766568	6.052154	3.0	0.105574	2.830507	6.0	52.364814	1.812285	6.0	75.618565	5.424666	3.0	19.162485999999998	3.750607	1.0	60.67479300000001	5.3090910000000004	4.0	0.017563	0.363975	2.0	64.570212	2.88995	1.0	27.307171000000004	7.0524759999999995	4.0	90.254432
5600.0	2.0	72.52633900000001	13.928366	95.921495	92.59734499999999	0.506026	0.78825	0.458481	0.7620060000000001	23.256065	3.0	88.666432	4.3329580000000005	2.0	0.034109	5.888859	5.0	30.059918	5.611654	3.0	51.568678000000006	23.577636	6.0	80.198861	8.451174	6.0	61.306385999999996	19.909071	5.0	0.034033999999999995	0.202067	1.0	99.689614	2.421961	3.0	90.163829	25.499039	6.0	71.17025500000001
5637.0	2.0	1.354617	64.473951	80.526554	21.364871	0.7285119999999999	0.8885700000000001	0.873114	0.568483	19.275952	2.0	94.561115	17.957968	5.0	0.035766	4.264416000000001	5.0	15.336204	1.982363	3.0	96.353124	11.329778999999998	3.0	7.545750999999999	19.845391	2.0	11.434968	7.797991000000001	5.0	0.020138999999999997	2.152812	1.0	90.818054	5.351039	1.0	24.111697	16.235712	3.0	41.89945
5682.0	2.0	25.641028	7.003566999999999	84.48379	7.600067999999999	0.409427	0.745961	0.44739700000000004	0.610118	21.239352	4.0	75.978275	3.961593	5.0	0.010386	0.911684	3.0	15.369129999999998	4.38687	4.0	62.785378	8.04676	1.0	91.272071	16.298371	1.0	81.122311	19.237644	4.0	0.047085	1.7765970000000002	1.0	19.681936999999998	0.759739	4.0	34.341491	3.9362160000000004	5.0	12.972516
6167.0	2.0	11.237264	10.244245	54.44638199999999	60.49649599999999	0.22303499999999998	0.625138	0.39650799999999997	0.968044	11.505574000000001	3.0	32.056453000000005	10.176775	3.0	0.04832	5.155826	1.0	67.15381500000001	1.375098	1.0	29.996465999999998	11.914764	6.0	81.315128	12.136168	3.0	10.542238000000001	4.6535839999999995	6.0	0.015965	0.274323	2.0	61.194517000000005	4.429579	1.0	73.680593	14.135025	4.0	50.108714
6335.0	2.0	26.326645000000003	5.930937	89.430718	69.794064	0.503562	0.430167	0.206315	0.580991	20.042332000000002	1.0	73.583044	22.829285000000002	3.0	0.09084099999999999	3.5856739999999996	6.0	64.79926800000001	6.069016	4.0	46.692935999999996	13.45541	1.0	11.915066	25.102158	1.0	18.94781	18.902276	6.0	0.01178	2.723443	3.0	3.416031	5.644722	1.0	48.807933	21.984704	5.0	90.14761899999999
6436.0	2.0	1.216022	22.678701	90.683715	48.548545000000004	0.12346099999999999	0.893177	0.18186	0.564372	8.964447	1.0	36.574802000000005	17.358045999999998	1.0	0.016087999999999998	4.690293	6.0	59.821911	4.654688	4.0	32.63736	23.423796	4.0	10.783223	2.703233	4.0	24.352968	4.291912	3.0	0.01516	2.925422	1.0	82.521365	2.781148	2.0	44.528909000000006	21.227528	4.0	45.494978
6719.0	2.0	69.160816	11.683502	46.625603999999996	81.517268	0.9003049999999999	0.637933	0.873983	0.410204	21.241301999999997	2.0	33.959533	12.160077000000001	4.0	0.010976	2.779202	1.0	65.9839	1.295336	1.0	8.387725999999999	20.450008999999998	1.0	11.695716000000001	15.430878	1.0	9.001443	19.24704	4.0	0.012934999999999999	1.219958	1.0	54.57547099999999	3.6256459999999997	5.0	34.534490000000005	16.854066	5.0	66.379212
6762.0	2.0	15.80062	25.907606	35.114652	99.54468299999999	0.815316	0.35846999999999996	0.617827	0.31249899999999997	0.821952	2.0	5.4125239999999994	24.227061	4.0	0.025602999999999997	5.741775	6.0	58.360599	2.190067	6.0	64.558328	0.369672	3.0	59.933271	0.990708	6.0	75.64435	15.568864999999999	6.0	0.09741	3.33635	1.0	62.774554	2.325132	5.0	58.185021	0.783803	1.0	34.438398
6820.0	2.0	34.526858000000004	3.338606	67.410409	51.788177000000005	0.9709899999999999	0.314769	0.198033	0.43642700000000006	21.324534	4.0	42.114931	6.077016	4.0	0.010472	4.322556	5.0	69.959891	0.501796	4.0	20.423370000000002	19.721104	1.0	37.503233	25.05353	3.0	11.427864	6.339016	5.0	0.028981	0.691178	5.0	67.83394	2.913966	5.0	2.8143439999999997	16.968029	3.0	79.369435
6846.0	2.0	9.806375	4.427951999999999	57.969914	24.477678	0.883547	0.435144	0.254668	0.6845600000000001	21.614570999999998	6.0	83.701275	25.347391000000002	6.0	0.010898999999999999	5.018896	5.0	12.542724	4.473089	1.0	87.82588299999999	20.866877	6.0	30.259737	6.172294	1.0	39.555704999999996	8.024725	2.0	0.042906	3.00952	2.0	18.901832000000002	0.140575	5.0	42.382985	21.47576	5.0	28.798057
7635.0	2.0	25.651103	5.664368	83.75161999999999	75.710551	0.5988399999999999	0.9496190000000001	0.755631	0.503633	5.149411	4.0	49.287113	21.404208999999998	4.0	0.013096	3.926196	3.0	86.023115	1.247739	1.0	54.494914	22.908465	1.0	91.701131	0.6701090000000001	4.0	21.664645999999998	13.974367	5.0	0.010689	1.2732350000000001	2.0	18.711393	4.626418	5.0	3.063043	12.595196000000001	6.0	64.06727
8009.0	2.0	25.349161	13.480038	48.189453	86.370329	0.9960549999999999	0.47029799999999994	0.101383	0.446219	9.13055	3.0	52.9788	20.805939000000002	1.0	0.013550999999999999	0.13811700000000002	6.0	6.753105000000001	3.871378	2.0	16.432641	20.821222	6.0	42.664417	14.019882999999998	1.0	24.816513	14.658183	5.0	0.010005	5.441911	2.0	51.635539	2.364721	2.0	43.810547	16.94152	4.0	69.030475
8100.0	2.0	84.454561	3.287295	30.31375	81.47948199999999	0.152732	0.611166	0.128303	0.7096899999999999	22.305398	3.0	71.93679399999999	1.8386	1.0	0.033802	5.727697	3.0	39.407838	0.979822	4.0	90.846559	7.894871000000001	2.0	2.759385	3.425042	4.0	59.398436	15.863601000000001	6.0	0.014232	1.424999	1.0	36.005643	4.897792	4.0	60.19707	13.447115	5.0	85.03649899999999
8356.0	2.0	40.10875	15.996101999999999	67.012043	33.668756	0.8235129999999999	0.6043930000000001	0.78113	0.41707700000000003	11.265535	6.0	33.284084	7.9799679999999995	5.0	0.023329	3.30985	6.0	50.210181	2.283887	2.0	36.634469	15.163478	3.0	25.285682	6.075786	6.0	46.896698	5.322267	4.0	0.010061	0.065179	5.0	22.442717000000002	1.629499	2.0	46.97081	4.252914	6.0	73.828554
9092.0	2.0	52.068552000000004	1.957068	22.506518	82.819463	0.30075	0.43414200000000003	0.20112	0.354713	11.08007	5.0	25.270542000000003	5.4156830000000005	4.0	0.085752	4.592766	2.0	93.208014	2.857453	5.0	64.865494	14.787856	3.0	24.106821	7.648966000000001	6.0	43.914259	7.279078	5.0	0.010362999999999999	0.237884	1.0	42.962706	5.746873	5.0	33.754121000000005	17.963759	4.0	16.982014000000003
9146.0	2.0	83.725602	5.921759	58.953738	90.424515	0.104046	0.7510319999999999	0.27765700000000004	0.896618	20.993779	4.0	3.081779	10.525994	4.0	0.022268	0.438763	6.0	94.99510699999999	4.189398000000001	2.0	86.38407	13.20289	5.0	65.572404	23.303235	4.0	11.166542	1.344986	2.0	0.022647999999999998	2.580486	4.0	4.027876999999999	5.632818	5.0	54.953799	12.793073	4.0	31.588590999999997
9506.0	2.0	2.598443	3.731392	60.490481	30.183384999999998	0.8927809999999999	0.619226	0.149478	0.498579	16.032071	1.0	13.989564000000001	16.641351	4.0	0.013075999999999999	1.545074	4.0	52.02424	2.6897189999999997	3.0	92.81143	2.905719	5.0	38.730778	10.908700999999999	6.0	30.043398999999997	13.046072	2.0	0.025394999999999997	0.40066799999999997	5.0	30.710557	3.4107480000000003	1.0	33.186046000000005	17.756548000000002	6.0	26.722058
9702.0	2.0	68.291157	58.278551	30.205873999999998	91.314065	0.9656680000000001	0.8700459999999999	0.2907	0.19325699999999998	20.030988	2.0	78.660555	2.814451	3.0	0.086413	3.86165	6.0	98.73464	4.547733999999999	1.0	83.058242	0.46485	6.0	13.7668	20.972609	2.0	34.239346999999995	21.923982000000002	1.0	0.058458	5.575923	6.0	49.054171000000004	2.765727	1.0	23.190686	6.813397	3.0	9.401555
9779.0	2.0	17.669283	20.493752999999998	13.467609	70.77969499999999	0.778616	0.955377	0.35830700000000004	0.576588	22.219942	4.0	55.304678	17.625294	3.0	0.037423000000000005	3.490036	1.0	37.392585	2.848503	4.0	22.789794	17.892782999999998	5.0	84.281851	10.932499	2.0	1.315664	20.953856	5.0	0.076891	2.589906	6.0	22.033347	3.98474	1.0	68.534373	24.065777999999998	6.0	62.312293999999994
9902.0	2.0	72.492407	2.014655	90.309772	96.024606	0.311329	0.7085229999999999	0.68245	0.5240100000000001	7.864667	5.0	14.518099	1.604762	4.0	0.011917	5.63879	5.0	94.480207	4.965039	1.0	96.79389599999999	4.2192050000000005	4.0	21.065169	5.986092	2.0	17.106937	13.437475	2.0	0.015006	0.242732	2.0	67.069331	3.032234	2.0	80.17754599999999	23.269396	5.0	51.993577
9992.0	2.0	19.494089000000002	26.299264	15.763604	95.011646	0.41514300000000004	0.865892	0.920851	0.909876	20.042558	5.0	93.903265	10.666744	5.0	0.011441	1.000637	1.0	86.509958	4.0678730000000005	1.0	95.547696	19.198964	3.0	5.214987000000001	18.180258	2.0	4.272228	9.22842	3.0	0.046206	2.126537	1.0	25.269778	3.3485169999999997	5.0	68.093243	7.200201	5.0	45.217357
