43.0	1.0	10.992560000000001	8.459482000000001	92.743841	2.282581	0.280967	0.5283	0.852117	0.239808	17.128317000000003	4.0	81.255762	25.187903	6.0	0.012737	1.2313969999999999	6.0	66.23886999999999	5.539859	6.0	51.236906	19.131657	1.0	56.705738000000004	5.007001	6.0	74.78008	20.226939	4.0	0.012128	1.291189	6.0	78.569	0.14286500000000002	1.0	8.051032000000001	18.370987	5.0	89.853987
244.0	1.0	80.70828	11.639215	14.209921	12.785684	0.9895510000000001	0.9109649999999999	0.590724	0.8781760000000001	4.619593	3.0	31.019994	13.128499	3.0	0.030489	0.231965	4.0	15.268453	0.420126	2.0	96.616236	15.108926	6.0	99.854497	9.265396	1.0	48.553036999999996	23.747169	4.0	0.021769999999999998	4.401839	2.0	80.889291	3.885732	4.0	43.763256	15.673437	2.0	60.776163000000004
261.0	1.0	3.108981	62.097834999999996	33.729884999999996	15.781915	0.984139	0.411117	0.504624	0.633456	21.852916	4.0	82.883198	12.336383999999999	5.0	0.011826	3.3222160000000005	5.0	5.530561	2.7603	3.0	99.793008	18.839214000000002	6.0	40.303313	14.880194	6.0	70.426113	1.389642	2.0	0.120679	5.150841000000001	3.0	11.977002	1.179059	5.0	46.27798	22.098771	2.0	15.530195999999998
429.0	1.0	5.0249	27.430517	82.351807	16.859616	0.46106800000000003	0.915969	0.997875	0.686632	17.218971	1.0	5.8082650000000005	12.137932000000001	2.0	0.016239	1.9645279999999998	4.0	88.02219699999999	1.7960150000000001	2.0	25.706609	21.201152	3.0	97.086229	12.536774000000001	1.0	17.358417000000003	22.323188000000002	6.0	0.035334	5.931598999999999	6.0	55.274127	0.5489	1.0	13.191481	22.416642	2.0	98.485176
556.0	1.0	95.997667	24.688223	1.214065	86.01457099999999	0.260279	0.792322	0.49001000000000006	0.228014	1.672993	3.0	62.644476	9.277325	3.0	0.010911	5.801234	2.0	79.30584	2.635863	4.0	21.392644	21.965056	2.0	85.107611	8.053854	4.0	94.310283	15.769376000000001	1.0	0.010183	5.737105000000001	3.0	80.940668	1.706406	5.0	75.27785899999999	16.142472	3.0	58.881106
616.0	1.0	56.064446999999994	5.380881	23.816095	10.144938	0.587444	0.445492	0.360433	0.633633	16.140233	6.0	62.567884	23.549306	3.0	0.042142	2.1943650000000003	6.0	70.6529	4.461972	2.0	71.992482	8.734382	5.0	2.169865	5.692525	3.0	99.2476	10.39903	6.0	0.012157	3.953183	2.0	28.679084999999997	2.728961	4.0	38.990173999999996	24.863146	1.0	59.13406
876.0	1.0	1.616825	91.145905	71.916956	24.984448	0.5904699999999999	0.48148500000000005	0.914596	0.9266639999999999	4.935034	1.0	42.013556	5.2543120000000005	4.0	0.019262	5.495442	4.0	3.210985	4.924967	2.0	48.98458	12.02871	3.0	13.24117	9.404961	3.0	54.004287	22.829719	1.0	0.018552000000000003	5.666786	1.0	82.394351	4.294335	5.0	40.269899	19.408279999999998	2.0	87.809588
948.0	1.0	31.472594	22.061716	90.78086	10.783681	0.9374239999999999	0.895971	0.207684	0.52694	14.10563	5.0	35.578734000000004	24.727092000000003	2.0	0.031471	0.693172	6.0	4.545507	3.138385	5.0	33.69189	23.165042	6.0	50.835941999999996	18.020873	4.0	96.495912	5.066635	1.0	0.01251	4.128014	2.0	67.58695300000001	0.095033	6.0	67.44458399999999	11.621686	3.0	32.351212
1025.0	1.0	16.888105	22.941597	13.292728	3.8472239999999998	0.550104	0.879642	0.676512	0.8053600000000001	18.363938	5.0	92.16707199999999	3.315625	3.0	0.011165999999999999	1.9817310000000001	4.0	10.714834	5.003239	4.0	17.777927	11.214782000000001	1.0	27.390698999999998	4.166164	2.0	77.331987	23.152963	6.0	0.01846	0.986475	5.0	70.87159399999999	5.484563	6.0	67.02181999999999	1.419159	1.0	76.15642700000001
1079.0	1.0	44.881502000000005	15.402671	1.0914620000000002	78.40373000000001	0.211175	0.9232229999999999	0.252794	0.782997	1.5165870000000001	5.0	73.266012	17.853395000000003	1.0	0.120775	4.592511	1.0	69.32704	2.325815	6.0	23.919957	19.882099	4.0	49.253522	10.589531	2.0	36.157318	16.561913	3.0	0.010653	1.9609830000000001	1.0	48.49232	4.152472	3.0	22.283117999999998	22.754580999999998	4.0	82.95428299999999
1113.0	1.0	2.156488	71.102571	11.573183	10.688189999999999	0.985191	0.7204050000000001	0.756794	0.9264549999999999	0.6215609999999999	3.0	36.702121999999996	4.979913	2.0	0.02401	0.342727	5.0	99.706908	4.83862	3.0	73.702374	19.571413	2.0	86.113164	13.515625	2.0	99.461313	8.595721000000001	2.0	0.030144	5.762469	3.0	67.633574	1.4366299999999999	6.0	76.392135	11.938408	5.0	10.002707000000001
1247.0	1.0	31.544196999999997	6.7600880000000005	54.104347	2.6464220000000003	0.321262	0.581534	0.8482879999999999	0.404102	0.26606199999999997	5.0	60.000333999999995	3.190717	1.0	0.014165	6.1753599999999995	4.0	51.829597	1.617437	4.0	65.468308	17.974024	2.0	74.698853	15.718447	6.0	84.839495	0.794018	2.0	0.01371	1.8022099999999999	4.0	19.973602	4.479615	3.0	34.223363	16.391428	1.0	87.487549
1283.0	1.0	15.698160000000001	5.345763	6.842791	78.714403	0.41337700000000005	0.44737200000000005	0.9579989999999999	0.410847	23.680827999999998	1.0	47.932234	2.264119	3.0	0.010532	2.49693	4.0	23.212663	4.046755	5.0	79.821549	7.829616000000001	2.0	54.655004000000005	0.641231	5.0	82.319698	14.874568	4.0	0.012918	4.655329	5.0	46.709065	5.778362	1.0	53.122240000000005	1.105458	2.0	32.958903
1293.0	1.0	10.141619	7.8440330000000005	11.372721	3.3858349999999997	0.806232	0.8289850000000001	0.8308719999999999	0.41022	1.8389529999999998	5.0	64.162678	8.698128	5.0	0.013386000000000002	1.642791	3.0	91.758533	5.478289	4.0	23.92373	10.313599	4.0	50.696205	24.229692	3.0	83.98871700000001	8.607749	3.0	0.010941	2.399012	2.0	60.559801	3.091628	4.0	54.259754	23.017301	6.0	20.641126999999997
1332.0	1.0	44.952847	4.869208	3.2837739999999997	35.929628	0.813595	0.432208	0.769457	0.641717	20.026154000000002	2.0	86.738919	18.654522	1.0	0.012743	5.255475	5.0	9.198671000000001	2.7256419999999997	5.0	1.634544	22.651272	1.0	72.023575	10.126007000000001	4.0	3.3850510000000003	8.087477	6.0	0.043347000000000004	4.130969	4.0	61.121285	3.26304	2.0	23.644378	16.585189	1.0	42.010102
1360.0	1.0	65.54740699999999	2.684122	66.97199300000001	6.797969	0.564441	0.775932	0.549372	0.64412	2.436913	1.0	69.434063	8.953327999999999	5.0	0.021528	4.784689	1.0	95.993545	1.921975	3.0	51.388582	6.135543	2.0	97.138503	16.466058	5.0	87.563362	14.691227	5.0	0.020442	3.6203199999999995	6.0	13.191323	1.86055	5.0	10.505489	18.911686	4.0	80.756148
1399.0	1.0	3.633578	5.574692	1.1123	19.003928	0.5205890000000001	0.795322	0.682906	0.720571	23.573693	3.0	20.303916	24.441793	2.0	0.017691	4.824893	1.0	69.436842	3.41315	5.0	28.600062	17.247269	6.0	9.519624	10.827727000000001	5.0	75.324187	14.630408	2.0	0.015086000000000002	1.8342209999999999	6.0	24.205947000000002	1.1801270000000001	4.0	36.66738	15.360948	2.0	38.533976
1418.0	1.0	9.375158	5.089125	49.954848999999996	12.976616	0.785435	0.9302299999999999	0.804657	0.463913	2.458113	6.0	42.453491	13.185111	5.0	0.017803	5.320962000000001	3.0	35.857843	1.129999	2.0	52.587006	6.32673	6.0	69.123232	14.738454999999998	4.0	51.633691	9.5324	5.0	0.042469	3.2419849999999997	1.0	1.53383	4.019815	2.0	57.907661	23.426695000000002	4.0	24.190664
1429.0	1.0	4.985297	40.523303000000006	73.480611	6.601362	0.313302	0.9466600000000001	0.996302	0.953758	23.291373	3.0	16.77318	24.845363	2.0	0.039386000000000004	1.270199	2.0	25.398321	5.7215620000000005	4.0	23.595229	18.75564	2.0	96.295632	22.673482	2.0	42.268229	15.012029	3.0	0.012386	4.636897	4.0	48.839139	4.847055	6.0	63.833538	18.244076999999997	1.0	78.835528
1434.0	1.0	35.133769	16.656588	6.244339	7.573103	0.9933040000000001	0.649131	0.486955	0.786307	18.450152	2.0	96.356096	13.005741	6.0	0.010554000000000001	6.233303	2.0	83.875677	3.35638	4.0	7.12874	12.002885000000001	1.0	87.289172	1.66282	5.0	96.31219300000001	7.403238000000001	5.0	0.010708	3.226696	5.0	44.554581	1.426986	4.0	36.202264	13.755426000000002	1.0	90.079494
1542.0	1.0	4.304033	94.739293	47.654598	6.909088000000001	0.961362	0.7980550000000001	0.748632	0.471646	20.568403	5.0	57.583053	20.413985	3.0	0.012091	3.785273	3.0	93.117067	4.761215	1.0	19.240676	18.624346	3.0	71.154101	22.569122	6.0	41.844021000000005	16.287229	6.0	0.033034	4.173106	5.0	11.350941	1.600291	5.0	29.528813	10.657525999999999	4.0	71.889782
2309.0	1.0	42.145455	2.024607	4.509454	44.679743	0.6362329999999999	0.649469	0.5384399999999999	0.35444499999999995	15.277343	6.0	69.243998	6.320894	5.0	0.01085	4.890784	5.0	82.136496	3.196663	1.0	54.388289	7.961686	3.0	93.700845	16.580422	5.0	1.736001	17.810853	4.0	0.014955000000000001	5.188092	3.0	88.469882	5.88243	1.0	10.766124000000001	12.767308	2.0	80.958919
2449.0	1.0	3.4669589999999997	1.760873	20.717351999999998	7.056777	0.271148	0.42762	0.752668	0.286544	22.827993	6.0	57.15469100000001	24.156789	2.0	0.01678	2.202795	1.0	84.619277	3.058216	2.0	66.248855	8.350335000000001	5.0	39.460801000000004	11.940624	5.0	80.50074000000001	17.00096	4.0	0.021764	3.810773	1.0	27.309829999999998	0.750157	6.0	39.245637	20.094244	4.0	14.055577
2596.0	1.0	94.042181	10.848444	30.717206	12.531433999999999	0.5923189999999999	0.97241	0.595708	0.59672	8.445637	3.0	37.989765999999996	13.914142000000002	4.0	0.010013	4.538183	4.0	19.453435	6.019133999999999	3.0	89.579251	13.134656	2.0	91.056584	10.519361	1.0	57.22533000000001	3.85816	6.0	0.27187100000000003	5.02411	1.0	86.25761800000001	3.456953	5.0	8.523264999999999	22.698026000000002	6.0	14.764134
2677.0	1.0	67.992085	19.2905	64.935701	4.423029	0.953918	0.840115	0.25258	0.868949	9.126016	4.0	25.584422	21.650879	5.0	0.011762	6.071924	5.0	69.010214	2.89798	2.0	58.298628	21.868682	3.0	93.754469	1.834991	6.0	89.208417	12.939378999999999	4.0	0.019474	3.317337	6.0	77.994129	3.796168	4.0	72.874921	24.343401999999998	4.0	16.603286999999998
2706.0	1.0	95.803831	3.425096	31.277334999999997	4.541567	0.534359	0.433254	0.574923	0.9423739999999999	10.985287	6.0	70.331103	2.820775	1.0	0.165998	2.9715409999999998	6.0	40.666268	3.7790839999999997	3.0	47.586960999999995	3.861097	1.0	2.655891	9.196821	6.0	18.163596	7.452153	6.0	0.019892	4.996176	5.0	71.69733599999999	3.3346400000000003	3.0	89.959152	4.557824	3.0	19.969724
2724.0	1.0	4.488899	5.793252	1.945186	19.050407	0.6555340000000001	0.820606	0.587666	0.850816	18.797212	1.0	73.85120500000001	17.552652	5.0	0.026519	2.600596	1.0	19.248348999999997	4.4232059999999995	6.0	32.884015999999995	19.201683	1.0	39.794954	6.6953570000000004	6.0	69.86873800000001	2.706509	4.0	0.010173999999999999	2.130721	4.0	68.96587199999999	2.977213	6.0	62.763563	15.173257000000001	3.0	38.376762
3007.0	1.0	68.73561600000001	8.830364	1.290186	49.963256	0.9534969999999999	0.540519	0.550311	0.487079	1.386857	3.0	67.46766099999999	8.215498	3.0	0.096473	5.255107	4.0	16.189516	2.143039	2.0	66.683137	22.380452	2.0	91.09152900000001	24.955327	6.0	73.501261	13.170511	4.0	0.020406	0.114285	5.0	99.11393699999999	5.222373	4.0	43.794209	21.766523	1.0	69.60719399999999
3022.0	1.0	40.698282	7.899413000000001	17.525164	2.502234	0.639418	0.406677	0.739744	0.167431	11.807398	6.0	83.827676	3.399912	1.0	0.026503	5.466704	5.0	61.966531	3.572741	3.0	77.620272	13.882060999999998	1.0	68.84366700000001	6.206999	3.0	40.751005	9.129163	2.0	0.021751	1.200621	3.0	32.998379	2.92401	4.0	69.335624	22.712889999999998	3.0	81.105153
3094.0	1.0	61.84634200000001	1.8984590000000001	26.417533000000002	20.091815	0.21036999999999997	0.234612	0.5346529999999999	0.9283129999999999	17.847472	5.0	19.620759	14.305760999999999	6.0	0.016675	5.1255690000000005	1.0	7.757913	0.151289	3.0	20.831067	21.190704	4.0	88.98940999999999	10.823528	3.0	96.241674	15.60389	5.0	0.022124	2.162777	5.0	31.340021000000004	4.744826	2.0	80.78472099999999	22.457626	1.0	37.357283
3191.0	1.0	97.65518	18.3868	10.024531	3.033493	0.47842799999999996	0.85798	0.622026	0.652371	8.131639	5.0	50.663446	21.847159	1.0	0.087155	3.9290599999999998	2.0	91.188345	5.671386	1.0	49.108655999999996	14.960610999999998	5.0	73.99936600000001	25.335583	6.0	16.638987	13.917628	4.0	0.011965	5.0073669999999995	2.0	69.228481	1.164765	5.0	94.115053	24.681444	2.0	54.716077
3225.0	1.0	6.748475999999999	18.347127	99.976549	8.281979	0.694327	0.749316	0.778875	0.386957	7.781591000000001	1.0	34.624697	13.216067	6.0	0.017194	4.910332	2.0	58.371947	0.44243599999999994	4.0	12.435347	20.903094	3.0	33.844331	12.107177	4.0	66.168935	15.939188	4.0	0.014294999999999999	4.701068	6.0	33.827965	3.328103	3.0	63.673106999999995	13.131609	2.0	62.60874200000001
3428.0	1.0	14.387201000000001	1.9589869999999998	21.783658	10.379185000000001	0.496016	0.517638	0.991361	0.652343	12.925384	3.0	48.962857	6.234001999999999	3.0	0.010356	2.116278	3.0	38.845839	2.377193	2.0	9.871878	7.290798	3.0	7.401627	20.898591	3.0	28.06073	20.292358	2.0	0.029708999999999996	2.544869	6.0	89.685906	5.724556	5.0	47.900642	11.835327000000001	4.0	39.541606
3806.0	1.0	3.512604	83.835831	27.751573999999998	7.489495	0.8358770000000001	0.666744	0.684372	0.5469350000000001	18.030549	4.0	35.527325	4.273137999999999	2.0	0.092799	6.197406	3.0	70.50004399999999	1.359887	2.0	27.97696	20.728143	6.0	92.911153	8.254515	4.0	84.08537700000001	15.129172	3.0	0.08368400000000001	2.144781	6.0	30.770893	5.412104	3.0	84.619465	13.332906	4.0	4.569566
4032.0	1.0	27.881581	10.744852999999999	48.851574	5.5746269999999996	0.114532	0.927811	0.992504	0.699033	8.268469	5.0	43.811075	24.704953	5.0	0.0337	3.2876559999999997	4.0	86.108201	3.979692	1.0	92.671516	19.387499	2.0	46.030072	20.359417999999998	6.0	10.939214999999999	13.260705999999999	3.0	0.148152	2.888457	6.0	80.299435	3.4897720000000003	5.0	97.866959	1.165309	3.0	46.618207
4036.0	1.0	1.677085	57.966991	85.869695	2.7015580000000003	0.249435	0.9026350000000001	0.512242	0.514818	4.694529	1.0	38.250271000000005	25.479917	6.0	0.016831	1.7891299999999999	5.0	75.177454	6.1496010000000005	4.0	40.876803	13.396195	2.0	98.37439599999999	4.552478	6.0	25.688733	23.502363	5.0	0.048149000000000004	5.719082	3.0	27.805415999999997	0.460459	6.0	44.633261	5.977915	4.0	78.336354
4178.0	1.0	12.229218	26.136644	17.016596	6.7248660000000005	0.658751	0.799248	0.227954	0.8893610000000001	15.504937	5.0	89.174883	8.599789	4.0	0.02105	4.385203	1.0	61.923003	5.841349	4.0	1.696361	17.220568	3.0	22.797969000000002	21.45467	4.0	40.61677	12.205144	6.0	0.015446000000000001	2.3553990000000002	4.0	85.53834499999999	0.477213	4.0	22.881823	8.474797	2.0	64.575625
4193.0	1.0	19.320318	32.051590999999995	7.045825999999999	13.956679000000001	0.6719390000000001	0.935923	0.716183	0.9455819999999999	11.484772999999999	1.0	45.274377	9.20444	5.0	0.01154	5.246354	2.0	41.616483	5.872204	1.0	79.56674699999999	21.756244	2.0	73.273317	10.457489	1.0	89.085461	12.1804	3.0	0.010194	2.505493	5.0	27.687938	0.779883	5.0	61.211792	21.483356	6.0	73.2022
4267.0	1.0	23.297398	1.841588	77.153988	1.3547690000000001	0.906215	0.306462	0.570256	0.990603	17.884235	1.0	44.934184	1.325376	4.0	0.01444	2.949143	3.0	22.492951	5.7301779999999995	3.0	83.30239300000001	0.482314	6.0	79.147574	24.57694	1.0	84.876103	3.9990300000000003	5.0	0.012442	3.608918	2.0	22.512385000000002	1.6041100000000001	5.0	4.501604	22.652645	5.0	51.563715
4285.0	1.0	71.156852	12.180522	17.462792999999998	18.082629	0.23108499999999998	0.796996	0.493091	0.920199	7.242298	5.0	60.911012	14.892624	1.0	0.031923	0.386333	1.0	87.671826	1.1513209999999998	5.0	68.58354	15.354764999999999	6.0	94.986657	22.190417999999998	4.0	89.164047	14.004239000000002	1.0	0.020477000000000002	1.379876	2.0	47.962192	3.7417519999999995	2.0	67.134388	7.820963000000001	4.0	45.5462
4309.0	1.0	25.182686999999998	13.251714999999999	2.207207	3.2296650000000002	0.793694	0.5489649999999999	0.344125	0.568416	3.312493	6.0	97.183356	10.083965	2.0	0.023079	2.783035	5.0	97.847729	2.004542	6.0	3.105291	23.247873000000002	6.0	34.992917	9.399916000000001	4.0	31.997065000000003	6.8553820000000005	4.0	0.049808	5.391417	6.0	11.093725	0.785291	4.0	81.087876	13.613786	2.0	68.790459
4312.0	1.0	1.458482	74.305181	21.146107	17.790929000000002	0.651143	0.23249899999999998	0.386115	0.763582	15.333854999999998	6.0	89.676822	6.259256	6.0	0.010618	2.5205490000000004	6.0	35.232997	0.116654	5.0	68.435955	4.804278	4.0	34.107641	25.191137	3.0	78.729184	19.228036	4.0	0.048148	2.498333	1.0	47.674699	0.710754	2.0	15.941813	13.243319	1.0	57.582498
4499.0	1.0	2.7522279999999997	28.417655	2.197181	67.817487	0.838522	0.9347280000000001	0.6459729999999999	0.567046	5.2277059999999995	6.0	33.937382	11.057403	6.0	0.030641	5.6558720000000005	3.0	13.190101	6.247539	1.0	99.54169	11.850997999999999	2.0	53.288915	23.765072	6.0	45.823059	10.681825	2.0	0.013641	1.9386599999999998	3.0	54.375352	3.349375	6.0	22.899307	11.68484	3.0	71.90326
4551.0	1.0	60.846725	16.102849	30.117676	19.237735	0.164072	0.629081	0.248281	0.664249	10.34947	6.0	2.011549	24.328462	6.0	0.013491	4.957765	4.0	79.992527	5.727878	1.0	86.793258	15.653341000000001	3.0	9.582841	18.256641000000002	2.0	97.786376	10.594822	5.0	0.013800999999999999	4.123569	1.0	52.637485	4.775358	1.0	13.964879999999999	23.336764000000002	4.0	72.81456899999999
4679.0	1.0	80.299255	3.760111	69.376391	11.309085000000001	0.172234	0.275419	0.285088	0.813025	20.141196	6.0	91.93253299999999	18.22051	1.0	0.013053	5.856774	4.0	40.181401	3.066312	4.0	58.642286	20.951785	1.0	41.79091	0.633807	5.0	67.63834200000001	22.92491	4.0	0.013596	3.8724540000000003	4.0	28.086937	4.767176999999999	6.0	93.002176	17.311927999999998	5.0	93.843069
4703.0	1.0	12.307132000000001	16.94507	17.806962	2.918796	0.588044	0.966132	0.39565	0.521465	12.061536	3.0	15.868725	6.389869	6.0	0.017061	0.846059	3.0	92.678832	5.340791	6.0	87.074676	19.024427	4.0	35.029903999999995	23.122476000000002	2.0	49.773917	1.907686	2.0	0.49070699999999995	0.232971	1.0	47.415194	4.451469	3.0	77.098761	17.590067	4.0	52.488606999999995
4913.0	1.0	4.359062000000001	1.086062	1.040543	20.683443	0.46682299999999993	0.78028	0.623734	0.786183	9.627311	4.0	16.894025	10.587356	4.0	0.029608	6.037537	4.0	41.725853	1.0735290000000002	1.0	47.355626	9.036033999999999	3.0	79.34111999999999	1.486169	2.0	52.797254	19.787262	1.0	0.011498	5.835916	3.0	92.66741	2.725272	3.0	93.504834	15.092107999999998	5.0	85.94117800000001
5044.0	1.0	47.602841999999995	6.510052	70.230551	9.804625	0.46477399999999996	0.569793	0.800338	0.681822	16.751388000000002	6.0	23.272368	0.9824870000000001	6.0	0.010317	2.029013	2.0	71.405947	0.993835	2.0	18.188191	23.473971	5.0	81.240817	6.369466	5.0	98.44914	1.792372	3.0	0.031777	5.068352	1.0	88.708835	1.8295080000000001	3.0	2.5018740000000004	10.162416	4.0	5.921047
5061.0	1.0	14.478129000000001	24.696916	32.941817	16.130487	0.714036	0.643663	0.826849	0.844018	10.869621	2.0	61.313705000000006	4.69733	5.0	0.024076	1.75885	1.0	63.482788	6.222326	6.0	11.093836999999999	20.687962	3.0	49.622928	11.107712	4.0	97.742006	8.784915	4.0	0.010515	0.403913	1.0	78.479052	4.494545	3.0	66.27624399999999	24.210139	1.0	38.313757
5101.0	1.0	87.610901	5.329239	30.199181	15.691363	0.711719	0.540222	0.336432	0.8844860000000001	3.333844	5.0	27.241554999999998	2.918176	6.0	0.015635	1.037368	1.0	82.876625	2.645465	5.0	20.203646	6.944213	5.0	4.005366	7.0366610000000005	3.0	84.424398	0.815012	6.0	0.012187	0.850901	4.0	48.356924	5.481339	5.0	46.47208	10.898966999999999	2.0	35.085574
5198.0	1.0	13.450973999999999	7.850458000000001	2.083387	86.367675	0.561017	0.8498379999999999	0.9654729999999999	0.677601	3.9679580000000003	5.0	21.920867	22.865788000000002	1.0	0.04835	5.528641	1.0	53.268221999999994	1.9198400000000002	4.0	30.828491999999997	14.911052	4.0	71.956357	4.894128	6.0	74.961475	22.297216	2.0	0.010754999999999999	2.882078	2.0	69.121004	2.7270369999999997	2.0	37.057896	13.179343	1.0	22.592416
5277.0	1.0	3.641814	24.123895	9.992685	10.811505	0.317996	0.783234	0.807371	0.406733	14.924688	1.0	67.93616800000001	9.250084	6.0	0.037597000000000005	3.012575	3.0	82.970185	1.6609060000000002	1.0	24.030391	17.62531	6.0	51.995184	20.50102	2.0	86.413527	15.315729000000001	2.0	0.016058000000000003	4.139075	3.0	21.213725	3.153033	6.0	74.119692	16.577111	5.0	84.93211600000001
5298.0	1.0	69.790494	6.920752	2.506351	63.49913299999999	0.8946219999999999	0.347591	0.548896	0.125641	13.209329	3.0	39.763465999999994	19.171565	1.0	0.048849000000000004	3.8384989999999997	3.0	49.584392	0.8455729999999999	1.0	47.155377	20.980041	4.0	38.746198	18.370224	4.0	35.438787	17.407176999999997	6.0	0.01745	4.750628	4.0	97.979618	1.4689729999999999	6.0	28.067196999999997	10.064409	1.0	7.543677000000001
5428.0	1.0	70.98521600000001	9.111322999999999	15.633869	2.6816169999999997	0.706499	0.939017	0.504966	0.61422	7.598317999999999	2.0	47.873546999999995	8.801983	4.0	0.064062	2.884691	2.0	60.012172	0.653341	6.0	25.467967	8.233433	6.0	55.820664	4.289471	2.0	32.275343	13.437694	4.0	0.043278	4.680554	4.0	23.987944	5.501174	2.0	14.145853	23.139792	4.0	41.543449
5461.0	1.0	5.6049	1.246768	25.575604000000002	25.737856	0.9950760000000001	0.718726	0.9373549999999999	0.9146049999999999	14.304386	2.0	59.296358999999995	24.079645000000003	6.0	0.018973	4.644579	5.0	50.886298	2.521231	2.0	66.441703	9.44668	1.0	83.755735	11.059092	5.0	66.610559	12.301414	3.0	0.021803	5.245247	6.0	71.82974	2.327416	6.0	39.745533	22.774314999999998	4.0	22.27366
5484.0	1.0	8.640195	43.72333	4.583022	23.685934	0.86392	0.38105100000000003	0.624266	0.3078	18.349076	1.0	9.497484	22.316786999999998	4.0	0.013803999999999999	5.014461	6.0	41.513221	5.992696	2.0	66.709937	21.853579999999997	2.0	33.987307	1.0339200000000002	3.0	37.81793	22.039742999999998	5.0	0.543825	4.624151	4.0	9.70163	4.921737	6.0	54.618713	16.503992	4.0	56.448362
5599.0	1.0	38.391992	1.182511	29.961646999999996	12.620875999999999	0.821083	0.5201680000000001	0.346413	0.868661	0.50932	2.0	18.56082	6.325316	3.0	0.291116	4.235208999999999	1.0	18.268928	2.9334849999999997	5.0	16.400571	6.068868	4.0	26.141962	9.887174	1.0	80.87429200000001	13.671057000000001	2.0	0.042263999999999996	3.748732	3.0	68.561972	3.15715	6.0	35.94018	12.885962	5.0	91.809899
5611.0	1.0	59.856145999999995	4.479576	4.5016110000000005	1.197498	0.809048	0.752735	0.38104099999999996	0.358337	11.778803	1.0	11.378243	5.650505	1.0	0.018161	5.2386870000000005	1.0	76.788622	2.937265	4.0	55.581715	18.061013	4.0	68.984848	5.873846	2.0	84.401137	23.497554	6.0	0.40503	0.46685600000000005	5.0	83.564255	2.6502630000000003	2.0	44.569777	13.240076	6.0	80.319474
5742.0	1.0	18.060637	1.0815700000000001	76.435325	20.345181	0.288596	0.500213	0.47996000000000005	0.636484	19.741728	3.0	7.309226	16.030078	1.0	0.013612	3.9228050000000003	1.0	32.675001	4.024088	5.0	1.7333869999999998	19.632762	6.0	57.537199	5.433137	5.0	88.270907	12.660831	3.0	0.013947999999999999	3.423569	5.0	37.131046000000005	5.4090739999999995	4.0	39.017115999999994	19.126761	3.0	49.249779
5788.0	1.0	1.118422	31.554021999999996	75.76678199999999	3.677201	0.9018129999999999	0.9673510000000001	0.514175	0.544266	2.624587	3.0	56.52944300000001	3.287204	3.0	0.025253	2.034221	5.0	58.134972999999995	5.779926000000001	2.0	42.540921999999995	6.246580000000001	1.0	56.942418999999994	7.181437	4.0	76.284653	7.956187	4.0	0.076655	3.177956	3.0	37.730782	0.987129	4.0	94.001824	11.436318	3.0	85.228831
5826.0	1.0	56.428031000000004	1.3379290000000001	41.141528	6.999822999999999	0.507742	0.87436	0.726093	0.255753	17.466057	3.0	67.56146700000001	14.265225	6.0	0.104431	3.0394360000000002	3.0	74.419882	4.761933999999999	1.0	40.86294	5.676323	2.0	6.958315	1.396156	5.0	16.960960999999998	3.5099839999999998	1.0	0.055476	2.632191	3.0	13.470085000000001	4.601979	4.0	58.10114300000001	15.909999	4.0	65.275387
5870.0	1.0	16.777935999999997	36.725733	24.571659	9.242842999999999	0.410988	0.9378879999999999	0.9897299999999999	0.789725	18.367231	4.0	93.41662099999999	22.609432	6.0	0.034932	1.3199450000000001	1.0	83.93095799999999	4.237862000000001	1.0	69.180574	23.418951	4.0	45.602565999999996	18.344472	5.0	47.247909	12.13999	4.0	0.012721	0.786067	1.0	94.523015	0.701397	5.0	43.94081	12.487982	1.0	83.435165
6449.0	1.0	9.111241	28.008002	26.192445000000003	1.0321069999999999	0.301572	0.9928600000000001	0.5213300000000001	0.1525	15.235838000000001	5.0	26.580897999999998	1.492917	4.0	0.027662	1.964632	6.0	30.676732	2.11924	2.0	56.859536999999996	17.459844	1.0	20.318886	6.854688	5.0	9.032906	10.139614	4.0	0.028718	5.233467	6.0	96.548699	5.448289	5.0	81.137814	24.226452	3.0	73.148275
6706.0	1.0	89.239941	14.095019	95.857423	18.110044	0.453842	0.632754	0.579695	0.9582209999999999	3.696969	4.0	62.586817	11.748097999999999	1.0	0.025862	0.126909	2.0	59.018308999999995	2.408769	3.0	41.757761	22.289687	4.0	42.123794000000004	14.955896	4.0	93.644446	3.159965	2.0	0.046954	4.510707	1.0	37.340187	0.19808900000000002	2.0	5.7971639999999995	17.496867	5.0	20.974785
6805.0	1.0	8.12849	26.222107	1.7193459999999998	99.4987	0.765877	0.739409	0.24283400000000002	0.165434	18.560779	1.0	55.158662	9.274233	3.0	0.071126	0.269586	1.0	5.781055	2.73245	1.0	78.76765400000001	17.033826	1.0	27.776374	19.309901	3.0	54.192597	15.217246	4.0	0.026668	5.224193	4.0	72.053855	2.740199	2.0	94.837091	17.352337	4.0	43.8006
6826.0	1.0	25.911013	1.547082	37.621008	12.530379	0.229373	0.758562	0.559467	0.7324350000000001	19.605678	3.0	21.237880999999998	8.266167999999999	2.0	0.012098999999999999	4.642223	5.0	11.995836	3.5786290000000003	1.0	94.808661	2.367718	4.0	8.383123	23.868534	4.0	17.925029000000002	9.941153	6.0	0.040754000000000005	5.264779	5.0	31.981819	3.176368	2.0	45.335679	25.526511	5.0	2.014516
6987.0	1.0	1.9667430000000001	74.318603	6.801931	17.662649	0.543081	0.278553	0.371652	0.33060300000000004	20.321598	5.0	54.387614	19.449963	6.0	0.014197	5.813192	4.0	33.067367	6.040545	3.0	62.930327	9.931174	6.0	95.709561	23.077395000000003	6.0	55.536412	12.375766	6.0	0.017821	0.061195000000000006	2.0	24.341962	4.641158	1.0	35.420395	25.527697	1.0	50.286993
7184.0	1.0	25.362859	1.3439	2.298998	49.874241	0.438827	0.410703	0.754977	0.125581	1.6430209999999998	2.0	12.559335	11.660478	2.0	0.03259	3.184868	3.0	10.348527	0.558855	5.0	83.705321	8.1303	4.0	67.732972	23.351515	4.0	35.817266	21.702451	5.0	0.035958	0.068915	1.0	62.57016899999999	5.464477	4.0	42.356103999999995	12.660093	3.0	90.074874
7395.0	1.0	24.000919	3.042352	62.378822	4.066714	0.662506	0.271941	0.531037	0.817358	4.11038	5.0	87.043438	1.510119	5.0	0.02839	2.476257	5.0	17.295634	0.293696	6.0	31.491397999999997	13.076083	5.0	16.299046	11.698934	5.0	42.351524	19.097729	1.0	0.012075	1.859795	5.0	75.437916	5.599914	1.0	14.328278	12.659446	1.0	30.594131
7425.0	1.0	88.919652	14.009984	1.930655	15.230959	0.778049	0.53133	0.100253	0.957477	11.782423	5.0	83.56031899999999	20.626773	3.0	0.01798	1.360143	3.0	32.618739	5.26419	3.0	66.514498	20.795303	5.0	94.659889	24.433475	2.0	72.394346	19.557724	4.0	0.017643	2.257047	5.0	32.304558	2.945416	2.0	60.011801	5.05103	4.0	63.791275
7482.0	1.0	99.707113	9.781036	14.225145999999999	5.301296	0.303969	0.958951	0.563217	0.7635770000000001	0.783828	4.0	78.811249	22.640842000000003	1.0	0.018587	2.933296	1.0	97.249137	0.23819200000000001	1.0	65.251434	11.442746000000001	3.0	71.986148	19.844445	3.0	43.40421	4.541834	6.0	0.104808	2.0655349999999997	3.0	17.820109	4.889775	4.0	97.343834	5.840587	5.0	27.426097
7558.0	1.0	19.84664	11.393908	2.612641	1.85906	0.307804	0.41708599999999996	0.409429	0.280609	11.377289999999999	6.0	88.674289	8.923136	6.0	0.019012	0.27156199999999997	1.0	27.962058000000003	1.789093	5.0	93.18091899999999	22.601318	3.0	86.128784	23.924438000000002	1.0	60.380065	21.704775	3.0	0.0114	5.065951	4.0	66.469599	0.44548999999999994	3.0	74.80651999999999	24.792169	6.0	50.995769
7627.0	1.0	13.144480999999999	3.9360779999999997	3.904148	47.057961999999996	0.956425	0.294958	0.724363	0.903855	17.401004	3.0	41.093508	20.485942	5.0	0.023301	4.575495	1.0	91.833724	1.846829	5.0	9.610789	4.269401	1.0	66.02897800000001	8.716794	3.0	83.780591	16.954655	1.0	0.032576	3.888579	1.0	76.342174	3.123161	3.0	75.319427	16.831204999999997	6.0	51.09315
7795.0	1.0	2.409548	17.004315	1.06851	29.213593	0.5639609999999999	0.195943	0.381176	0.190479	8.527627	1.0	13.939298	20.955688000000002	1.0	0.013538	1.856788	2.0	76.577652	4.108011	5.0	52.69996999999999	17.501334	1.0	85.017074	23.762808	6.0	54.020106999999996	18.368512	1.0	0.010874	2.885406	2.0	18.005082	5.644627	6.0	8.030330000000001	13.231148000000001	6.0	93.981523
7880.0	1.0	8.523172	13.684420999999999	38.827144	18.149132	0.422516	0.9494319999999999	0.302634	0.8085640000000001	15.941196	5.0	65.197109	24.53117	4.0	0.225885	0.74724	1.0	38.499938	6.063435	1.0	86.084767	6.957124	5.0	2.685162	23.131429999999998	3.0	79.43795	3.314233	1.0	0.038062	5.231859	2.0	63.583305	2.511259	1.0	31.796356	24.936058	2.0	61.99504
8071.0	1.0	80.377371	3.645147	7.574395	15.076566	0.286585	0.721911	0.873172	0.532465	19.039981	4.0	40.273568	11.192153999999999	5.0	0.025397	4.738738	5.0	28.000799	2.807454	3.0	88.049432	10.272005	3.0	46.047899	9.037757000000001	3.0	31.276722999999997	17.286326000000003	2.0	0.017943999999999998	4.3426029999999995	1.0	70.038413	3.05864	2.0	32.11854	22.1361	3.0	66.975652
8176.0	1.0	28.347769	8.99797	67.996874	10.960861999999999	0.10560499999999999	0.315226	0.23537600000000003	0.629745	8.09657	6.0	91.267501	16.513394	1.0	0.012574	4.916424	4.0	36.910616999999995	1.442653	5.0	9.132685	22.854171	3.0	38.044818	12.172441000000001	2.0	74.308246	12.652047999999999	6.0	0.015091	5.11787	3.0	83.96565600000001	1.1994799999999999	6.0	3.6646379999999996	16.611773	5.0	85.71287199999999
8421.0	1.0	1.785136	22.145651	57.519532	3.24617	0.285378	0.50839	0.684275	0.637899	11.74495	6.0	28.840446000000004	19.288483	2.0	0.034039	1.491476	1.0	79.822547	4.4550160000000005	5.0	64.488656	22.205486999999998	3.0	36.251957	14.485575	2.0	55.54008100000001	4.9809209999999995	5.0	0.020106	4.908555000000001	2.0	32.213204	4.3991489999999995	4.0	69.593463	24.142011	4.0	51.268777
8529.0	1.0	4.406626999999999	90.56792	33.238803000000004	19.853005	0.691287	0.972684	0.8203870000000001	0.5974619999999999	17.7442	2.0	56.928422	1.655083	3.0	0.012323	5.517436	5.0	99.188866	4.526708	2.0	90.158498	5.5887839999999995	6.0	79.513001	17.832555	4.0	97.98920600000001	8.206508	3.0	0.010015999999999999	0.7241449999999999	1.0	98.764448	5.1471279999999995	6.0	99.643635	19.623573	1.0	94.855241
8558.0	1.0	51.959328	9.487011	96.157529	20.399555	0.67555	0.9452659999999999	0.750596	0.579213	15.242820000000002	2.0	91.20014	8.55338	4.0	0.010137	0.717063	2.0	26.911593	4.048907	6.0	89.719096	9.830789	3.0	34.992387	19.643422	2.0	88.256948	16.794659	1.0	0.018123	4.026162	4.0	49.509836	0.47347799999999995	3.0	69.196161	25.447293	4.0	10.625562
8568.0	1.0	9.550842	8.13722	39.139294	7.958086	0.350814	0.60714	0.505484	0.899805	19.555362	1.0	98.451578	15.559673000000002	1.0	0.046473	5.8746220000000005	2.0	88.250259	3.037817	3.0	44.068754	19.749919000000002	6.0	44.602315000000004	10.510480000000001	1.0	60.381493000000006	7.851560000000001	3.0	0.02094	3.8197160000000006	3.0	46.129084999999996	1.6716369999999998	2.0	65.166612	8.154154	6.0	59.126663
8619.0	1.0	44.522444	11.632541	4.65308	39.960843	0.6254569999999999	0.9841469999999999	0.8293280000000001	0.5352100000000001	20.366618	3.0	48.153334	9.767451	1.0	0.037475	1.83027	3.0	3.416646	3.8853050000000002	5.0	57.988903	9.071488	3.0	91.183859	15.610559	1.0	68.202276	14.291126	3.0	0.045006	4.7459489999999995	3.0	90.822347	3.474421	5.0	40.967268	19.658261	3.0	35.041055
8781.0	1.0	84.677385	2.726347	66.239654	4.171277	0.769364	0.196081	0.79871	0.478162	2.1775279999999997	5.0	51.675828	22.321191	5.0	0.10748599999999998	1.664555	3.0	50.895334999999996	5.679764	4.0	74.895352	18.106967	1.0	68.405029	19.548981	4.0	82.691994	7.254092999999999	2.0	0.035492	1.889702	4.0	59.584346	1.976314	5.0	34.029173	14.876870000000002	2.0	89.14899
8978.0	1.0	2.468867	62.861417	9.487318	25.400656	0.48163500000000004	0.592012	0.911055	0.9908030000000001	5.280115	6.0	67.465467	20.366768	3.0	0.015543000000000001	5.941664	6.0	94.049796	0.93134	5.0	29.896123	10.292791000000001	3.0	42.350194	2.056079	2.0	53.370815	14.594681	2.0	0.030342	4.231623	4.0	8.54853	3.6809230000000004	1.0	27.638165	20.881601999999997	5.0	32.639024
9094.0	1.0	10.479371	23.326442999999998	4.681343	21.759719	0.28394	0.99441	0.9783709999999999	0.8788590000000001	5.93304	2.0	58.393457999999995	2.5543400000000003	5.0	0.011037	1.084976	3.0	17.3805	2.398534	4.0	53.346341	16.707875	4.0	67.880647	16.350561	4.0	22.381061	3.974754	1.0	0.010181	0.8862459999999999	3.0	41.605385	5.128492	3.0	85.937619	10.551031	4.0	24.022707
9359.0	1.0	6.631622	80.851629	2.315731	12.439159	0.9206780000000001	0.9058120000000001	0.6976899999999999	0.418813	11.096095	4.0	77.34165	16.56223	2.0	0.010459999999999999	4.724773	6.0	32.546996	2.378959	4.0	17.809946	18.594189	2.0	61.604853000000006	5.723017	4.0	52.694301	23.274658	1.0	0.110722	2.814275	5.0	3.827483	1.816675	3.0	74.663127	13.799075	1.0	97.67304
9517.0	1.0	47.650278	1.679544	1.8154810000000001	56.4355	0.750996	0.6783859999999999	0.807531	0.775053	9.771621000000001	1.0	54.5598	20.72554	5.0	0.029756	4.281176	5.0	78.90337199999999	0.403531	6.0	39.115456	2.358868	6.0	76.75497	11.788931	2.0	86.55646899999999	5.296921	2.0	0.018764	5.226414	6.0	37.993497	2.828656	2.0	86.03388199999999	9.161645	5.0	46.538087
9545.0	1.0	59.552277000000004	2.68933	91.699112	20.022599	0.97235	0.505709	0.808766	0.63478	1.8240619999999999	6.0	80.648616	10.934667999999999	4.0	0.072866	4.520583	4.0	86.901481	2.612532	1.0	19.048273000000002	13.645644	1.0	60.718441000000006	15.552992999999999	2.0	27.34962	5.715091	5.0	0.043282	3.7776300000000003	4.0	94.583391	3.1711419999999997	2.0	5.525883	23.23655	3.0	11.369137
9552.0	1.0	30.714068	2.5118400000000003	3.3103599999999997	23.517398	0.440266	0.361584	0.22937800000000003	0.9369850000000001	9.93148	2.0	24.271631	9.237112	5.0	0.011013	5.7369449999999995	4.0	33.072441	1.20341	3.0	79.512123	11.846498	2.0	59.613927000000004	18.787	2.0	93.549352	17.717037	3.0	0.010052	5.645087	4.0	56.925413	4.547871	5.0	59.942125	7.038705	2.0	14.725727
9620.0	1.0	2.351865	66.52940600000001	1.6861979999999999	10.98504	0.775452	0.812504	0.712671	0.5999800000000001	6.491651	6.0	48.822927	0.488309	2.0	0.014804	4.405483	6.0	44.236332	4.208553	6.0	77.11648000000001	7.10332	3.0	99.539951	15.123558	5.0	77.590517	15.711754999999998	2.0	0.037259	4.032471	1.0	99.3333	5.20416	5.0	67.622447	21.802661999999998	4.0	44.547295
9862.0	1.0	20.989096	19.999159	25.304451999999998	9.549524	0.181767	0.841949	0.658137	0.377139	12.919376	5.0	51.71433	17.661104	1.0	0.032521	4.8929480000000005	2.0	59.796975	1.6203290000000001	5.0	14.673646	20.851476	4.0	47.53627	8.426789999999999	3.0	22.785569	2.7675009999999998	4.0	0.40631	3.872865	2.0	15.529757	0.945808	2.0	84.49463399999999	20.202292	6.0	33.855432
9904.0	1.0	2.044524	8.136992	72.56649499999999	21.365997	0.550628	0.607557	0.542413	0.813655	7.518247	1.0	70.11059399999999	13.365488000000001	5.0	0.011373000000000001	2.5512900000000003	4.0	96.243852	3.120949	2.0	64.898515	17.468307	2.0	16.33615	16.445878	5.0	59.483126	4.307482	5.0	0.019823	3.2738869999999998	2.0	30.201478	3.557371	4.0	52.07343	25.533681	3.0	53.76163199999999
43.0	1.0	10.992560000000001	8.459482000000001	92.743841	2.282581	0.280967	0.5283	0.852117	0.239808	17.128317000000003	4.0	81.255762	25.187903	6.0	0.012737	1.2313969999999999	6.0	66.23886999999999	5.539859	6.0	51.236906	19.131657	1.0	56.705738000000004	5.007001	6.0	74.78008	20.226939	4.0	0.012128	1.291189	6.0	78.569	0.14286500000000002	1.0	8.051032000000001	18.370987	5.0	89.853987
244.0	1.0	80.70828	11.639215	14.209921	12.785684	0.9895510000000001	0.9109649999999999	0.590724	0.8781760000000001	4.619593	3.0	31.019994	13.128499	3.0	0.030489	0.231965	4.0	15.268453	0.420126	2.0	96.616236	15.108926	6.0	99.854497	9.265396	1.0	48.553036999999996	23.747169	4.0	0.021769999999999998	4.401839	2.0	80.889291	3.885732	4.0	43.763256	15.673437	2.0	60.776163000000004
261.0	1.0	3.108981	62.097834999999996	33.729884999999996	15.781915	0.984139	0.411117	0.504624	0.633456	21.852916	4.0	82.883198	12.336383999999999	5.0	0.011826	3.3222160000000005	5.0	5.530561	2.7603	3.0	99.793008	18.839214000000002	6.0	40.303313	14.880194	6.0	70.426113	1.389642	2.0	0.120679	5.150841000000001	3.0	11.977002	1.179059	5.0	46.27798	22.098771	2.0	15.530195999999998
429.0	1.0	5.0249	27.430517	82.351807	16.859616	0.46106800000000003	0.915969	0.997875	0.686632	17.218971	1.0	5.8082650000000005	12.137932000000001	2.0	0.016239	1.9645279999999998	4.0	88.02219699999999	1.7960150000000001	2.0	25.706609	21.201152	3.0	97.086229	12.536774000000001	1.0	17.358417000000003	22.323188000000002	6.0	0.035334	5.931598999999999	6.0	55.274127	0.5489	1.0	13.191481	22.416642	2.0	98.485176
556.0	1.0	95.997667	24.688223	1.214065	86.01457099999999	0.260279	0.792322	0.49001000000000006	0.228014	1.672993	3.0	62.644476	9.277325	3.0	0.010911	5.801234	2.0	79.30584	2.635863	4.0	21.392644	21.965056	2.0	85.107611	8.053854	4.0	94.310283	15.769376000000001	1.0	0.010183	5.737105000000001	3.0	80.940668	1.706406	5.0	75.27785899999999	16.142472	3.0	58.881106
616.0	1.0	56.064446999999994	5.380881	23.816095	10.144938	0.587444	0.445492	0.360433	0.633633	16.140233	6.0	62.567884	23.549306	3.0	0.042142	2.1943650000000003	6.0	70.6529	4.461972	2.0	71.992482	8.734382	5.0	2.169865	5.692525	3.0	99.2476	10.39903	6.0	0.012157	3.953183	2.0	28.679084999999997	2.728961	4.0	38.990173999999996	24.863146	1.0	59.13406
876.0	1.0	1.616825	91.145905	71.916956	24.984448	0.5904699999999999	0.48148500000000005	0.914596	0.9266639999999999	4.935034	1.0	42.013556	5.2543120000000005	4.0	0.019262	5.495442	4.0	3.210985	4.924967	2.0	48.98458	12.02871	3.0	13.24117	9.404961	3.0	54.004287	22.829719	1.0	0.018552000000000003	5.666786	1.0	82.394351	4.294335	5.0	40.269899	19.408279999999998	2.0	87.809588
948.0	1.0	31.472594	22.061716	90.78086	10.783681	0.9374239999999999	0.895971	0.207684	0.52694	14.10563	5.0	35.578734000000004	24.727092000000003	2.0	0.031471	0.693172	6.0	4.545507	3.138385	5.0	33.69189	23.165042	6.0	50.835941999999996	18.020873	4.0	96.495912	5.066635	1.0	0.01251	4.128014	2.0	67.58695300000001	0.095033	6.0	67.44458399999999	11.621686	3.0	32.351212
1025.0	1.0	16.888105	22.941597	13.292728	3.8472239999999998	0.550104	0.879642	0.676512	0.8053600000000001	18.363938	5.0	92.16707199999999	3.315625	3.0	0.011165999999999999	1.9817310000000001	4.0	10.714834	5.003239	4.0	17.777927	11.214782000000001	1.0	27.390698999999998	4.166164	2.0	77.331987	23.152963	6.0	0.01846	0.986475	5.0	70.87159399999999	5.484563	6.0	67.02181999999999	1.419159	1.0	76.15642700000001
1079.0	1.0	44.881502000000005	15.402671	1.0914620000000002	78.40373000000001	0.211175	0.9232229999999999	0.252794	0.782997	1.5165870000000001	5.0	73.266012	17.853395000000003	1.0	0.120775	4.592511	1.0	69.32704	2.325815	6.0	23.919957	19.882099	4.0	49.253522	10.589531	2.0	36.157318	16.561913	3.0	0.010653	1.9609830000000001	1.0	48.49232	4.152472	3.0	22.283117999999998	22.754580999999998	4.0	82.95428299999999
1113.0	1.0	2.156488	71.102571	11.573183	10.688189999999999	0.985191	0.7204050000000001	0.756794	0.9264549999999999	0.6215609999999999	3.0	36.702121999999996	4.979913	2.0	0.02401	0.342727	5.0	99.706908	4.83862	3.0	73.702374	19.571413	2.0	86.113164	13.515625	2.0	99.461313	8.595721000000001	2.0	0.030144	5.762469	3.0	67.633574	1.4366299999999999	6.0	76.392135	11.938408	5.0	10.002707000000001
1247.0	1.0	31.544196999999997	6.7600880000000005	54.104347	2.6464220000000003	0.321262	0.581534	0.8482879999999999	0.404102	0.26606199999999997	5.0	60.000333999999995	3.190717	1.0	0.014165	6.1753599999999995	4.0	51.829597	1.617437	4.0	65.468308	17.974024	2.0	74.698853	15.718447	6.0	84.839495	0.794018	2.0	0.01371	1.8022099999999999	4.0	19.973602	4.479615	3.0	34.223363	16.391428	1.0	87.487549
1283.0	1.0	15.698160000000001	5.345763	6.842791	78.714403	0.41337700000000005	0.44737200000000005	0.9579989999999999	0.410847	23.680827999999998	1.0	47.932234	2.264119	3.0	0.010532	2.49693	4.0	23.212663	4.046755	5.0	79.821549	7.829616000000001	2.0	54.655004000000005	0.641231	5.0	82.319698	14.874568	4.0	0.012918	4.655329	5.0	46.709065	5.778362	1.0	53.122240000000005	1.105458	2.0	32.958903
1293.0	1.0	10.141619	7.8440330000000005	11.372721	3.3858349999999997	0.806232	0.8289850000000001	0.8308719999999999	0.41022	1.8389529999999998	5.0	64.162678	8.698128	5.0	0.013386000000000002	1.642791	3.0	91.758533	5.478289	4.0	23.92373	10.313599	4.0	50.696205	24.229692	3.0	83.98871700000001	8.607749	3.0	0.010941	2.399012	2.0	60.559801	3.091628	4.0	54.259754	23.017301	6.0	20.641126999999997
1332.0	1.0	44.952847	4.869208	3.2837739999999997	35.929628	0.813595	0.432208	0.769457	0.641717	20.026154000000002	2.0	86.738919	18.654522	1.0	0.012743	5.255475	5.0	9.198671000000001	2.7256419999999997	5.0	1.634544	22.651272	1.0	72.023575	10.126007000000001	4.0	3.3850510000000003	8.087477	6.0	0.043347000000000004	4.130969	4.0	61.121285	3.26304	2.0	23.644378	16.585189	1.0	42.010102
1360.0	1.0	65.54740699999999	2.684122	66.97199300000001	6.797969	0.564441	0.775932	0.549372	0.64412	2.436913	1.0	69.434063	8.953327999999999	5.0	0.021528	4.784689	1.0	95.993545	1.921975	3.0	51.388582	6.135543	2.0	97.138503	16.466058	5.0	87.563362	14.691227	5.0	0.020442	3.6203199999999995	6.0	13.191323	1.86055	5.0	10.505489	18.911686	4.0	80.756148
1399.0	1.0	3.633578	5.574692	1.1123	19.003928	0.5205890000000001	0.795322	0.682906	0.720571	23.573693	3.0	20.303916	24.441793	2.0	0.017691	4.824893	1.0	69.436842	3.41315	5.0	28.600062	17.247269	6.0	9.519624	10.827727000000001	5.0	75.324187	14.630408	2.0	0.015086000000000002	1.8342209999999999	6.0	24.205947000000002	1.1801270000000001	4.0	36.66738	15.360948	2.0	38.533976
1418.0	1.0	9.375158	5.089125	49.954848999999996	12.976616	0.785435	0.9302299999999999	0.804657	0.463913	2.458113	6.0	42.453491	13.185111	5.0	0.017803	5.320962000000001	3.0	35.857843	1.129999	2.0	52.587006	6.32673	6.0	69.123232	14.738454999999998	4.0	51.633691	9.5324	5.0	0.042469	3.2419849999999997	1.0	1.53383	4.019815	2.0	57.907661	23.426695000000002	4.0	24.190664
1429.0	1.0	4.985297	40.523303000000006	73.480611	6.601362	0.313302	0.9466600000000001	0.996302	0.953758	23.291373	3.0	16.77318	24.845363	2.0	0.039386000000000004	1.270199	2.0	25.398321	5.7215620000000005	4.0	23.595229	18.75564	2.0	96.295632	22.673482	2.0	42.268229	15.012029	3.0	0.012386	4.636897	4.0	48.839139	4.847055	6.0	63.833538	18.244076999999997	1.0	78.835528
1434.0	1.0	35.133769	16.656588	6.244339	7.573103	0.9933040000000001	0.649131	0.486955	0.786307	18.450152	2.0	96.356096	13.005741	6.0	0.010554000000000001	6.233303	2.0	83.875677	3.35638	4.0	7.12874	12.002885000000001	1.0	87.289172	1.66282	5.0	96.31219300000001	7.403238000000001	5.0	0.010708	3.226696	5.0	44.554581	1.426986	4.0	36.202264	13.755426000000002	1.0	90.079494
1542.0	1.0	4.304033	94.739293	47.654598	6.909088000000001	0.961362	0.7980550000000001	0.748632	0.471646	20.568403	5.0	57.583053	20.413985	3.0	0.012091	3.785273	3.0	93.117067	4.761215	1.0	19.240676	18.624346	3.0	71.154101	22.569122	6.0	41.844021000000005	16.287229	6.0	0.033034	4.173106	5.0	11.350941	1.600291	5.0	29.528813	10.657525999999999	4.0	71.889782
2309.0	1.0	42.145455	2.024607	4.509454	44.679743	0.6362329999999999	0.649469	0.5384399999999999	0.35444499999999995	15.277343	6.0	69.243998	6.320894	5.0	0.01085	4.890784	5.0	82.136496	3.196663	1.0	54.388289	7.961686	3.0	93.700845	16.580422	5.0	1.736001	17.810853	4.0	0.014955000000000001	5.188092	3.0	88.469882	5.88243	1.0	10.766124000000001	12.767308	2.0	80.958919
2449.0	1.0	3.4669589999999997	1.760873	20.717351999999998	7.056777	0.271148	0.42762	0.752668	0.286544	22.827993	6.0	57.15469100000001	24.156789	2.0	0.01678	2.202795	1.0	84.619277	3.058216	2.0	66.248855	8.350335000000001	5.0	39.460801000000004	11.940624	5.0	80.50074000000001	17.00096	4.0	0.021764	3.810773	1.0	27.309829999999998	0.750157	6.0	39.245637	20.094244	4.0	14.055577
2596.0	1.0	94.042181	10.848444	30.717206	12.531433999999999	0.5923189999999999	0.97241	0.595708	0.59672	8.445637	3.0	37.989765999999996	13.914142000000002	4.0	0.010013	4.538183	4.0	19.453435	6.019133999999999	3.0	89.579251	13.134656	2.0	91.056584	10.519361	1.0	57.22533000000001	3.85816	6.0	0.27187100000000003	5.02411	1.0	86.25761800000001	3.456953	5.0	8.523264999999999	22.698026000000002	6.0	14.764134
2677.0	1.0	67.992085	19.2905	64.935701	4.423029	0.953918	0.840115	0.25258	0.868949	9.126016	4.0	25.584422	21.650879	5.0	0.011762	6.071924	5.0	69.010214	2.89798	2.0	58.298628	21.868682	3.0	93.754469	1.834991	6.0	89.208417	12.939378999999999	4.0	0.019474	3.317337	6.0	77.994129	3.796168	4.0	72.874921	24.343401999999998	4.0	16.603286999999998
2706.0	1.0	95.803831	3.425096	31.277334999999997	4.541567	0.534359	0.433254	0.574923	0.9423739999999999	10.985287	6.0	70.331103	2.820775	1.0	0.165998	2.9715409999999998	6.0	40.666268	3.7790839999999997	3.0	47.586960999999995	3.861097	1.0	2.655891	9.196821	6.0	18.163596	7.452153	6.0	0.019892	4.996176	5.0	71.69733599999999	3.3346400000000003	3.0	89.959152	4.557824	3.0	19.969724
2724.0	1.0	4.488899	5.793252	1.945186	19.050407	0.6555340000000001	0.820606	0.587666	0.850816	18.797212	1.0	73.85120500000001	17.552652	5.0	0.026519	2.600596	1.0	19.248348999999997	4.4232059999999995	6.0	32.884015999999995	19.201683	1.0	39.794954	6.6953570000000004	6.0	69.86873800000001	2.706509	4.0	0.010173999999999999	2.130721	4.0	68.96587199999999	2.977213	6.0	62.763563	15.173257000000001	3.0	38.376762
3007.0	1.0	68.73561600000001	8.830364	1.290186	49.963256	0.9534969999999999	0.540519	0.550311	0.487079	1.386857	3.0	67.46766099999999	8.215498	3.0	0.096473	5.255107	4.0	16.189516	2.143039	2.0	66.683137	22.380452	2.0	91.09152900000001	24.955327	6.0	73.501261	13.170511	4.0	0.020406	0.114285	5.0	99.11393699999999	5.222373	4.0	43.794209	21.766523	1.0	69.60719399999999
3022.0	1.0	40.698282	7.899413000000001	17.525164	2.502234	0.639418	0.406677	0.739744	0.167431	11.807398	6.0	83.827676	3.399912	1.0	0.026503	5.466704	5.0	61.966531	3.572741	3.0	77.620272	13.882060999999998	1.0	68.84366700000001	6.206999	3.0	40.751005	9.129163	2.0	0.021751	1.200621	3.0	32.998379	2.92401	4.0	69.335624	22.712889999999998	3.0	81.105153
3094.0	1.0	61.84634200000001	1.8984590000000001	26.417533000000002	20.091815	0.21036999999999997	0.234612	0.5346529999999999	0.9283129999999999	17.847472	5.0	19.620759	14.305760999999999	6.0	0.016675	5.1255690000000005	1.0	7.757913	0.151289	3.0	20.831067	21.190704	4.0	88.98940999999999	10.823528	3.0	96.241674	15.60389	5.0	0.022124	2.162777	5.0	31.340021000000004	4.744826	2.0	80.78472099999999	22.457626	1.0	37.357283
3191.0	1.0	97.65518	18.3868	10.024531	3.033493	0.47842799999999996	0.85798	0.622026	0.652371	8.131639	5.0	50.663446	21.847159	1.0	0.087155	3.9290599999999998	2.0	91.188345	5.671386	1.0	49.108655999999996	14.960610999999998	5.0	73.99936600000001	25.335583	6.0	16.638987	13.917628	4.0	0.011965	5.0073669999999995	2.0	69.228481	1.164765	5.0	94.115053	24.681444	2.0	54.716077
3225.0	1.0	6.748475999999999	18.347127	99.976549	8.281979	0.694327	0.749316	0.778875	0.386957	7.781591000000001	1.0	34.624697	13.216067	6.0	0.017194	4.910332	2.0	58.371947	0.44243599999999994	4.0	12.435347	20.903094	3.0	33.844331	12.107177	4.0	66.168935	15.939188	4.0	0.014294999999999999	4.701068	6.0	33.827965	3.328103	3.0	63.673106999999995	13.131609	2.0	62.60874200000001
3428.0	1.0	14.387201000000001	1.9589869999999998	21.783658	10.379185000000001	0.496016	0.517638	0.991361	0.652343	12.925384	3.0	48.962857	6.234001999999999	3.0	0.010356	2.116278	3.0	38.845839	2.377193	2.0	9.871878	7.290798	3.0	7.401627	20.898591	3.0	28.06073	20.292358	2.0	0.029708999999999996	2.544869	6.0	89.685906	5.724556	5.0	47.900642	11.835327000000001	4.0	39.541606
3806.0	1.0	3.512604	83.835831	27.751573999999998	7.489495	0.8358770000000001	0.666744	0.684372	0.5469350000000001	18.030549	4.0	35.527325	4.273137999999999	2.0	0.092799	6.197406	3.0	70.50004399999999	1.359887	2.0	27.97696	20.728143	6.0	92.911153	8.254515	4.0	84.08537700000001	15.129172	3.0	0.08368400000000001	2.144781	6.0	30.770893	5.412104	3.0	84.619465	13.332906	4.0	4.569566
4032.0	1.0	27.881581	10.744852999999999	48.851574	5.5746269999999996	0.114532	0.927811	0.992504	0.699033	8.268469	5.0	43.811075	24.704953	5.0	0.0337	3.2876559999999997	4.0	86.108201	3.979692	1.0	92.671516	19.387499	2.0	46.030072	20.359417999999998	6.0	10.939214999999999	13.260705999999999	3.0	0.148152	2.888457	6.0	80.299435	3.4897720000000003	5.0	97.866959	1.165309	3.0	46.618207
4036.0	1.0	1.677085	57.966991	85.869695	2.7015580000000003	0.249435	0.9026350000000001	0.512242	0.514818	4.694529	1.0	38.250271000000005	25.479917	6.0	0.016831	1.7891299999999999	5.0	75.177454	6.1496010000000005	4.0	40.876803	13.396195	2.0	98.37439599999999	4.552478	6.0	25.688733	23.502363	5.0	0.048149000000000004	5.719082	3.0	27.805415999999997	0.460459	6.0	44.633261	5.977915	4.0	78.336354
4178.0	1.0	12.229218	26.136644	17.016596	6.7248660000000005	0.658751	0.799248	0.227954	0.8893610000000001	15.504937	5.0	89.174883	8.599789	4.0	0.02105	4.385203	1.0	61.923003	5.841349	4.0	1.696361	17.220568	3.0	22.797969000000002	21.45467	4.0	40.61677	12.205144	6.0	0.015446000000000001	2.3553990000000002	4.0	85.53834499999999	0.477213	4.0	22.881823	8.474797	2.0	64.575625
4193.0	1.0	19.320318	32.051590999999995	7.045825999999999	13.956679000000001	0.6719390000000001	0.935923	0.716183	0.9455819999999999	11.484772999999999	1.0	45.274377	9.20444	5.0	0.01154	5.246354	2.0	41.616483	5.872204	1.0	79.56674699999999	21.756244	2.0	73.273317	10.457489	1.0	89.085461	12.1804	3.0	0.010194	2.505493	5.0	27.687938	0.779883	5.0	61.211792	21.483356	6.0	73.2022
4267.0	1.0	23.297398	1.841588	77.153988	1.3547690000000001	0.906215	0.306462	0.570256	0.990603	17.884235	1.0	44.934184	1.325376	4.0	0.01444	2.949143	3.0	22.492951	5.7301779999999995	3.0	83.30239300000001	0.482314	6.0	79.147574	24.57694	1.0	84.876103	3.9990300000000003	5.0	0.012442	3.608918	2.0	22.512385000000002	1.6041100000000001	5.0	4.501604	22.652645	5.0	51.563715
4285.0	1.0	71.156852	12.180522	17.462792999999998	18.082629	0.23108499999999998	0.796996	0.493091	0.920199	7.242298	5.0	60.911012	14.892624	1.0	0.031923	0.386333	1.0	87.671826	1.1513209999999998	5.0	68.58354	15.354764999999999	6.0	94.986657	22.190417999999998	4.0	89.164047	14.004239000000002	1.0	0.020477000000000002	1.379876	2.0	47.962192	3.7417519999999995	2.0	67.134388	7.820963000000001	4.0	45.5462
4309.0	1.0	25.182686999999998	13.251714999999999	2.207207	3.2296650000000002	0.793694	0.5489649999999999	0.344125	0.568416	3.312493	6.0	97.183356	10.083965	2.0	0.023079	2.783035	5.0	97.847729	2.004542	6.0	3.105291	23.247873000000002	6.0	34.992917	9.399916000000001	4.0	31.997065000000003	6.8553820000000005	4.0	0.049808	5.391417	6.0	11.093725	0.785291	4.0	81.087876	13.613786	2.0	68.790459
4312.0	1.0	1.458482	74.305181	21.146107	17.790929000000002	0.651143	0.23249899999999998	0.386115	0.763582	15.333854999999998	6.0	89.676822	6.259256	6.0	0.010618	2.5205490000000004	6.0	35.232997	0.116654	5.0	68.435955	4.804278	4.0	34.107641	25.191137	3.0	78.729184	19.228036	4.0	0.048148	2.498333	1.0	47.674699	0.710754	2.0	15.941813	13.243319	1.0	57.582498
4499.0	1.0	2.7522279999999997	28.417655	2.197181	67.817487	0.838522	0.9347280000000001	0.6459729999999999	0.567046	5.2277059999999995	6.0	33.937382	11.057403	6.0	0.030641	5.6558720000000005	3.0	13.190101	6.247539	1.0	99.54169	11.850997999999999	2.0	53.288915	23.765072	6.0	45.823059	10.681825	2.0	0.013641	1.9386599999999998	3.0	54.375352	3.349375	6.0	22.899307	11.68484	3.0	71.90326
4551.0	1.0	60.846725	16.102849	30.117676	19.237735	0.164072	0.629081	0.248281	0.664249	10.34947	6.0	2.011549	24.328462	6.0	0.013491	4.957765	4.0	79.992527	5.727878	1.0	86.793258	15.653341000000001	3.0	9.582841	18.256641000000002	2.0	97.786376	10.594822	5.0	0.013800999999999999	4.123569	1.0	52.637485	4.775358	1.0	13.964879999999999	23.336764000000002	4.0	72.81456899999999
4679.0	1.0	80.299255	3.760111	69.376391	11.309085000000001	0.172234	0.275419	0.285088	0.813025	20.141196	6.0	91.93253299999999	18.22051	1.0	0.013053	5.856774	4.0	40.181401	3.066312	4.0	58.642286	20.951785	1.0	41.79091	0.633807	5.0	67.63834200000001	22.92491	4.0	0.013596	3.8724540000000003	4.0	28.086937	4.767176999999999	6.0	93.002176	17.311927999999998	5.0	93.843069
4703.0	1.0	12.307132000000001	16.94507	17.806962	2.918796	0.588044	0.966132	0.39565	0.521465	12.061536	3.0	15.868725	6.389869	6.0	0.017061	0.846059	3.0	92.678832	5.340791	6.0	87.074676	19.024427	4.0	35.029903999999995	23.122476000000002	2.0	49.773917	1.907686	2.0	0.49070699999999995	0.232971	1.0	47.415194	4.451469	3.0	77.098761	17.590067	4.0	52.488606999999995
4913.0	1.0	4.359062000000001	1.086062	1.040543	20.683443	0.46682299999999993	0.78028	0.623734	0.786183	9.627311	4.0	16.894025	10.587356	4.0	0.029608	6.037537	4.0	41.725853	1.0735290000000002	1.0	47.355626	9.036033999999999	3.0	79.34111999999999	1.486169	2.0	52.797254	19.787262	1.0	0.011498	5.835916	3.0	92.66741	2.725272	3.0	93.504834	15.092107999999998	5.0	85.94117800000001
5044.0	1.0	47.602841999999995	6.510052	70.230551	9.804625	0.46477399999999996	0.569793	0.800338	0.681822	16.751388000000002	6.0	23.272368	0.9824870000000001	6.0	0.010317	2.029013	2.0	71.405947	0.993835	2.0	18.188191	23.473971	5.0	81.240817	6.369466	5.0	98.44914	1.792372	3.0	0.031777	5.068352	1.0	88.708835	1.8295080000000001	3.0	2.5018740000000004	10.162416	4.0	5.921047
5061.0	1.0	14.478129000000001	24.696916	32.941817	16.130487	0.714036	0.643663	0.826849	0.844018	10.869621	2.0	61.313705000000006	4.69733	5.0	0.024076	1.75885	1.0	63.482788	6.222326	6.0	11.093836999999999	20.687962	3.0	49.622928	11.107712	4.0	97.742006	8.784915	4.0	0.010515	0.403913	1.0	78.479052	4.494545	3.0	66.27624399999999	24.210139	1.0	38.313757
5101.0	1.0	87.610901	5.329239	30.199181	15.691363	0.711719	0.540222	0.336432	0.8844860000000001	3.333844	5.0	27.241554999999998	2.918176	6.0	0.015635	1.037368	1.0	82.876625	2.645465	5.0	20.203646	6.944213	5.0	4.005366	7.0366610000000005	3.0	84.424398	0.815012	6.0	0.012187	0.850901	4.0	48.356924	5.481339	5.0	46.47208	10.898966999999999	2.0	35.085574
5198.0	1.0	13.450973999999999	7.850458000000001	2.083387	86.367675	0.561017	0.8498379999999999	0.9654729999999999	0.677601	3.9679580000000003	5.0	21.920867	22.865788000000002	1.0	0.04835	5.528641	1.0	53.268221999999994	1.9198400000000002	4.0	30.828491999999997	14.911052	4.0	71.956357	4.894128	6.0	74.961475	22.297216	2.0	0.010754999999999999	2.882078	2.0	69.121004	2.7270369999999997	2.0	37.057896	13.179343	1.0	22.592416
5277.0	1.0	3.641814	24.123895	9.992685	10.811505	0.317996	0.783234	0.807371	0.406733	14.924688	1.0	67.93616800000001	9.250084	6.0	0.037597000000000005	3.012575	3.0	82.970185	1.6609060000000002	1.0	24.030391	17.62531	6.0	51.995184	20.50102	2.0	86.413527	15.315729000000001	2.0	0.016058000000000003	4.139075	3.0	21.213725	3.153033	6.0	74.119692	16.577111	5.0	84.93211600000001
5298.0	1.0	69.790494	6.920752	2.506351	63.49913299999999	0.8946219999999999	0.347591	0.548896	0.125641	13.209329	3.0	39.763465999999994	19.171565	1.0	0.048849000000000004	3.8384989999999997	3.0	49.584392	0.8455729999999999	1.0	47.155377	20.980041	4.0	38.746198	18.370224	4.0	35.438787	17.407176999999997	6.0	0.01745	4.750628	4.0	97.979618	1.4689729999999999	6.0	28.067196999999997	10.064409	1.0	7.543677000000001
5428.0	1.0	70.98521600000001	9.111322999999999	15.633869	2.6816169999999997	0.706499	0.939017	0.504966	0.61422	7.598317999999999	2.0	47.873546999999995	8.801983	4.0	0.064062	2.884691	2.0	60.012172	0.653341	6.0	25.467967	8.233433	6.0	55.820664	4.289471	2.0	32.275343	13.437694	4.0	0.043278	4.680554	4.0	23.987944	5.501174	2.0	14.145853	23.139792	4.0	41.543449
5461.0	1.0	5.6049	1.246768	25.575604000000002	25.737856	0.9950760000000001	0.718726	0.9373549999999999	0.9146049999999999	14.304386	2.0	59.296358999999995	24.079645000000003	6.0	0.018973	4.644579	5.0	50.886298	2.521231	2.0	66.441703	9.44668	1.0	83.755735	11.059092	5.0	66.610559	12.301414	3.0	0.021803	5.245247	6.0	71.82974	2.327416	6.0	39.745533	22.774314999999998	4.0	22.27366
5484.0	1.0	8.640195	43.72333	4.583022	23.685934	0.86392	0.38105100000000003	0.624266	0.3078	18.349076	1.0	9.497484	22.316786999999998	4.0	0.013803999999999999	5.014461	6.0	41.513221	5.992696	2.0	66.709937	21.853579999999997	2.0	33.987307	1.0339200000000002	3.0	37.81793	22.039742999999998	5.0	0.543825	4.624151	4.0	9.70163	4.921737	6.0	54.618713	16.503992	4.0	56.448362
5599.0	1.0	38.391992	1.182511	29.961646999999996	12.620875999999999	0.821083	0.5201680000000001	0.346413	0.868661	0.50932	2.0	18.56082	6.325316	3.0	0.291116	4.235208999999999	1.0	18.268928	2.9334849999999997	5.0	16.400571	6.068868	4.0	26.141962	9.887174	1.0	80.87429200000001	13.671057000000001	2.0	0.042263999999999996	3.748732	3.0	68.561972	3.15715	6.0	35.94018	12.885962	5.0	91.809899
5611.0	1.0	59.856145999999995	4.479576	4.5016110000000005	1.197498	0.809048	0.752735	0.38104099999999996	0.358337	11.778803	1.0	11.378243	5.650505	1.0	0.018161	5.2386870000000005	1.0	76.788622	2.937265	4.0	55.581715	18.061013	4.0	68.984848	5.873846	2.0	84.401137	23.497554	6.0	0.40503	0.46685600000000005	5.0	83.564255	2.6502630000000003	2.0	44.569777	13.240076	6.0	80.319474
5742.0	1.0	18.060637	1.0815700000000001	76.435325	20.345181	0.288596	0.500213	0.47996000000000005	0.636484	19.741728	3.0	7.309226	16.030078	1.0	0.013612	3.9228050000000003	1.0	32.675001	4.024088	5.0	1.7333869999999998	19.632762	6.0	57.537199	5.433137	5.0	88.270907	12.660831	3.0	0.013947999999999999	3.423569	5.0	37.131046000000005	5.4090739999999995	4.0	39.017115999999994	19.126761	3.0	49.249779
5788.0	1.0	1.118422	31.554021999999996	75.76678199999999	3.677201	0.9018129999999999	0.9673510000000001	0.514175	0.544266	2.624587	3.0	56.52944300000001	3.287204	3.0	0.025253	2.034221	5.0	58.134972999999995	5.779926000000001	2.0	42.540921999999995	6.246580000000001	1.0	56.942418999999994	7.181437	4.0	76.284653	7.956187	4.0	0.076655	3.177956	3.0	37.730782	0.987129	4.0	94.001824	11.436318	3.0	85.228831
5826.0	1.0	56.428031000000004	1.3379290000000001	41.141528	6.999822999999999	0.507742	0.87436	0.726093	0.255753	17.466057	3.0	67.56146700000001	14.265225	6.0	0.104431	3.0394360000000002	3.0	74.419882	4.761933999999999	1.0	40.86294	5.676323	2.0	6.958315	1.396156	5.0	16.960960999999998	3.5099839999999998	1.0	0.055476	2.632191	3.0	13.470085000000001	4.601979	4.0	58.10114300000001	15.909999	4.0	65.275387
5870.0	1.0	16.777935999999997	36.725733	24.571659	9.242842999999999	0.410988	0.9378879999999999	0.9897299999999999	0.789725	18.367231	4.0	93.41662099999999	22.609432	6.0	0.034932	1.3199450000000001	1.0	83.93095799999999	4.237862000000001	1.0	69.180574	23.418951	4.0	45.602565999999996	18.344472	5.0	47.247909	12.13999	4.0	0.012721	0.786067	1.0	94.523015	0.701397	5.0	43.94081	12.487982	1.0	83.435165
6449.0	1.0	9.111241	28.008002	26.192445000000003	1.0321069999999999	0.301572	0.9928600000000001	0.5213300000000001	0.1525	15.235838000000001	5.0	26.580897999999998	1.492917	4.0	0.027662	1.964632	6.0	30.676732	2.11924	2.0	56.859536999999996	17.459844	1.0	20.318886	6.854688	5.0	9.032906	10.139614	4.0	0.028718	5.233467	6.0	96.548699	5.448289	5.0	81.137814	24.226452	3.0	73.148275
6706.0	1.0	89.239941	14.095019	95.857423	18.110044	0.453842	0.632754	0.579695	0.9582209999999999	3.696969	4.0	62.586817	11.748097999999999	1.0	0.025862	0.126909	2.0	59.018308999999995	2.408769	3.0	41.757761	22.289687	4.0	42.123794000000004	14.955896	4.0	93.644446	3.159965	2.0	0.046954	4.510707	1.0	37.340187	0.19808900000000002	2.0	5.7971639999999995	17.496867	5.0	20.974785
6805.0	1.0	8.12849	26.222107	1.7193459999999998	99.4987	0.765877	0.739409	0.24283400000000002	0.165434	18.560779	1.0	55.158662	9.274233	3.0	0.071126	0.269586	1.0	5.781055	2.73245	1.0	78.76765400000001	17.033826	1.0	27.776374	19.309901	3.0	54.192597	15.217246	4.0	0.026668	5.224193	4.0	72.053855	2.740199	2.0	94.837091	17.352337	4.0	43.8006
6826.0	1.0	25.911013	1.547082	37.621008	12.530379	0.229373	0.758562	0.559467	0.7324350000000001	19.605678	3.0	21.237880999999998	8.266167999999999	2.0	0.012098999999999999	4.642223	5.0	11.995836	3.5786290000000003	1.0	94.808661	2.367718	4.0	8.383123	23.868534	4.0	17.925029000000002	9.941153	6.0	0.040754000000000005	5.264779	5.0	31.981819	3.176368	2.0	45.335679	25.526511	5.0	2.014516
6987.0	1.0	1.9667430000000001	74.318603	6.801931	17.662649	0.543081	0.278553	0.371652	0.33060300000000004	20.321598	5.0	54.387614	19.449963	6.0	0.014197	5.813192	4.0	33.067367	6.040545	3.0	62.930327	9.931174	6.0	95.709561	23.077395000000003	6.0	55.536412	12.375766	6.0	0.017821	0.061195000000000006	2.0	24.341962	4.641158	1.0	35.420395	25.527697	1.0	50.286993
7184.0	1.0	25.362859	1.3439	2.298998	49.874241	0.438827	0.410703	0.754977	0.125581	1.6430209999999998	2.0	12.559335	11.660478	2.0	0.03259	3.184868	3.0	10.348527	0.558855	5.0	83.705321	8.1303	4.0	67.732972	23.351515	4.0	35.817266	21.702451	5.0	0.035958	0.068915	1.0	62.57016899999999	5.464477	4.0	42.356103999999995	12.660093	3.0	90.074874
7395.0	1.0	24.000919	3.042352	62.378822	4.066714	0.662506	0.271941	0.531037	0.817358	4.11038	5.0	87.043438	1.510119	5.0	0.02839	2.476257	5.0	17.295634	0.293696	6.0	31.491397999999997	13.076083	5.0	16.299046	11.698934	5.0	42.351524	19.097729	1.0	0.012075	1.859795	5.0	75.437916	5.599914	1.0	14.328278	12.659446	1.0	30.594131
7425.0	1.0	88.919652	14.009984	1.930655	15.230959	0.778049	0.53133	0.100253	0.957477	11.782423	5.0	83.56031899999999	20.626773	3.0	0.01798	1.360143	3.0	32.618739	5.26419	3.0	66.514498	20.795303	5.0	94.659889	24.433475	2.0	72.394346	19.557724	4.0	0.017643	2.257047	5.0	32.304558	2.945416	2.0	60.011801	5.05103	4.0	63.791275
7482.0	1.0	99.707113	9.781036	14.225145999999999	5.301296	0.303969	0.958951	0.563217	0.7635770000000001	0.783828	4.0	78.811249	22.640842000000003	1.0	0.018587	2.933296	1.0	97.249137	0.23819200000000001	1.0	65.251434	11.442746000000001	3.0	71.986148	19.844445	3.0	43.40421	4.541834	6.0	0.104808	2.0655349999999997	3.0	17.820109	4.889775	4.0	97.343834	5.840587	5.0	27.426097
7558.0	1.0	19.84664	11.393908	2.612641	1.85906	0.307804	0.41708599999999996	0.409429	0.280609	11.377289999999999	6.0	88.674289	8.923136	6.0	0.019012	0.27156199999999997	1.0	27.962058000000003	1.789093	5.0	93.18091899999999	22.601318	3.0	86.128784	23.924438000000002	1.0	60.380065	21.704775	3.0	0.0114	5.065951	4.0	66.469599	0.44548999999999994	3.0	74.80651999999999	24.792169	6.0	50.995769
7627.0	1.0	13.144480999999999	3.9360779999999997	3.904148	47.057961999999996	0.956425	0.294958	0.724363	0.903855	17.401004	3.0	41.093508	20.485942	5.0	0.023301	4.575495	1.0	91.833724	1.846829	5.0	9.610789	4.269401	1.0	66.02897800000001	8.716794	3.0	83.780591	16.954655	1.0	0.032576	3.888579	1.0	76.342174	3.123161	3.0	75.319427	16.831204999999997	6.0	51.09315
7795.0	1.0	2.409548	17.004315	1.06851	29.213593	0.5639609999999999	0.195943	0.381176	0.190479	8.527627	1.0	13.939298	20.955688000000002	1.0	0.013538	1.856788	2.0	76.577652	4.108011	5.0	52.69996999999999	17.501334	1.0	85.017074	23.762808	6.0	54.020106999999996	18.368512	1.0	0.010874	2.885406	2.0	18.005082	5.644627	6.0	8.030330000000001	13.231148000000001	6.0	93.981523
7880.0	1.0	8.523172	13.684420999999999	38.827144	18.149132	0.422516	0.9494319999999999	0.302634	0.8085640000000001	15.941196	5.0	65.197109	24.53117	4.0	0.225885	0.74724	1.0	38.499938	6.063435	1.0	86.084767	6.957124	5.0	2.685162	23.131429999999998	3.0	79.43795	3.314233	1.0	0.038062	5.231859	2.0	63.583305	2.511259	1.0	31.796356	24.936058	2.0	61.99504
8071.0	1.0	80.377371	3.645147	7.574395	15.076566	0.286585	0.721911	0.873172	0.532465	19.039981	4.0	40.273568	11.192153999999999	5.0	0.025397	4.738738	5.0	28.000799	2.807454	3.0	88.049432	10.272005	3.0	46.047899	9.037757000000001	3.0	31.276722999999997	17.286326000000003	2.0	0.017943999999999998	4.3426029999999995	1.0	70.038413	3.05864	2.0	32.11854	22.1361	3.0	66.975652
8176.0	1.0	28.347769	8.99797	67.996874	10.960861999999999	0.10560499999999999	0.315226	0.23537600000000003	0.629745	8.09657	6.0	91.267501	16.513394	1.0	0.012574	4.916424	4.0	36.910616999999995	1.442653	5.0	9.132685	22.854171	3.0	38.044818	12.172441000000001	2.0	74.308246	12.652047999999999	6.0	0.015091	5.11787	3.0	83.96565600000001	1.1994799999999999	6.0	3.6646379999999996	16.611773	5.0	85.71287199999999
8421.0	1.0	1.785136	22.145651	57.519532	3.24617	0.285378	0.50839	0.684275	0.637899	11.74495	6.0	28.840446000000004	19.288483	2.0	0.034039	1.491476	1.0	79.822547	4.4550160000000005	5.0	64.488656	22.205486999999998	3.0	36.251957	14.485575	2.0	55.54008100000001	4.9809209999999995	5.0	0.020106	4.908555000000001	2.0	32.213204	4.3991489999999995	4.0	69.593463	24.142011	4.0	51.268777
8529.0	1.0	4.406626999999999	90.56792	33.238803000000004	19.853005	0.691287	0.972684	0.8203870000000001	0.5974619999999999	17.7442	2.0	56.928422	1.655083	3.0	0.012323	5.517436	5.0	99.188866	4.526708	2.0	90.158498	5.5887839999999995	6.0	79.513001	17.832555	4.0	97.98920600000001	8.206508	3.0	0.010015999999999999	0.7241449999999999	1.0	98.764448	5.1471279999999995	6.0	99.643635	19.623573	1.0	94.855241
8558.0	1.0	51.959328	9.487011	96.157529	20.399555	0.67555	0.9452659999999999	0.750596	0.579213	15.242820000000002	2.0	91.20014	8.55338	4.0	0.010137	0.717063	2.0	26.911593	4.048907	6.0	89.719096	9.830789	3.0	34.992387	19.643422	2.0	88.256948	16.794659	1.0	0.018123	4.026162	4.0	49.509836	0.47347799999999995	3.0	69.196161	25.447293	4.0	10.625562
8568.0	1.0	9.550842	8.13722	39.139294	7.958086	0.350814	0.60714	0.505484	0.899805	19.555362	1.0	98.451578	15.559673000000002	1.0	0.046473	5.8746220000000005	2.0	88.250259	3.037817	3.0	44.068754	19.749919000000002	6.0	44.602315000000004	10.510480000000001	1.0	60.381493000000006	7.851560000000001	3.0	0.02094	3.8197160000000006	3.0	46.129084999999996	1.6716369999999998	2.0	65.166612	8.154154	6.0	59.126663
8619.0	1.0	44.522444	11.632541	4.65308	39.960843	0.6254569999999999	0.9841469999999999	0.8293280000000001	0.5352100000000001	20.366618	3.0	48.153334	9.767451	1.0	0.037475	1.83027	3.0	3.416646	3.8853050000000002	5.0	57.988903	9.071488	3.0	91.183859	15.610559	1.0	68.202276	14.291126	3.0	0.045006	4.7459489999999995	3.0	90.822347	3.474421	5.0	40.967268	19.658261	3.0	35.041055
8781.0	1.0	84.677385	2.726347	66.239654	4.171277	0.769364	0.196081	0.79871	0.478162	2.1775279999999997	5.0	51.675828	22.321191	5.0	0.10748599999999998	1.664555	3.0	50.895334999999996	5.679764	4.0	74.895352	18.106967	1.0	68.405029	19.548981	4.0	82.691994	7.254092999999999	2.0	0.035492	1.889702	4.0	59.584346	1.976314	5.0	34.029173	14.876870000000002	2.0	89.14899
8978.0	1.0	2.468867	62.861417	9.487318	25.400656	0.48163500000000004	0.592012	0.911055	0.9908030000000001	5.280115	6.0	67.465467	20.366768	3.0	0.015543000000000001	5.941664	6.0	94.049796	0.93134	5.0	29.896123	10.292791000000001	3.0	42.350194	2.056079	2.0	53.370815	14.594681	2.0	0.030342	4.231623	4.0	8.54853	3.6809230000000004	1.0	27.638165	20.881601999999997	5.0	32.639024
9094.0	1.0	10.479371	23.326442999999998	4.681343	21.759719	0.28394	0.99441	0.9783709999999999	0.8788590000000001	5.93304	2.0	58.393457999999995	2.5543400000000003	5.0	0.011037	1.084976	3.0	17.3805	2.398534	4.0	53.346341	16.707875	4.0	67.880647	16.350561	4.0	22.381061	3.974754	1.0	0.010181	0.8862459999999999	3.0	41.605385	5.128492	3.0	85.937619	10.551031	4.0	24.022707
9359.0	1.0	6.631622	80.851629	2.315731	12.439159	0.9206780000000001	0.9058120000000001	0.6976899999999999	0.418813	11.096095	4.0	77.34165	16.56223	2.0	0.010459999999999999	4.724773	6.0	32.546996	2.378959	4.0	17.809946	18.594189	2.0	61.604853000000006	5.723017	4.0	52.694301	23.274658	1.0	0.110722	2.814275	5.0	3.827483	1.816675	3.0	74.663127	13.799075	1.0	97.67304
9517.0	1.0	47.650278	1.679544	1.8154810000000001	56.4355	0.750996	0.6783859999999999	0.807531	0.775053	9.771621000000001	1.0	54.5598	20.72554	5.0	0.029756	4.281176	5.0	78.90337199999999	0.403531	6.0	39.115456	2.358868	6.0	76.75497	11.788931	2.0	86.55646899999999	5.296921	2.0	0.018764	5.226414	6.0	37.993497	2.828656	2.0	86.03388199999999	9.161645	5.0	46.538087
9545.0	1.0	59.552277000000004	2.68933	91.699112	20.022599	0.97235	0.505709	0.808766	0.63478	1.8240619999999999	6.0	80.648616	10.934667999999999	4.0	0.072866	4.520583	4.0	86.901481	2.612532	1.0	19.048273000000002	13.645644	1.0	60.718441000000006	15.552992999999999	2.0	27.34962	5.715091	5.0	0.043282	3.7776300000000003	4.0	94.583391	3.1711419999999997	2.0	5.525883	23.23655	3.0	11.369137
9552.0	1.0	30.714068	2.5118400000000003	3.3103599999999997	23.517398	0.440266	0.361584	0.22937800000000003	0.9369850000000001	9.93148	2.0	24.271631	9.237112	5.0	0.011013	5.7369449999999995	4.0	33.072441	1.20341	3.0	79.512123	11.846498	2.0	59.613927000000004	18.787	2.0	93.549352	17.717037	3.0	0.010052	5.645087	4.0	56.925413	4.547871	5.0	59.942125	7.038705	2.0	14.725727
9620.0	1.0	2.351865	66.52940600000001	1.6861979999999999	10.98504	0.775452	0.812504	0.712671	0.5999800000000001	6.491651	6.0	48.822927	0.488309	2.0	0.014804	4.405483	6.0	44.236332	4.208553	6.0	77.11648000000001	7.10332	3.0	99.539951	15.123558	5.0	77.590517	15.711754999999998	2.0	0.037259	4.032471	1.0	99.3333	5.20416	5.0	67.622447	21.802661999999998	4.0	44.547295
9862.0	1.0	20.989096	19.999159	25.304451999999998	9.549524	0.181767	0.841949	0.658137	0.377139	12.919376	5.0	51.71433	17.661104	1.0	0.032521	4.8929480000000005	2.0	59.796975	1.6203290000000001	5.0	14.673646	20.851476	4.0	47.53627	8.426789999999999	3.0	22.785569	2.7675009999999998	4.0	0.40631	3.872865	2.0	15.529757	0.945808	2.0	84.49463399999999	20.202292	6.0	33.855432
9904.0	1.0	2.044524	8.136992	72.56649499999999	21.365997	0.550628	0.607557	0.542413	0.813655	7.518247	1.0	70.11059399999999	13.365488000000001	5.0	0.011373000000000001	2.5512900000000003	4.0	96.243852	3.120949	2.0	64.898515	17.468307	2.0	16.33615	16.445878	5.0	59.483126	4.307482	5.0	0.019823	3.2738869999999998	2.0	30.201478	3.557371	4.0	52.07343	25.533681	3.0	53.76163199999999
