64.0	3.0	27.727615999999998	2.8604279999999997	56.056371999999996	35.270722	0.103969	0.7340270000000001	0.234373	0.656309	19.686495	5.0	28.721158000000003	5.632933	1.0	0.015009	1.2489139999999999	3.0	75.449465	0.205157	3.0	29.567003000000003	9.553471	3.0	17.647625	25.141358	5.0	98.199851	11.015473	5.0	0.055254	5.028607	1.0	60.121802	2.1700150000000002	1.0	16.959457999999998	11.667023	6.0	80.981913
547.0	3.0	22.544911	22.211834	36.279787	4.821007	0.505272	0.885748	0.282134	0.297126	15.685554999999999	2.0	7.1895	12.304246000000001	4.0	0.011051	3.422021	4.0	31.027134999999998	3.8415150000000002	5.0	47.521039	22.414928	2.0	72.907045	0.521983	3.0	39.026996999999994	19.550564	5.0	0.068386	2.8582349999999996	6.0	22.520944	4.187361	4.0	15.535588	6.154076	1.0	58.958096999999995
588.0	3.0	28.329636999999998	2.175654	82.081757	30.420616	0.8546360000000001	0.771103	0.778866	0.12976	14.360149	6.0	94.647109	22.213803	5.0	0.012371	3.3548	4.0	72.649762	2.311552	3.0	51.573448	12.595194000000001	6.0	28.124931	25.449057999999997	6.0	94.325625	1.663819	6.0	0.08468099999999999	2.4664490000000003	4.0	38.847409000000006	1.623453	5.0	73.923797	1.3513629999999999	6.0	17.217875
606.0	3.0	62.55785600000001	3.691971	11.246229	72.35015200000001	0.36917300000000003	0.773688	0.884891	0.492204	7.898364999999999	1.0	93.876036	20.540013000000002	5.0	0.022363	2.941424	6.0	15.057652	5.723166	4.0	42.332772	15.646999	5.0	78.040499	19.613737	6.0	30.758156	18.775551999999998	4.0	0.027207	5.930773	5.0	69.039324	4.337797	3.0	13.561232	3.418993	3.0	18.352873000000002
663.0	3.0	39.50039	7.35456	31.848903999999997	17.190294	0.724928	0.891632	0.88984	0.345248	1.736077	6.0	4.5864	13.511612	1.0	0.029160000000000002	5.619029	6.0	89.177578	2.6802799999999998	2.0	17.580146	19.197913	5.0	94.33330600000001	9.794421	6.0	38.800765999999996	14.289411	4.0	0.010570999999999999	3.5421370000000003	4.0	92.83323100000001	3.126379	5.0	98.843725	24.994502	4.0	80.100093
719.0	3.0	3.462846	24.553402	59.30164	90.744623	0.279929	0.8237540000000001	0.9223110000000001	0.298599	10.232766	1.0	83.986405	11.421056	3.0	0.012787999999999999	1.941614	3.0	73.694257	5.207085	4.0	66.87784599999999	17.045676	5.0	49.116051	11.143619000000001	1.0	51.248769	1.771873	1.0	0.28775500000000004	4.168602	5.0	44.666497	5.474626	3.0	13.29805	9.62605	5.0	82.229075
784.0	3.0	33.047431	11.636989	98.338181	84.202318	0.98725	0.328502	0.797313	0.9193370000000001	0.3986	6.0	14.903238	24.888589	2.0	0.010542000000000001	1.431206	1.0	17.054723000000003	5.125248	3.0	94.018493	20.600964	2.0	39.28982	6.416268	1.0	53.536218000000005	19.85517	3.0	0.038382	2.0958349999999997	2.0	84.914916	1.6386009999999998	5.0	52.794015	9.78707	1.0	33.266994
831.0	3.0	88.793199	31.096015	15.243192	24.093562	0.24748299999999998	0.920275	0.8849940000000001	0.63036	22.204652	1.0	21.932578	21.105539	3.0	0.043081	5.804682	3.0	61.227113	0.637207	1.0	4.966626	19.79276	2.0	92.66307900000001	6.9766449999999995	2.0	27.666512	11.953952000000001	6.0	0.012075	5.29124	4.0	76.05221	2.778501	2.0	49.951952	4.099869	4.0	22.967775
892.0	3.0	93.247713	5.797794000000001	29.902821999999997	35.633859	0.678768	0.400673	0.335338	0.7526579999999999	15.792345999999998	1.0	20.223945	3.070582	4.0	0.063611	5.008393	3.0	82.502987	2.887033	4.0	27.849196000000003	21.019978	1.0	41.477754	12.654776	1.0	69.84123100000001	12.932071	3.0	0.018809	1.597341	3.0	52.415121	0.487066	6.0	68.973179	5.456574	5.0	8.353122
1065.0	3.0	78.344853	8.434308	19.787567000000003	83.693552	0.845944	0.49567799999999995	0.5669649999999999	0.408665	2.3596209999999997	1.0	93.948751	16.083135000000002	6.0	0.036687	0.8646870000000001	3.0	62.38964	4.8468800000000005	4.0	14.100898	13.785567000000002	3.0	28.214709999999997	14.932395000000001	5.0	32.980982	7.86113	3.0	0.032664	2.164384	3.0	20.287467000000003	0.9801629999999999	1.0	48.03113	14.508766	5.0	34.795113
1066.0	3.0	2.581889	73.002619	17.554085	51.964154	0.48748100000000005	0.628069	0.171566	0.562673	14.043176	4.0	65.68474499999999	1.712805	5.0	0.016937	5.546928	4.0	56.588291000000005	2.442886	4.0	34.176099	4.173619	6.0	84.04786800000001	19.284263	3.0	51.288838	20.717833	4.0	0.017747	5.438058	6.0	78.731942	1.0353459999999999	3.0	39.724394000000004	3.2894410000000005	1.0	95.809996
1125.0	3.0	44.185203	15.792232	13.744862	89.168526	0.265436	0.5989760000000001	0.87769	0.7065899999999999	14.231921	4.0	13.968434	20.392578	4.0	0.021937	4.780163	5.0	85.410174	5.125033999999999	5.0	98.76295400000001	18.870867999999998	6.0	8.893316	10.888224000000001	3.0	14.165726999999999	4.750465	3.0	0.014753	3.298031	1.0	92.24456500000001	5.768136	2.0	90.936423	15.280842000000002	3.0	7.415017999999999
1341.0	3.0	47.674877	5.590964	12.100798	41.007533	0.21239699999999997	0.307423	0.377827	0.481837	3.437494	1.0	90.5507	22.422803	5.0	0.09667200000000001	1.450508	3.0	93.698323	2.935034	1.0	91.606398	22.80791	5.0	35.045364	7.044173	2.0	92.267247	7.614560000000001	6.0	0.014343	0.826982	1.0	20.687808	4.512080999999999	4.0	23.641748	6.345376	6.0	95.918856
1398.0	3.0	79.852719	4.834645	66.28344799999999	43.380453	0.43548000000000003	0.719917	0.80362	0.831958	13.085438	5.0	13.716064999999999	1.62724	3.0	0.023915000000000002	4.520129	5.0	34.145896	5.005285	4.0	23.385655	18.116372	4.0	85.238382	22.253004999999998	4.0	89.43381	19.998772	6.0	0.011631	5.666668	1.0	66.480039	3.22756	4.0	70.001531	23.35292	2.0	68.32109399999999
1590.0	3.0	33.001937	12.013305	92.930996	94.862243	0.34844200000000003	0.43252700000000005	0.86454	0.584216	15.71044	5.0	59.359660999999996	22.60556	5.0	0.023257	2.4393580000000004	5.0	42.866596	5.664935	3.0	74.795099	18.556993	2.0	7.225083000000001	23.182832	1.0	20.29434	16.783722	2.0	0.037618	4.987424	5.0	92.902324	4.757635	5.0	3.18472	8.583192	4.0	81.755375
1710.0	3.0	14.844717999999999	4.386031	8.186177	63.97476700000001	0.493088	0.58365	0.352184	0.45130600000000004	16.96205	5.0	7.0891779999999995	7.86742	4.0	0.023321	0.455399	6.0	65.666818	2.10115	6.0	25.134017999999998	13.293757999999999	5.0	3.41917	22.101522	5.0	12.441108	0.499687	4.0	0.017477	1.417992	3.0	46.45061	1.8258189999999999	2.0	57.468161	18.19799	4.0	19.528232
1714.0	3.0	85.405351	14.427384	75.860178	25.006393	0.50702	0.46622299999999994	0.652119	0.698584	9.784392	4.0	9.547928	25.338333	4.0	0.012837999999999999	4.840389	5.0	19.868054	2.726692	3.0	80.298478	20.258009	6.0	70.104713	7.343164999999999	4.0	44.09604	9.42837	4.0	0.012969	4.931023000000001	5.0	23.965721	5.118869999999999	5.0	97.02529799999999	8.438837	4.0	68.550698
1756.0	3.0	71.00251	15.009571	70.708606	9.214192	0.542317	0.5889770000000001	0.394662	0.636202	5.581539	1.0	64.784677	2.221486	5.0	0.021184	1.244585	2.0	55.21631800000001	1.83182	1.0	21.975627	22.804214	6.0	42.759414	4.049795	2.0	50.114721	19.758295	3.0	0.015493999999999999	1.9358330000000001	6.0	9.471944	1.4952159999999999	2.0	29.812803999999996	13.808342999999999	1.0	9.314086
1770.0	3.0	86.905895	2.224367	89.9257	27.709767	0.7605850000000001	0.865002	0.49326000000000003	0.430414	16.297252	1.0	25.324304	17.13403	6.0	0.011145	0.653125	5.0	83.237975	5.00404	6.0	70.85448199999999	9.089491	1.0	94.852997	0.56816	2.0	35.522898	0.905818	2.0	0.010411	4.052169999999999	5.0	88.763039	3.542729	5.0	62.87705699999999	0.646407	2.0	39.966626
1866.0	3.0	2.6852259999999997	23.880254	62.94896800000001	73.608763	0.692841	0.371701	0.994268	0.620848	19.873110999999998	4.0	52.103957	23.710109	3.0	0.033374	4.422932	1.0	80.474085	5.263246	1.0	48.316774	8.511507	2.0	82.304248	16.798979	4.0	49.81005	8.676511999999999	1.0	0.029487	0.404111	4.0	16.695818	3.6613239999999996	4.0	45.476113	7.390088	3.0	16.222797
1869.0	3.0	73.648031	2.486009	70.708834	15.733548	0.56991	0.807608	0.916018	0.46625600000000006	12.414788	6.0	7.852077	25.002883999999998	6.0	0.085087	4.181373000000001	6.0	45.187115000000006	4.5384660000000006	5.0	96.958511	8.98105	5.0	51.965373	23.593097	2.0	84.69114	14.983601	3.0	0.018633	0.960533	2.0	72.816079	1.561628	5.0	44.698337	7.704008999999999	4.0	40.040848
1957.0	3.0	30.799906	7.836355999999999	53.953981999999996	23.817216000000002	0.298286	0.5619890000000001	0.43442	0.324502	0.560897	3.0	60.505986	14.784419	3.0	0.093928	3.4442480000000004	6.0	71.889216	5.0014400000000006	5.0	70.029146	13.461926	2.0	20.790595	16.315067000000003	3.0	92.31886899999999	12.905361	5.0	0.027148000000000002	4.9093860000000005	4.0	16.47514	2.66778	3.0	52.795728000000004	9.012605	6.0	94.281111
1988.0	3.0	81.214517	10.270726	5.535198	42.828286999999996	0.477523	0.7816850000000001	0.874267	0.20675500000000002	23.552482	1.0	13.692242000000002	11.810452	4.0	0.08753999999999999	4.675575	5.0	84.23149599999999	5.712577	5.0	25.571832	19.481317999999998	5.0	9.314942	21.198294	2.0	31.763575	2.2608639999999998	6.0	0.011579	2.99827	3.0	95.404376	3.4638440000000004	3.0	62.714	7.919933	5.0	3.068441
2085.0	3.0	34.765106	5.799711	85.747988	40.287751	0.9005110000000001	0.523201	0.629371	0.687716	13.209348	2.0	25.554479999999998	19.797048999999998	6.0	0.010815	0.174682	3.0	79.825148	2.764113	2.0	34.677292	17.710829	4.0	19.329636999999998	25.612761	3.0	79.0025	7.124194999999999	4.0	0.241689	0.629464	6.0	18.521017	2.5470770000000003	2.0	32.434636	3.5006690000000003	5.0	2.8748650000000002
2153.0	3.0	83.578777	4.0423279999999995	60.348293999999996	76.454479	0.166293	0.5714	0.522239	0.182032	5.053628	1.0	55.50566	8.576752	6.0	0.050778	4.428744	5.0	8.634575	1.994043	5.0	35.155868	20.572758	2.0	45.904012	6.241315	6.0	33.293371	1.9578779999999998	2.0	0.41685600000000006	0.566277	4.0	51.537537	2.429088	3.0	4.110186	9.841427000000001	5.0	72.657847
2162.0	3.0	25.19655	6.5938039999999996	45.908357	96.771119	0.389567	0.479529	0.740047	0.730997	11.84383	3.0	37.295770000000005	6.3971480000000005	5.0	0.010437	0.968268	5.0	31.521584999999998	3.880845	5.0	87.335135	16.504156	3.0	73.688462	10.637049000000001	2.0	43.534669	20.210006	2.0	0.281798	2.681232	5.0	5.597666	4.479305999999999	2.0	46.247172	5.548381	5.0	92.604589
2245.0	3.0	58.196061	1.233326	76.88882	13.307132999999999	0.291051	0.8944059999999999	0.24984499999999998	0.473416	6.157623	2.0	20.387096	20.296451	1.0	0.02812	5.219069999999999	5.0	45.93662	2.6928240000000003	6.0	15.443991	3.4626959999999998	2.0	5.5248099999999996	23.144899	2.0	79.35078399999999	21.51321	1.0	0.045913999999999996	4.74143	6.0	61.42520699999999	1.8080439999999998	3.0	84.411112	11.6386	1.0	60.917334999999994
2248.0	3.0	29.862478999999997	3.4162839999999997	19.029541000000002	96.787198	0.603811	0.5209239999999999	0.975722	0.9489700000000001	16.287457999999997	2.0	2.827293	13.028411	6.0	0.026846	0.350708	2.0	99.054295	4.1852	4.0	26.787799	16.942557	2.0	97.76061	20.045989000000002	6.0	29.902096000000004	7.028274000000001	2.0	0.016431	5.788047	5.0	41.158608	0.46983500000000006	1.0	33.378881	24.448351000000002	2.0	89.28786600000001
2285.0	3.0	37.771195	10.478978	18.284673	51.436239	0.234979	0.40934299999999996	0.751609	0.197247	7.906663000000001	4.0	24.004413	4.715137	1.0	0.026902	2.589559	1.0	83.697958	2.6059069999999998	2.0	3.540728	22.225829	2.0	25.597075	8.568664	4.0	40.044446	10.531303999999999	3.0	0.010757	2.990654	5.0	7.7907910000000005	4.475174	5.0	83.121201	0.965067	4.0	27.414383
2302.0	3.0	47.596534999999996	3.218696	70.719387	33.178567	0.982489	0.996185	0.291505	0.379515	20.628667999999998	1.0	19.28099	16.007176	1.0	0.15627	1.130735	3.0	65.203509	1.674338	4.0	63.175996	9.675504	3.0	6.2901050000000005	23.203464	2.0	42.59127	16.667536	5.0	0.052111000000000005	5.186539	3.0	53.743091	2.024336	6.0	24.490151	5.7764120000000005	6.0	92.373662
2341.0	3.0	64.988355	10.358672	18.027321	97.50683199999999	0.259759	0.9402520000000001	0.70658	0.128614	23.372679	6.0	59.607236	11.136287	5.0	0.44018599999999997	1.680031	2.0	30.63485	4.947347	4.0	25.675134	6.505974	3.0	79.50129100000001	7.659669	4.0	13.244423999999999	5.29814	3.0	0.011525	4.109725	4.0	46.673365999999994	5.332108	6.0	98.060896	0.481955	1.0	54.719984
2371.0	3.0	57.394479000000004	18.60219	26.244783	87.952411	0.12642	0.634684	0.268167	0.8400280000000001	10.02641	2.0	36.696194	19.6775	4.0	0.025158	3.8354739999999996	5.0	84.796009	5.823353	4.0	1.441296	15.860482000000001	2.0	54.803073	19.405503	5.0	95.92680899999999	4.162234	5.0	0.031409	4.824387000000001	2.0	4.274051999999999	2.136852	5.0	28.753346999999998	20.991654	4.0	87.825168
2380.0	3.0	64.003235	30.628634	20.02001	57.528678	0.689874	0.9261450000000001	0.38473	0.29135900000000003	3.712387	2.0	9.469351	25.238717	4.0	0.01218	2.268103	1.0	81.82944499999999	3.513844	1.0	39.922012	17.287606	2.0	72.696148	21.294611	3.0	5.804078	2.2663900000000003	6.0	0.224966	4.686767	6.0	82.36412800000001	5.801271	2.0	26.464557	2.8584	4.0	48.721134
2480.0	3.0	42.686362	4.794531	10.088674000000001	73.382628	0.819943	0.5503359999999999	0.496396	0.382884	4.719722	5.0	16.40721	23.437602	4.0	0.177474	2.7488770000000002	3.0	49.209763	3.748351	2.0	88.660985	11.528202	3.0	52.904024	14.952717999999999	1.0	74.91789	14.227476000000001	6.0	0.015411000000000001	4.347237000000001	4.0	17.327907	0.31814699999999996	4.0	87.716566	12.291392	5.0	15.297722
2515.0	3.0	93.98527299999999	2.833291	16.789729	70.62940400000001	0.316756	0.9510379999999999	0.18748800000000002	0.43882899999999997	1.816069	5.0	10.929485000000001	2.529833	1.0	0.013144	5.366326	4.0	60.388417000000004	5.249589	3.0	7.22915	1.403615	1.0	27.572631	25.172254000000002	4.0	62.73102900000001	0.9946889999999999	3.0	0.01241	3.618927	3.0	98.846124	5.25132	5.0	24.653674	9.676002	3.0	50.816925
2562.0	3.0	54.704898	7.593683	80.28856	64.889558	0.15679400000000002	0.970599	0.222483	0.623989	17.993145000000002	6.0	9.136275	23.975071	2.0	0.017613	4.767597	6.0	45.457065	4.794646	4.0	62.588577	4.093083999999999	1.0	35.136659	19.817759	4.0	35.548212	7.623324	4.0	0.01031	2.256719	4.0	90.048447	4.276103	3.0	93.372569	14.665182999999999	2.0	70.92788900000001
2566.0	3.0	96.561661	3.3963360000000002	67.29241800000001	54.367844999999996	0.6593100000000001	0.570738	0.448558	0.9680770000000001	3.2045619999999997	1.0	85.267306	25.353291	6.0	0.071653	0.9025	6.0	76.092445	3.951312	1.0	50.742737	18.654120000000002	2.0	62.780455	3.164979	4.0	32.704952	8.808969	1.0	0.068643	3.179872	4.0	51.388154	4.6680410000000006	1.0	77.761021	4.771269	5.0	66.396201
2679.0	3.0	1.2902	78.15695500000001	18.783681	11.427136	0.857392	0.9744700000000001	0.627836	0.564868	10.594989	5.0	49.627237	18.202505	2.0	0.013799	3.441825	4.0	18.195538	4.936895	5.0	63.929829000000005	17.392845	4.0	38.310118	0.542908	6.0	71.750359	19.652123	2.0	0.030685000000000004	3.405404	4.0	50.721225	0.119566	5.0	39.816243	15.178423	3.0	7.524360000000001
2877.0	3.0	1.60955	82.520691	11.186845	10.244736999999999	0.42191000000000006	0.6935680000000001	0.932213	0.14014400000000002	23.345715	5.0	80.076528	21.445225	2.0	0.018835	6.084596	3.0	11.848666999999999	6.026949	5.0	34.882197	0.9066059999999999	4.0	60.623332999999995	16.928504999999998	4.0	66.263903	0.81253	4.0	0.020581	5.661883	4.0	98.218294	2.609397	4.0	40.268538	10.227436	1.0	82.298446
2928.0	3.0	50.593559	1.464636	22.268568	19.783068	0.300242	0.658241	0.22095599999999999	0.170622	17.01267	5.0	13.166653	10.701095	3.0	0.014695	2.32653	4.0	79.05674599999999	2.77394	4.0	41.66403	9.990385	1.0	34.867344	15.662526999999999	6.0	84.474385	3.061665	3.0	0.018783	1.172282	3.0	36.609113	0.34381300000000004	2.0	50.827331	10.178869	3.0	25.978254999999997
2977.0	3.0	15.72778	2.2821860000000003	88.767767	17.169155	0.157972	0.277262	0.612267	0.951268	5.43138	4.0	59.431043	22.866756	1.0	0.015568	0.474156	3.0	63.565571999999996	1.374663	1.0	67.72591700000001	17.469663	2.0	40.311209000000005	18.767376000000002	6.0	19.702920000000002	16.768458	3.0	0.011658	5.159176	4.0	21.08805	3.107034	6.0	91.371074	2.068176	3.0	55.897524
3018.0	3.0	76.558092	7.8664179999999995	72.205197	45.660286	0.23735	0.7894720000000001	0.84045	0.14696099999999998	5.82014	5.0	90.60392900000001	23.561387	4.0	0.010962000000000001	1.3839219999999999	4.0	95.287144	5.024983	3.0	99.56696600000001	22.387616	4.0	84.766225	10.959291	5.0	29.318345	22.072810999999998	4.0	0.018389	0.209891	4.0	86.281705	0.9730059999999999	5.0	94.005837	19.315538	3.0	97.084836
3138.0	3.0	38.440219	11.910394	47.012617999999996	90.45035899999999	0.831981	0.461422	0.9936309999999999	0.898791	12.853733	2.0	14.65324	17.827811999999998	2.0	0.028575	3.156211	1.0	88.02084	2.995199	1.0	85.287063	22.02627	3.0	51.043693	21.863505	3.0	97.47848	2.475005	6.0	0.019147	3.788236	1.0	79.275769	3.370886	1.0	99.886126	0.475926	5.0	27.707365999999997
3192.0	3.0	81.504029	3.3671260000000003	45.614940000000004	24.590604000000003	0.217481	0.750229	0.942469	0.540922	4.504473	1.0	11.584114999999999	12.830134	5.0	0.02816	6.213286	4.0	92.628847	2.081772	2.0	28.826415	3.731095	1.0	90.988253	13.356551000000001	6.0	75.743904	12.704206	4.0	0.017575	1.601567	6.0	63.869925	5.467618	1.0	72.15650699999999	4.7593510000000006	2.0	66.204051
3229.0	3.0	71.165084	10.510226	73.870292	41.13306	0.421465	0.790357	0.6591560000000001	0.740136	6.9052690000000005	3.0	41.175940999999995	23.393964	5.0	0.068721	2.406213	1.0	22.86041	4.439533	1.0	25.128289000000002	21.354086	5.0	13.699798000000001	25.188273000000002	6.0	53.180293999999996	8.273241	5.0	0.012098999999999999	5.50204	2.0	20.43072	1.4695	3.0	7.857516	1.550244	3.0	78.160057
3314.0	3.0	51.217806	5.470182	32.576828000000006	43.104695	0.113199	0.9296049999999999	0.41824700000000004	0.890273	11.13631	2.0	62.642573999999996	10.379892	2.0	0.276885	2.926026	4.0	75.006149	0.10180700000000001	3.0	17.899639999999998	13.071447000000001	6.0	33.331771999999994	10.287567	1.0	93.915888	10.619951	2.0	0.017193	5.308517	5.0	9.812714999999999	5.497878	5.0	37.146762	2.288688	3.0	36.369188
3345.0	3.0	26.748078999999997	10.004723	9.009455	43.476557	0.345577	0.52753	0.778568	0.19552999999999998	18.090349	5.0	49.119341	12.908583	5.0	0.09939500000000001	5.033072	6.0	83.869727	4.163676000000001	6.0	67.208171	11.336768	2.0	13.188975	16.515738	5.0	61.611920999999995	1.689848	2.0	0.012766	5.628525	6.0	28.796102	3.799401	5.0	5.877884	22.159337	6.0	6.158307
3352.0	3.0	40.315108	3.9851019999999995	68.24585	44.917338	0.246656	0.9210729999999999	0.535809	0.288055	3.9199260000000002	1.0	25.887315	15.942728	4.0	0.013600999999999999	2.960162	4.0	79.43695100000001	0.12778499999999998	1.0	44.729058	14.229080999999999	2.0	68.810355	19.473035999999997	5.0	96.609622	22.582546	4.0	0.151685	3.6030839999999995	1.0	63.957463	4.863506	6.0	7.5594529999999995	23.429002	4.0	80.782818
3355.0	3.0	45.806034999999994	5.051305999999999	27.451497999999997	25.648523	0.7756270000000001	0.550303	0.9468260000000001	0.368846	22.487569	2.0	12.051209	10.621085	3.0	0.030465	2.3274220000000003	6.0	93.760118	3.0527580000000003	5.0	63.032847	7.677347	2.0	44.23005	20.321625	5.0	23.401398	22.73508	1.0	0.024746999999999998	5.149026999999999	6.0	11.300716	2.6430439999999997	3.0	70.933872	21.709922	1.0	62.803436
3380.0	3.0	54.620725	3.159103	19.317138	17.69674	0.6376890000000001	0.30809699999999995	0.607129	0.300737	9.964835	3.0	81.978975	10.905016	2.0	0.020468	3.258742	5.0	26.40264	0.646652	6.0	55.892618999999996	18.118635	6.0	27.066768	14.098657999999999	5.0	57.221540000000005	19.570814000000002	6.0	0.019775	3.051278	6.0	63.802751	0.34730300000000003	5.0	84.495573	3.931118	3.0	18.137475
3397.0	3.0	62.51625	17.173161999999998	75.417068	63.704888000000004	0.742608	0.623784	0.548112	0.732074	2.694052	1.0	25.089636	5.206364	2.0	0.011858	3.5032589999999995	3.0	45.515159000000004	6.094040000000001	6.0	99.920446	18.076881	4.0	48.093014000000004	8.068971000000001	6.0	38.441784000000006	18.367434	5.0	0.032747000000000005	2.701218	1.0	16.525305	5.086539	6.0	59.767524	20.328259	3.0	35.540354
3450.0	3.0	84.443939	21.572779	30.990074	48.016735	0.8440610000000001	0.953681	0.594336	0.482087	15.951989999999999	6.0	24.724268	2.211574	2.0	0.037925	4.229269	6.0	40.919057	5.1676720000000005	1.0	68.518695	19.20446	1.0	36.31592	23.237785000000002	4.0	47.582707	4.702355000000001	4.0	0.012865999999999999	0.143149	6.0	81.889177	2.884014	5.0	72.102356	16.921081	5.0	48.216602
3530.0	3.0	21.05224	3.9980580000000003	14.791251	30.130465	0.642425	0.9624090000000001	0.355042	0.224663	0.839966	6.0	2.964959	16.317954	5.0	0.019275999999999998	2.5121689999999997	6.0	53.075479	1.014887	3.0	9.234297	23.276378	6.0	20.049363	22.89742	6.0	57.697616000000004	4.866668	6.0	0.025518	5.277347	4.0	86.007214	1.7437939999999998	2.0	70.41374300000001	3.1403380000000003	5.0	89.219787
3566.0	3.0	54.427693000000005	28.256652000000003	17.304488	93.114136	0.906834	0.815867	0.540114	0.729743	13.178434	6.0	33.536882	16.012281	3.0	0.014036000000000002	0.822018	3.0	76.415436	4.861873	1.0	60.429413000000004	23.754412	1.0	85.014246	3.6079660000000002	1.0	28.677502	22.598589	1.0	0.013392	5.466558999999999	5.0	48.157125	4.005155	6.0	18.304976999999997	5.4434830000000005	6.0	30.325953000000002
3632.0	3.0	80.660241	2.261275	89.37232900000001	21.660276	0.59259	0.144454	0.49270699999999995	0.5877399999999999	22.897844	5.0	29.68562	20.719737	5.0	0.017832	0.586163	4.0	33.762336	0.24166700000000002	5.0	59.24865500000001	13.183369	3.0	13.466706	11.84817	4.0	69.05035	5.481813	5.0	0.010205	2.9603	5.0	73.377849	5.388898	3.0	3.2500310000000003	4.088486	2.0	31.369153999999998
3757.0	3.0	73.576361	5.9151370000000005	51.426474	27.020424	0.19802999999999998	0.6713319999999999	0.9113700000000001	0.599065	4.178107	1.0	83.737342	14.466853	5.0	0.034594	1.7528650000000001	5.0	86.787415	3.8041980000000004	2.0	90.69943	13.117642000000002	6.0	72.393953	5.847846	6.0	9.535785	1.714522	6.0	0.012994	3.560175	3.0	64.469284	2.525998	6.0	41.621196999999995	19.172261	3.0	30.667
3761.0	3.0	93.5866	3.4285089999999996	55.304553000000006	13.264406	0.363249	0.5279149999999999	0.535459	0.5294220000000001	4.416171	4.0	33.503116	13.619411	5.0	0.029063	3.500918	5.0	85.67285799999999	0.271045	5.0	84.883247	10.7675	6.0	19.155141	7.658813	1.0	68.68196800000001	18.593656	3.0	0.019472	2.3469919999999997	4.0	67.23209399999999	5.632115	4.0	55.870711	1.64105	4.0	27.265088000000002
3826.0	3.0	84.531809	9.981278999999999	6.868592	89.41851	0.893395	0.479836	0.565444	0.21534899999999998	5.145136	4.0	3.219735	17.092873	1.0	0.076806	3.23882	3.0	69.79411999999999	0.7021890000000001	4.0	13.038953999999999	11.512359	2.0	70.182577	3.294897	1.0	91.83764000000001	21.963841	1.0	0.06893200000000001	5.174957	1.0	98.37929399999999	5.276624	5.0	37.866409000000004	22.169291	6.0	54.084231
3828.0	3.0	72.971047	28.624627	15.012185	53.447276	0.261128	0.8958079999999999	0.440151	0.30498800000000004	18.41471	2.0	54.868111	1.419916	4.0	0.010536	2.057284	3.0	14.059868	0.072157	3.0	44.607324	20.336522	3.0	59.992498	12.671372999999999	1.0	20.628042999999998	10.000739999999999	1.0	0.012662999999999999	4.53725	5.0	8.953361	5.770258999999999	6.0	60.947905000000006	13.206287	1.0	56.397737
3847.0	3.0	60.38639499999999	6.833383	61.945418999999994	69.68770400000001	0.163207	0.860492	0.5047560000000001	0.373612	20.055282000000002	2.0	35.231471	22.50603	4.0	0.015742	5.560379	4.0	32.339871	5.972625	5.0	38.858251	21.447411	3.0	92.060525	19.364568	2.0	38.316829999999996	15.853746	5.0	0.014203	5.4634339999999995	6.0	81.94538399999999	4.655375	6.0	25.939682	18.08335	1.0	1.207807
4025.0	3.0	28.958187	6.913305	41.119581	89.07686700000001	0.148786	0.557978	0.432465	0.9689770000000001	23.607891	4.0	29.693075	20.257158999999998	2.0	0.027563999999999998	2.4271849999999997	5.0	33.249544	3.600994	4.0	60.53794	9.447578	2.0	52.123878999999995	1.396471	3.0	18.063837	5.638539	5.0	0.06793300000000001	3.09646	3.0	74.990437	3.4305309999999998	2.0	76.557237	18.462518	1.0	63.150833999999996
4046.0	3.0	64.74081899999999	1.6796669999999998	75.57068199999999	36.617607	0.640988	0.876821	0.889941	0.907148	23.610977	4.0	41.319254	20.801982000000002	1.0	0.015411000000000001	0.577333	6.0	18.790775	4.753858	1.0	25.898392	10.595916	1.0	82.29173	14.822019000000001	3.0	10.787765	16.937251999999997	2.0	0.021188	0.8802540000000001	6.0	70.777773	2.818605	2.0	47.199596	11.090439	1.0	74.960668
4347.0	3.0	50.994045	10.543505999999999	36.005671	21.689011999999998	0.199254	0.88033	0.8252450000000001	0.62379	10.982726	1.0	11.986991999999999	6.734395	5.0	0.014696	0.116263	4.0	42.191183	4.349228	3.0	60.454046999999996	17.306148	6.0	64.769649	3.017408	4.0	92.217327	7.553642	5.0	0.028293000000000002	5.060711	5.0	32.73372	2.011376	1.0	21.293726	5.185615	1.0	60.268999
4480.0	3.0	53.594738	5.954837	47.963279	34.834974	0.204449	0.8207979999999999	0.634091	0.177999	16.089427	1.0	97.365013	11.794725	6.0	0.039295	2.22547	2.0	32.483041	3.354622	5.0	45.254616	8.30274	4.0	4.996747	21.296117000000002	2.0	3.3259199999999995	18.394517999999998	2.0	0.013250999999999999	1.9679360000000001	4.0	85.726713	1.495031	5.0	18.788258	10.782518	1.0	39.571614000000004
4557.0	3.0	4.115488	81.823368	33.605895000000004	99.37055500000001	0.8639969999999999	0.8879290000000001	0.9537049999999999	0.5775	15.482289999999999	1.0	16.454645000000003	4.187879	2.0	0.044233999999999996	2.083197	3.0	17.312854	1.9766869999999999	2.0	70.161224	15.116425	3.0	25.347081	20.869177	4.0	10.076483	13.476962	2.0	0.026102999999999998	4.777067	2.0	75.38857900000001	1.924563	5.0	76.417365	0.733082	6.0	7.051252000000001
4603.0	3.0	80.575363	4.510224	60.877694999999996	24.524187	0.9517110000000001	0.361199	0.23161700000000002	0.341438	1.023463	4.0	58.818082999999994	13.204056	1.0	0.01163	1.288856	4.0	31.939688	2.861749	4.0	33.033288	23.49031	3.0	20.185614	2.517795	1.0	40.416411	18.360134	2.0	0.011027	3.6466769999999995	6.0	61.130862	2.4092849999999997	3.0	18.890325	15.194857999999998	2.0	19.892104999999997
4660.0	3.0	83.883645	3.523614	65.255758	48.209528000000006	0.23281100000000002	0.509468	0.5113310000000001	0.596039	21.557245	1.0	49.857141999999996	17.573293	2.0	0.017922	2.4251709999999997	2.0	37.500809999999994	3.989446	6.0	66.359245	8.173311	1.0	6.228288	8.730400999999999	3.0	94.473136	4.794851	5.0	0.040195	5.763356	5.0	76.377809	5.434023000000001	6.0	47.354788	2.49011	4.0	49.48352
4682.0	3.0	32.736101	1.639988	49.043046999999994	71.20626700000001	0.113974	0.883524	0.248165	0.8623870000000001	8.191008	6.0	55.318513	2.439178	4.0	0.021282	1.165123	3.0	43.829153999999996	4.252549	3.0	50.938513	12.619953	3.0	87.2425	10.961046000000001	5.0	61.073028	20.653748999999998	1.0	0.012849000000000001	5.390668	5.0	55.397264	1.052167	2.0	44.216029	6.239197	1.0	40.378853
4720.0	3.0	45.214444	11.582089	77.660921	63.958358	0.760907	0.70718	0.9434799999999999	0.933909	8.44796	1.0	16.829808	4.086611	2.0	0.11838599999999999	0.726843	4.0	50.122203999999996	4.98211	6.0	64.274772	15.359074	6.0	64.458713	13.224677999999999	1.0	68.509785	1.279411	2.0	0.018771	1.5372709999999998	6.0	87.727171	1.9098650000000001	3.0	66.784234	1.9982959999999999	1.0	40.102078999999996
4820.0	3.0	81.308128	20.526688	90.446679	53.394466	0.848793	0.860513	0.47530600000000006	0.225045	2.5260569999999998	6.0	72.199859	23.864529	5.0	0.09764099999999999	0.482246	5.0	36.74069	5.325843	2.0	74.822687	18.331912	2.0	80.81544699999999	10.762364999999999	3.0	40.523063	9.294756	6.0	0.107869	2.975493	3.0	13.829768	4.167087	2.0	22.336289999999998	20.447465	1.0	15.355068
4873.0	3.0	7.82413	5.486383999999999	6.287195	58.636649	0.9398540000000001	0.8788379999999999	0.871575	0.720241	13.221615	2.0	42.870328	16.497068	4.0	0.014897	2.5469470000000003	4.0	71.487946	0.497381	1.0	50.752057	17.874938	3.0	21.378556	7.305891	5.0	76.616985	11.197006	3.0	0.014421000000000002	1.4211790000000002	4.0	75.80139	5.325683000000001	3.0	7.116753999999999	6.910433	6.0	25.827928
4902.0	3.0	7.837617999999999	1.025739	32.043378000000004	55.46368199999999	0.18173599999999998	0.576839	0.246685	0.111045	7.047097	4.0	20.880309	19.360248000000002	3.0	0.010074	0.574818	5.0	69.507421	1.345639	2.0	98.353939	7.04585	5.0	95.421667	20.326439	3.0	27.762446999999998	18.175941	4.0	0.010179	5.762045	2.0	32.528608	5.746587	3.0	99.53469100000001	15.641891000000001	5.0	84.307987
4982.0	3.0	83.586937	2.4083900000000003	57.578962	62.982074	0.690792	0.46842	0.444137	0.622957	1.489487	1.0	37.152496	19.500595	6.0	0.019234	3.7844889999999998	2.0	43.321847	0.21135700000000002	4.0	54.802217000000006	6.857645	5.0	62.883883999999995	6.031039	5.0	85.034825	9.665328	1.0	0.019196	1.252859	5.0	34.49937	0.396813	3.0	88.578215	4.664573000000001	5.0	22.997723
5080.0	3.0	90.833607	1.430644	43.456313	39.376867	0.611421	0.244806	0.43732600000000005	0.888432	14.571729999999999	4.0	84.323087	23.125957999999997	1.0	0.017422	6.048157	4.0	1.359189	4.593605	5.0	17.439151000000003	18.418317000000002	6.0	81.03372	18.773703	4.0	71.54616700000001	8.213486	5.0	0.011516	0.165715	4.0	83.038402	5.2511790000000005	5.0	70.640597	25.408936999999998	6.0	53.87574
5143.0	3.0	11.684997000000001	4.3075470000000005	61.527715	65.387548	0.5464439999999999	0.964435	0.776552	0.45104799999999995	22.670917000000003	4.0	4.633736	23.67923	4.0	0.010643000000000001	2.487446	4.0	49.594916999999995	3.0346439999999997	6.0	82.513719	21.931644	1.0	21.926147	6.177951999999999	1.0	87.52477900000001	21.998336	1.0	0.010426000000000001	0.675181	2.0	55.928658999999996	1.633617	6.0	22.309778	6.378908	2.0	65.332623
5172.0	3.0	46.090625	12.587527	57.98111	28.458403999999998	0.375779	0.678201	0.17656	0.289931	5.180125	4.0	24.460711	3.8395129999999997	1.0	0.013653	2.531007	6.0	70.443895	2.465573	6.0	66.18891500000001	22.013554	4.0	35.663835	1.745925	5.0	16.936395	4.88699	2.0	0.020404	4.33977	4.0	26.345240999999998	4.90826	4.0	63.344636	3.268884	6.0	86.622249
5196.0	3.0	56.498773	4.307164	46.067701	4.483541000000001	0.44415600000000005	0.752366	0.661227	0.176325	4.2652529999999995	1.0	65.193281	11.876269	3.0	0.010912	2.521064	1.0	29.347170000000002	6.100564	4.0	43.6943	11.832863	4.0	36.95146	6.831789	4.0	8.206102	16.014181	3.0	0.010449	4.699935	4.0	99.695746	0.153071	4.0	16.088724	1.116264	2.0	64.13444399999999
5199.0	3.0	66.399681	4.604849	37.668021	90.138191	0.259598	0.578659	0.25805700000000004	0.397571	12.647514	5.0	41.417752	1.355877	2.0	0.01615	3.0840259999999997	3.0	37.143407	2.6892110000000002	3.0	27.998738	17.085209	1.0	45.74582	9.138175	4.0	82.25393000000001	6.035762	5.0	0.010754999999999999	5.594755	6.0	62.474336	5.064255	4.0	26.119234	17.607067	6.0	87.188793
5247.0	3.0	18.147825	20.64706	5.798877	69.216998	0.369242	0.49336800000000003	0.20368	0.81629	18.437259	2.0	3.413726	4.301966999999999	4.0	0.022144999999999998	3.160876	6.0	97.973389	3.3722849999999998	6.0	6.7277130000000005	22.013566	2.0	40.766669	24.360289	2.0	36.641104999999996	17.921205	3.0	0.11161800000000001	2.383406	5.0	53.360488000000004	1.060737	5.0	9.651044	8.706564	4.0	55.872748
5374.0	3.0	36.129876	10.988905	85.532896	53.917919999999995	0.693188	0.59003	0.407471	0.960089	1.603227	2.0	45.271514	21.000232999999998	5.0	0.074932	3.8362230000000004	3.0	42.639125	5.798266	3.0	17.257351	21.088794	1.0	20.101878	10.775495	6.0	23.777527	9.280291	3.0	0.03128	0.599813	6.0	60.384498	2.667533	2.0	97.94597399999999	2.081931	2.0	53.408168999999994
5404.0	3.0	79.444789	20.936162	72.383915	25.023181	0.17614200000000002	0.9121030000000001	0.240229	0.152291	2.287805	1.0	88.837114	16.127882999999997	6.0	0.029498000000000003	2.689635	4.0	25.723817999999998	5.757229	5.0	34.906458	22.063982	4.0	92.14273	13.721991000000001	5.0	26.02327	22.275686999999998	4.0	0.060739	4.5584169999999995	6.0	34.444668	3.097589	5.0	43.293085	21.111912	1.0	6.266074
5440.0	3.0	49.027122999999996	5.729585	44.103667	77.16629	0.574731	0.6617270000000001	0.638465	0.8970629999999999	18.148639000000003	4.0	8.346452000000001	4.831671	4.0	0.141989	4.583458	4.0	19.559548	3.358535	1.0	93.220288	8.635095	3.0	31.865294	19.375647	1.0	68.48134399999999	3.043139	4.0	0.012568000000000001	4.679522	3.0	3.479485	3.7667650000000004	4.0	22.452502	18.695871	3.0	77.526452
5631.0	3.0	77.018948	16.554282	25.205379	90.13505500000001	0.9452229999999999	0.6369520000000001	0.697178	0.304698	10.902388	6.0	31.7404	3.415256	3.0	0.028843999999999998	3.306253	6.0	9.141252	5.608535	1.0	80.606481	23.021684	4.0	69.800894	13.716239999999999	5.0	51.578881	13.520741000000001	5.0	0.044474	4.085679	5.0	29.45693	1.241594	3.0	6.852481	21.955845999999998	4.0	61.719542000000004
5647.0	3.0	79.134046	4.010918	94.90741899999999	58.117215	0.381698	0.8606659999999999	0.31198400000000004	0.604014	3.1085279999999997	1.0	94.202795	10.482246	2.0	0.016672	1.379071	3.0	65.005911	2.586758	4.0	47.744859000000005	20.711005	1.0	85.767981	19.433267	3.0	77.887046	6.394793	2.0	0.014237	2.7576240000000003	1.0	49.626884000000004	1.0854469999999998	5.0	14.321705	24.76033	4.0	98.58145
5707.0	3.0	89.425771	2.043183	35.102267	72.980393	0.5504	0.10443699999999999	0.545104	0.24514899999999998	19.575417	3.0	82.591819	21.674193	1.0	0.034276	1.196243	6.0	52.761871	4.053063	5.0	27.635136	14.099523999999999	2.0	94.876223	11.070285	3.0	24.521709	3.750267	2.0	0.010140999999999999	5.142117	6.0	55.557818999999995	4.068732	2.0	99.072464	23.041856	3.0	5.961221
5739.0	3.0	39.169604	14.847779999999998	30.440371999999996	44.323178999999996	0.450858	0.879589	0.664808	0.151158	23.374226	1.0	13.166135999999998	17.121561	5.0	0.011807999999999999	3.929703	6.0	12.94011	3.335801	1.0	63.73254	11.074589999999999	5.0	77.36154499999999	24.514929000000002	1.0	52.85782	13.709847	2.0	0.23926399999999998	5.710355	5.0	63.386223	3.232336	3.0	29.458014000000002	17.860319	5.0	72.224354
5778.0	3.0	49.312567	9.455677	16.510454	91.871639	0.143076	0.95076	0.414653	0.184597	23.681131	6.0	22.322042	24.258363	6.0	0.157252	2.763975	6.0	66.119128	1.187397	4.0	41.783744	12.956787	5.0	33.629490999999994	9.051926	5.0	23.296001999999998	11.931738000000001	5.0	0.010362999999999999	2.502822	2.0	98.536781	3.286468	6.0	81.998597	1.648494	5.0	1.7476349999999998
5789.0	3.0	44.549611999999996	9.229326	79.951484	48.480463	0.389317	0.773515	0.42871899999999996	0.589802	6.463047	5.0	10.243618	11.977199	4.0	0.013461	3.7044879999999996	4.0	62.469525	5.635832	2.0	76.561014	23.780492000000002	3.0	32.276013	10.826502	5.0	96.24221999999999	13.606363	4.0	0.015851	2.459034	2.0	77.751377	4.912694999999999	2.0	67.361273	11.85618	6.0	9.593391
5790.0	3.0	61.165496	3.685022	21.260959	20.153403	0.742091	0.9780120000000001	0.207785	0.358665	1.183599	1.0	25.599593	21.521359	2.0	0.014002	1.7357470000000002	5.0	48.369401	0.844461	4.0	56.272586	20.471248000000003	1.0	50.260878000000005	2.0878490000000003	2.0	63.57715699999999	0.734019	5.0	0.027986	1.681454	1.0	98.538217	5.596932	6.0	61.004175	6.219822	1.0	38.773990999999995
5800.0	3.0	97.977526	15.822232000000001	45.48604	87.93709	0.7194550000000001	0.485041	0.9457610000000001	0.52789	22.615654	6.0	83.243606	13.916621	2.0	0.021637	5.9906489999999994	4.0	71.717487	5.497369	6.0	53.487168999999994	23.532349	6.0	15.756464000000001	6.5058169999999995	5.0	95.30811700000001	1.250372	2.0	0.027301	5.911134	4.0	40.35282	1.071114	3.0	53.390036	10.861205	1.0	19.72227
5997.0	3.0	58.024294	1.2690649999999999	15.84141	66.372753	0.9329780000000001	0.636501	0.785396	0.6129640000000001	13.965163	2.0	40.320809999999994	11.573167	5.0	0.067969	0.596962	3.0	59.471625	4.425112	6.0	54.870856999999994	14.879251000000002	5.0	64.155191	3.223104	5.0	92.920479	1.332316	1.0	0.014394999999999998	0.779032	1.0	69.917396	4.28365	3.0	9.430246	10.874400999999999	5.0	93.224088
6008.0	3.0	97.96334300000001	3.26713	37.412968	25.964570000000002	0.880717	0.711217	0.8309540000000001	0.276475	23.565575	5.0	94.60059	22.099147	4.0	0.039313	0.534728	4.0	16.24812	5.064866	6.0	15.489147	23.606878	3.0	81.348701	21.526242	2.0	8.959638	1.826657	5.0	0.018887	3.176895	2.0	82.812949	3.3193410000000005	4.0	89.442784	16.560806	4.0	90.790648
6026.0	3.0	7.922300999999999	7.663566	28.956808000000002	63.393170999999995	0.63193	0.936666	0.769965	0.46931000000000006	21.656308	4.0	53.407725	1.48881	3.0	0.05970399999999999	1.516009	5.0	7.9533320000000005	3.1685689999999997	2.0	29.562528999999998	5.253407	2.0	78.82387299999999	11.187075	1.0	39.455697	22.645178	6.0	0.019089	5.343868	5.0	93.86395300000001	1.717498	1.0	31.683358000000002	5.818283	2.0	47.517627000000005
6137.0	3.0	79.57137900000001	23.555039	41.781693	84.060833	0.84339	0.992067	0.567605	0.203289	13.901451000000002	5.0	8.14649	20.965738	2.0	0.043924	4.324061	6.0	30.751718	4.352212000000001	3.0	62.242523999999996	15.273551000000001	4.0	47.213075	14.988170000000002	3.0	40.366582	4.703183999999999	4.0	0.022857	2.378663	6.0	93.43625899999999	2.467463	1.0	6.877963	24.356973999999997	3.0	55.132372
6200.0	3.0	57.859483	9.883410000000001	59.47441	83.087402	0.539062	0.689632	0.569661	0.803558	4.06155	5.0	22.378726999999998	20.857938	4.0	0.011647	0.5299	4.0	67.920167	0.671533	2.0	91.33342900000001	14.506238	2.0	66.671049	18.428851	2.0	9.24737	22.441060999999998	6.0	0.019941999999999998	2.851713	3.0	59.150479000000004	4.466529	5.0	53.908864	5.771323000000001	3.0	35.151545
6349.0	3.0	18.932419	1.654467	81.152821	62.444175	0.18310099999999999	0.149032	0.844706	0.43278199999999994	15.454009	5.0	26.697196	9.194578	3.0	0.020253999999999998	0.25869699999999995	5.0	68.233751	3.7185029999999997	6.0	80.899028	10.820756	4.0	68.751931	21.896032	6.0	47.223571	2.805461	2.0	0.075847	3.486615	6.0	52.5855	5.63483	3.0	57.061733999999994	13.29558	2.0	4.060662000000001
6423.0	3.0	82.73504	16.486392000000002	7.008983	26.637376	0.292484	0.8581219999999999	0.179384	0.223007	5.622721	2.0	66.479509	14.109501000000002	3.0	0.058592	1.8580900000000002	5.0	11.748573	1.736923	2.0	35.185553000000006	18.344918	3.0	76.85791800000001	8.707412	6.0	15.20471	12.178903	2.0	0.334928	1.224903	2.0	21.724760999999997	1.055418	3.0	63.678825	6.454929	6.0	42.83532
6505.0	3.0	39.251735	6.829254	53.737012	47.152807	0.9352590000000001	0.626754	0.38468600000000003	0.717936	11.807571000000001	4.0	18.372341	0.523622	5.0	0.017005000000000003	0.912984	6.0	59.47221700000001	3.2317080000000002	3.0	67.04898100000001	8.63979	5.0	50.777074	5.997508	5.0	30.320028000000004	22.161015	6.0	0.011812000000000001	5.509296	5.0	72.256001	1.585899	3.0	18.356665	17.054309	5.0	46.021055
6556.0	3.0	96.840556	2.260995	6.280101	43.454576	0.950419	0.37267	0.6757350000000001	0.219678	23.601931	2.0	25.293079000000002	23.255684	4.0	0.015205000000000002	0.954263	4.0	28.410743	1.315151	4.0	68.583663	9.529955000000001	2.0	77.83641899999999	25.090389000000002	1.0	22.402722	2.815657	2.0	0.01236	0.07951799999999999	5.0	89.107283	4.5795449999999995	4.0	49.799847	2.340194	4.0	2.541557
6585.0	3.0	15.121306	14.782122	42.619656	61.910817	0.481146	0.985492	0.886755	0.244669	3.132017	6.0	4.506651000000001	17.284962	4.0	0.06687699999999999	3.5086720000000002	2.0	33.773762	3.4312660000000004	5.0	46.433432	21.190945000000003	6.0	98.651093	2.826301	4.0	59.730174	21.742752	5.0	0.022093	4.048292	1.0	73.949664	2.973746	3.0	11.426273	4.001565	3.0	47.582201
6643.0	3.0	71.631157	4.297175	38.281486	55.133343	0.7825439999999999	0.383418	0.8214020000000001	0.42140299999999997	7.176246000000001	2.0	52.847956999999994	12.622150999999999	3.0	0.32916799999999996	0.075378	6.0	82.627663	3.683553	6.0	70.742471	13.889466	5.0	70.94407	4.850062	2.0	43.605093	7.907977000000001	6.0	0.014099	2.573202	3.0	85.08376	3.580778	1.0	79.772926	1.915197	1.0	91.31009
6808.0	3.0	91.586915	5.771227	82.346027	51.369134	0.261712	0.512296	0.266152	0.44321499999999997	8.562707000000001	1.0	69.069996	15.439108	5.0	0.015231999999999999	1.6941669999999998	4.0	18.460951	6.076756	1.0	27.585919	9.48698	4.0	90.355293	17.049332999999997	4.0	44.711467	6.179144	1.0	0.013444	4.096648	5.0	39.325058	5.663558	5.0	95.86370699999999	1.656713	6.0	26.001879000000002
7064.0	3.0	21.655093	29.630125	58.472892	81.663165	0.1913	0.8209709999999999	0.738995	0.9686030000000001	1.067555	6.0	99.100266	3.908358	1.0	0.017754	0.5254409999999999	5.0	18.700091	5.117908	3.0	51.124256	21.394666	4.0	55.654531000000006	14.027094	6.0	96.054588	17.495570999999998	2.0	0.032705	3.8768879999999997	6.0	22.355331	3.484803	4.0	88.315269	4.495399	4.0	23.676021
7084.0	3.0	96.87169899999999	12.900424000000001	10.270218	92.773543	0.551711	0.9451229999999999	0.644251	0.275758	4.720599	6.0	28.644060999999997	9.047255	4.0	0.031944	1.4212989999999999	5.0	29.710345	1.7859209999999999	4.0	60.646556999999994	21.738513	1.0	79.70566099999999	18.896461	5.0	70.01515400000001	16.158406	5.0	0.015964	0.886465	1.0	37.05296	3.06776	6.0	25.497428	6.882264999999999	1.0	8.897043
7151.0	3.0	32.144163	2.910644	29.042167	52.549849	0.322427	0.782185	0.43950200000000006	0.605392	15.905235999999999	1.0	28.051253999999997	1.557482	1.0	0.011319	0.580237	4.0	93.79325	5.264829	1.0	1.789637	3.519097	3.0	87.336438	18.95358	5.0	98.50429100000001	5.268885	3.0	0.01375	1.343205	5.0	73.863282	5.183476000000001	6.0	26.739913	10.845051	2.0	4.283837999999999
7178.0	3.0	92.015499	10.030761	20.691253	37.805327	0.459416	0.9742719999999999	0.9570870000000001	0.771046	2.572054	4.0	50.437682	13.896297	4.0	0.015574000000000001	1.343038	6.0	78.94825300000001	5.941357	1.0	51.497698	7.917517	2.0	68.784786	9.020855000000001	6.0	99.005356	6.852181	6.0	0.015803	3.461425	4.0	17.228459	3.4528510000000003	2.0	86.404377	1.368903	3.0	43.580421
7190.0	3.0	69.881918	13.131530999999999	46.254169	75.42987099999999	0.40877199999999997	0.753671	0.452917	0.763586	9.176333	1.0	75.938699	6.447299	1.0	0.016222	2.338845	5.0	81.114127	0.6294109999999999	6.0	78.806795	18.936146	1.0	25.073605	10.11284	6.0	62.972595999999996	18.80249	3.0	0.019180000000000003	2.29427	5.0	37.356225	5.500536	2.0	61.868759999999995	1.9219330000000001	6.0	89.33721700000001
7217.0	3.0	54.199291	2.572332	67.78706899999999	91.42766999999999	0.945521	0.406453	0.9876280000000001	0.42148500000000005	3.586496	2.0	24.099833	24.970676	1.0	0.017536000000000003	1.019819	6.0	77.24894499999999	1.532434	1.0	58.161030000000004	9.559303	4.0	80.15021899999999	23.583047	4.0	60.028420999999994	11.321563000000001	1.0	0.023382	1.939087	4.0	74.599937	4.0522849999999995	6.0	38.7816	4.49355	1.0	70.745417
7279.0	3.0	58.683069999999994	6.781051	95.241564	45.701658	0.262575	0.42746000000000006	0.21419899999999997	0.775162	6.901436	1.0	42.694955	6.644831	4.0	0.018174	3.038183	6.0	87.116322	1.07562	4.0	39.389125	20.907073999999998	4.0	20.051118	22.894384	3.0	52.542016000000004	8.686889	2.0	0.01545	3.7799739999999997	5.0	94.454684	2.483376	3.0	85.881489	13.976376	1.0	80.75255899999999
7287.0	3.0	63.932616	2.295436	29.238349	16.444435000000002	0.42042700000000005	0.961209	0.5788	0.587888	12.336835	6.0	71.836415	20.564120000000003	1.0	0.011428	4.198151999999999	4.0	40.148302	0.148048	2.0	16.004539	16.336527	6.0	55.905899	0.617518	5.0	19.188422	23.438031	6.0	0.016101	4.184451999999999	5.0	55.222142000000005	0.092453	6.0	34.328777	8.418318	1.0	53.897635
7289.0	3.0	80.155783	26.438584000000002	50.051752	45.327526	0.165717	0.948002	0.552195	0.298144	9.337608	6.0	28.961359	11.394639999999999	3.0	0.031993	4.019875	4.0	33.273974	1.26362	4.0	7.301133	21.295873	5.0	52.817173	11.573082000000001	6.0	68.658109	9.919774	6.0	0.028091	2.918886	4.0	58.51315699999999	3.287225	4.0	70.95565699999999	3.748131	2.0	74.140526
7301.0	3.0	45.355761	1.315791	11.817273	40.216153999999996	0.831073	0.47608	0.78189	0.7118220000000001	2.867143	4.0	25.662532000000002	22.76106	1.0	0.015324	1.6046	3.0	53.283566	2.2065330000000003	2.0	79.267883	22.365532	5.0	40.330161	12.022111	3.0	2.326259	19.919087	1.0	0.01867	4.50934	3.0	83.208444	0.16966199999999998	3.0	56.151881	2.910125	3.0	36.857252
7410.0	3.0	47.094215000000005	6.666987	50.16489	13.516526	0.46114099999999997	0.539931	0.768502	0.312407	19.075902	3.0	92.14603000000001	21.633094	5.0	0.010478	0.263875	2.0	71.85436999999999	4.062557	2.0	50.442399	22.382593	1.0	29.915803999999998	5.005708	4.0	89.751644	18.318433	2.0	0.01084	5.817605	3.0	87.40122099999999	1.956227	4.0	99.809297	4.088476999999999	2.0	92.659726
7516.0	3.0	32.627062	10.804071	44.464543	63.792225	0.37747800000000004	0.845255	0.971814	0.712594	20.707946	3.0	29.628362	14.948229000000001	6.0	0.010442	1.37422	4.0	48.312037	0.21395999999999998	3.0	23.106679999999997	15.569434	2.0	9.030334	0.611835	3.0	31.726925	10.139801	3.0	0.013857	2.066802	1.0	60.565613	1.090935	4.0	88.204645	13.746960999999999	2.0	22.401902
7539.0	3.0	43.703925	2.643339	17.861347	83.145217	0.102187	0.7435149999999999	0.161548	0.260993	4.23004	5.0	45.861452	24.342088	2.0	0.015669	1.199893	4.0	92.189268	1.80745	6.0	5.75241	11.589805	1.0	17.894247	17.040681	3.0	30.922687	0.572789	3.0	0.050379	2.9891509999999997	6.0	59.844618999999994	4.710869000000001	1.0	71.254701	2.609114	4.0	9.933572999999999
7596.0	3.0	43.656828999999995	4.7126019999999995	92.51700100000001	11.152453	0.301321	0.238747	0.880876	0.783076	16.055795	1.0	21.144520999999997	11.890299	1.0	0.013993	5.493544	6.0	77.2736	3.9722160000000004	6.0	54.185446	22.336988	2.0	62.956603	6.879022999999999	1.0	34.996252	2.108531	2.0	0.021825999999999998	4.13897	6.0	29.720178999999998	5.641355	3.0	32.780317	4.7044239999999995	6.0	44.627587
7646.0	3.0	86.738888	16.746710999999998	21.901351000000002	58.458238	0.45873	0.9471120000000001	0.571828	0.20871599999999998	4.756809	1.0	36.401717	20.909897	6.0	0.017603999999999998	2.7367619999999997	3.0	75.99650600000001	0.8310879999999999	6.0	43.073637	17.981831	3.0	39.793119	6.872094000000001	4.0	81.571512	0.398088	5.0	0.011052	3.669393	3.0	80.767777	0.488249	5.0	31.047712	15.189075	6.0	13.031249
7790.0	3.0	42.561633	4.448367	59.509105000000005	74.638175	0.868267	0.556354	0.932276	0.926801	1.285123	2.0	3.5390040000000003	25.648622	6.0	0.020344	3.269437	6.0	88.53106600000001	0.6566810000000001	2.0	88.2949	21.041666	3.0	57.471516	21.867387	5.0	1.8395009999999998	20.565960999999998	5.0	0.041849000000000004	2.902341	5.0	67.590056	1.566419	1.0	73.98688800000001	15.193664000000002	2.0	70.312822
7857.0	3.0	25.436206	13.334717999999999	41.738462	56.481079	0.466596	0.556184	0.425537	0.910234	23.126628	2.0	9.328235000000001	10.863402	6.0	0.019133	2.174808	5.0	37.221363000000004	4.284522	5.0	6.335985	15.438854000000001	6.0	31.588296999999997	18.226709	2.0	85.938422	16.613209	3.0	0.015713	2.8407080000000002	3.0	64.999329	2.863012	3.0	39.335638	8.826497	5.0	52.047849
7964.0	3.0	63.878653	4.5576989999999995	50.83274	48.011927	0.5723060000000001	0.705993	0.745794	0.822775	12.146563	4.0	29.557040999999998	1.064694	1.0	0.114254	1.820064	6.0	69.671308	5.685761	5.0	72.55188100000001	18.979569	6.0	92.96037199999999	16.868639	4.0	37.147740999999996	14.189815	3.0	0.020719	1.8954959999999998	3.0	84.069284	4.195004	5.0	53.929316	22.618564000000003	2.0	46.897667
7968.0	3.0	89.833023	2.846858	77.62034399999999	54.637173	0.315583	0.369566	0.792441	0.763181	22.625969	4.0	43.67425	19.223944	1.0	0.010749	2.420238	2.0	44.197438	1.5828209999999998	5.0	89.361693	23.819415	1.0	51.060348	24.846273	1.0	86.79836800000001	18.240626000000002	5.0	0.021778	2.030599	3.0	37.632795	3.978505	4.0	62.20121700000001	17.32947	5.0	91.866789
8079.0	3.0	1.0945049999999998	50.949821	8.718814	20.128864	0.895594	0.45204300000000003	0.400787	0.20559000000000002	0.637517	1.0	3.131781	14.540934	6.0	0.099701	5.114439	4.0	67.62385	1.4754459999999998	5.0	46.186608	22.128111999999998	4.0	6.4229449999999995	25.544034	1.0	20.053007	12.198638	3.0	0.087938	5.149497	4.0	79.71133499999999	0.172317	5.0	42.295992	14.117889000000002	4.0	47.267099
8109.0	3.0	18.606354999999997	9.723780999999999	53.790068999999995	78.23577399999999	0.133167	0.7028449999999999	0.343667	0.273223	14.431697	6.0	13.264864999999999	12.008533	3.0	0.023454	1.089252	3.0	89.781033	1.0026	2.0	89.56208199999999	19.365138	4.0	87.098279	1.214256	3.0	38.019953	10.456897	3.0	0.010118	2.725319	6.0	23.590729	3.6513410000000004	2.0	79.737321	4.363956	4.0	26.188259
8141.0	3.0	95.713112	6.331281	36.980165	15.818539999999999	0.5639029999999999	0.9680620000000001	0.461449	0.120173	18.948713	4.0	38.733754	24.279221	2.0	0.011764	1.987234	5.0	84.263245	3.603186	2.0	85.059106	16.825898000000002	6.0	92.59339	19.196082999999998	3.0	42.853304	21.747029	6.0	0.029474	3.156252	6.0	71.61734799999999	4.736098	6.0	84.387569	19.019833	2.0	56.940502
8202.0	3.0	32.066542	32.391725	91.727746	69.011648	0.290002	0.9728100000000001	0.716084	0.10578	4.965241000000001	2.0	27.376209999999997	18.063585999999997	5.0	0.013234000000000001	1.8548060000000002	3.0	65.389387	0.712363	6.0	90.927797	23.495583	5.0	18.480619	3.8428410000000004	3.0	66.37074799999999	15.339922	2.0	0.016485	0.778252	6.0	27.674352000000003	4.699033999999999	6.0	28.643209000000002	21.49612	4.0	45.787310999999995
8238.0	3.0	93.637426	4.358548000000001	63.385976	30.094944	0.887416	0.694645	0.75046	0.15667	3.728332	1.0	61.631628000000006	1.8457540000000001	2.0	0.012921	0.8347049999999999	4.0	64.915886	5.864932	2.0	56.539181000000006	19.942535999999997	3.0	38.146374	2.668198	6.0	19.302335	16.137143	6.0	0.012998	5.2578059999999995	3.0	60.363048	4.398939	1.0	22.423007000000002	15.044023000000001	5.0	96.377859
8255.0	3.0	50.062568	9.448373	52.489452	20.545414	0.44180600000000003	0.972923	0.49623199999999995	0.46299399999999996	10.729576	5.0	14.851683	23.996941	6.0	0.029242	5.172902	4.0	43.260539	1.1290850000000001	6.0	62.60931	20.970672	3.0	89.528338	11.693111	5.0	74.430133	13.486447	5.0	0.027847000000000004	0.6348199999999999	5.0	10.547739	2.006087	3.0	39.976285	17.43153	1.0	49.511434
8317.0	3.0	91.716613	30.023345000000003	14.48889	91.44006999999999	0.8093319999999999	0.842618	0.616748	0.8479110000000001	3.800875	6.0	11.963175	14.5327	4.0	0.025924000000000003	2.365536	6.0	66.020966	4.826712000000001	5.0	50.694833	23.693165	5.0	99.568549	21.836765	1.0	84.23830799999999	3.4725980000000005	4.0	0.012955000000000001	4.235809	4.0	22.813734	0.866445	3.0	54.311501	7.935795	6.0	91.077086
8450.0	3.0	52.179382000000004	2.222579	23.626539	87.10745	0.179949	0.9606819999999999	0.369608	0.9210809999999999	22.017951	6.0	28.232333	12.468966	4.0	0.053666	5.190854	5.0	38.806478999999996	4.463646	5.0	8.883165	19.449496	2.0	44.914951	10.58094	6.0	66.82366999999999	16.480134	5.0	0.134186	3.852841	3.0	33.345295	5.610591	1.0	78.592867	15.375832999999998	3.0	44.004683
8506.0	3.0	42.954245	5.999427	2.817905	86.981223	0.927658	0.391887	0.39974299999999996	0.2606	14.543214	2.0	37.162427	19.651763	5.0	0.013766	0.278891	4.0	91.53877	1.4843879999999998	5.0	73.794949	14.724829999999999	4.0	92.916514	16.483347	5.0	93.50231099999999	7.48929	3.0	0.011812999999999999	2.788783	4.0	98.039017	1.349586	2.0	50.289871999999995	17.743921	5.0	78.207564
8540.0	3.0	7.2754	28.445138	49.638892	96.818925	0.768626	0.48323	0.924481	0.5980449999999999	3.4814160000000003	2.0	43.700142	18.106707999999998	3.0	0.036023	4.864137	2.0	89.68848100000001	2.288754	2.0	4.590269999999999	15.665586	2.0	97.753206	5.604564	1.0	55.638926	4.170971	2.0	0.016899	2.128612	5.0	82.870306	1.560293	3.0	57.222525	1.30795	4.0	61.769622
8750.0	3.0	90.19879	5.640524	77.145978	89.89369	0.8221450000000001	0.6909569999999999	0.632305	0.373938	4.555979	1.0	10.694391	16.207066	5.0	0.018161	2.17267	4.0	49.161469	3.950357	2.0	57.118359	11.013701	1.0	98.57007800000001	20.473188	1.0	42.752745000000004	5.232479	6.0	0.028283999999999997	4.6550910000000005	6.0	61.459779000000005	2.705767	3.0	55.882057999999994	10.698563	4.0	54.030747999999996
8751.0	3.0	30.226781	3.359434	77.328402	67.93424399999999	0.502146	0.544319	0.7667609999999999	0.692349	5.166996	5.0	42.787458	16.432942999999998	3.0	0.014149	1.041426	2.0	73.69357	2.432154	3.0	25.308524	19.826039	6.0	17.577762	22.754567	4.0	84.950588	18.482309	3.0	0.048191000000000005	3.893586	6.0	84.177868	5.227352	6.0	10.319837	4.225176	3.0	76.4566
8903.0	3.0	59.853187	3.241143	24.561958999999998	90.71506600000001	0.9280889999999999	0.745738	0.8019729999999999	0.10949400000000001	11.946683	6.0	81.968765	22.456143	1.0	0.04997	2.487098	5.0	57.576613	2.9912970000000003	3.0	9.323058	14.851232000000001	6.0	33.467939	18.669601999999998	1.0	9.100378	20.362637	6.0	0.0101	5.436642	3.0	77.21842	1.206848	1.0	19.7171	22.601384	5.0	84.520075
8972.0	3.0	25.596266	3.4341779999999997	43.198335	68.198814	0.370406	0.789955	0.5372060000000001	0.585555	5.233455	3.0	45.227861	18.656982	6.0	0.028448	0.175274	6.0	48.599693	3.792441	2.0	24.978932	7.563128999999999	1.0	62.125845	23.390763	5.0	90.698775	11.135326	5.0	0.011593000000000001	1.4718069999999999	1.0	43.721224	1.838223	5.0	6.450751	24.782425	6.0	34.803209
9001.0	3.0	87.846099	13.776841000000001	41.500271999999995	57.54225600000001	0.30279	0.746354	0.9540799999999999	0.42262799999999995	23.059787	2.0	73.776513	20.849125	5.0	0.014833	1.6393959999999999	4.0	19.889318	0.8466889999999999	6.0	49.98903	17.131414000000003	4.0	94.25115799999999	18.579597	6.0	43.330286	23.85313	4.0	0.040958999999999995	4.323624	3.0	77.022701	2.633182	1.0	26.506288	16.581216	1.0	6.285387999999999
9044.0	3.0	90.308762	5.44015	50.514098	44.209238	0.452241	0.342945	0.460341	0.123662	22.663275	5.0	12.626232	4.831737	1.0	0.016263	2.2859689999999997	6.0	88.128073	5.135518	6.0	78.81930200000001	23.485121	4.0	34.510519	8.568251	6.0	29.86944	4.8976370000000005	6.0	0.01687	4.121837	2.0	94.825965	3.4659199999999997	2.0	94.67291999999999	24.168209	1.0	61.847314000000004
9230.0	3.0	1.322619	18.826057000000002	94.789613	61.713853	0.624013	0.481757	0.72187	0.9399799999999999	12.068616	4.0	23.287454	6.622474	5.0	0.018466999999999997	4.297293	4.0	14.995246	1.892555	5.0	66.058736	13.603279	4.0	47.673852000000004	19.221715	6.0	87.526466	16.534421	3.0	0.017218	0.094395	6.0	94.085026	1.435016	1.0	20.722317999999998	19.54801	4.0	99.969205
9279.0	3.0	77.724251	1.9801950000000001	11.088531	97.967899	0.774413	0.36165	0.217933	0.293097	2.563168	4.0	59.664817000000006	1.0659040000000002	2.0	0.015536000000000001	2.743457	5.0	87.181478	4.4464440000000005	6.0	72.39344799999999	16.892265	2.0	2.218876	17.498975	1.0	16.579133	7.559258	6.0	0.018522	5.127816999999999	3.0	71.87739499999999	4.030138	4.0	65.68940400000001	8.761863	1.0	80.51365200000001
9375.0	3.0	17.736634	2.542125	17.52523	79.476807	0.759325	0.48922200000000005	0.794999	0.647854	18.632622	4.0	21.736487	9.173645	5.0	0.061487	2.955357	5.0	52.841497	5.073942	3.0	30.341178000000003	17.633838	3.0	61.192887	7.496639999999999	1.0	38.493553000000006	20.797048	2.0	0.012161	4.6208279999999995	5.0	15.943189000000002	0.135543	6.0	25.263973999999997	24.630791000000002	2.0	52.419466
9376.0	3.0	1.893407	37.525372	71.705616	55.909496	0.7700859999999999	0.703047	0.638646	0.731267	10.263644000000001	1.0	46.595165	0.694157	4.0	0.043185	1.712225	2.0	33.060249	0.34088	6.0	97.368197	3.3985309999999997	2.0	56.060916000000006	23.789994	5.0	58.006471999999995	7.104556	5.0	0.25661300000000004	5.150894	4.0	36.114894	0.856699	1.0	87.881547	1.645615	3.0	48.898783
9602.0	3.0	98.148901	6.264434	12.107944	68.39054200000001	0.5074350000000001	0.6259319999999999	0.588597	0.675901	22.127328	6.0	16.047928	7.385527000000001	1.0	0.046172000000000005	4.259384	4.0	44.23957	0.321758	3.0	73.28109599999999	15.272392000000002	3.0	44.001353	4.119071	3.0	64.45809399999999	12.360323	5.0	0.016564	4.740088	4.0	64.74909699999999	5.0340050000000005	6.0	39.828075	13.05833	1.0	58.863053
9694.0	3.0	50.723467	10.779811	31.9541	32.224949	0.54355	0.62188	0.844915	0.366063	19.021388	2.0	15.823148999999999	11.642472	5.0	0.010374	0.5672050000000001	6.0	34.580912	2.086279	6.0	55.94913100000001	22.832734	3.0	54.540829	22.877662	3.0	50.490815000000005	19.167691	2.0	0.010015999999999999	5.245189	2.0	37.082503	2.708482	2.0	79.412511	6.714796000000001	2.0	32.646609999999995
9871.0	3.0	67.47436	7.718597999999999	50.095279	82.354517	0.28867800000000005	0.6536420000000001	0.962418	0.37905900000000003	20.974166	4.0	5.2298089999999995	22.376932	6.0	0.024100999999999997	6.229003	5.0	59.201852	0.17136099999999999	2.0	72.287002	21.370005	5.0	36.381833	23.660947	2.0	39.016017	23.791646	5.0	0.013068999999999999	3.336979	2.0	97.44408299999999	3.784071	1.0	43.351392	20.971079	5.0	66.847196
