35.0	1.0	36.170365000000004	6.539842	7.278801	7.514419	0.992612	0.30692800000000003	0.922592	0.722279	23.619816	6.0	44.303402	22.766420999999998	5.0	0.127971	3.426682	1.0	45.952921999999994	6.2535110000000005	1.0	28.333409999999997	11.283434	5.0	49.702441	10.020874000000001	5.0	20.175673	19.974279	4.0	0.030036	4.090659	3.0	10.03937	2.043278	4.0	30.270767	9.532983999999999	1.0	5.86712
106.0	1.0	74.838575	3.713175	3.267723	9.601704	0.61575	0.7226239999999999	0.11734000000000001	0.653845	22.839822	1.0	7.476239	3.928526	2.0	0.011725	2.0995049999999997	4.0	21.20345	0.094342	2.0	80.842781	16.069123	6.0	60.98562	4.727831	5.0	49.183553	11.280152000000001	2.0	0.010456	2.095533	4.0	13.290466	0.213354	4.0	18.3447	23.46789	2.0	54.158730000000006
309.0	1.0	98.424109	4.854358	68.58937	5.445926999999999	0.817593	0.355451	0.20491199999999998	0.2596	4.52041	5.0	4.792488	2.638619	4.0	0.014491	1.1529770000000001	2.0	30.626859000000003	3.305285	4.0	39.552637	20.282507	2.0	75.54940500000001	20.907706	3.0	98.447822	14.970360000000001	3.0	0.014575	3.312701	4.0	94.327354	2.8842950000000003	5.0	6.765846000000001	16.366417000000002	5.0	96.72426999999999
423.0	1.0	50.048817	3.197827	96.925126	6.005591000000001	0.978215	0.406499	0.998237	0.407109	19.405437	6.0	58.777568	14.732854999999999	3.0	0.026414	5.269737	3.0	12.130514999999999	4.08665	2.0	4.6025540000000005	5.44738	2.0	87.462174	12.285110000000001	6.0	71.100109	10.228791000000001	6.0	0.06378500000000001	1.883319	6.0	45.601396	4.188672	6.0	28.631721999999996	22.3964	1.0	7.036915
499.0	1.0	30.502015000000004	7.3079529999999995	95.284762	8.281494	0.987326	0.70409	0.628015	0.32719299999999996	17.122871	3.0	81.211371	18.511015	6.0	0.014686000000000001	2.905064	3.0	64.23734300000001	1.445223	3.0	43.742159	19.561354	4.0	27.226135	14.449095999999999	6.0	26.386465	3.335031	1.0	0.01037	3.220192	3.0	99.084524	2.563343	4.0	72.991006	22.508649	3.0	62.758768
660.0	1.0	4.788714	8.564061	1.516756	56.437275	0.317847	0.781361	0.7601399999999999	0.26877	6.225715	4.0	38.906642	8.490266	5.0	0.016176	2.647227	5.0	23.331578	5.337596	3.0	58.785472	18.882768	1.0	40.5894	11.314325	5.0	80.366568	20.050046	2.0	0.011197	5.57209	2.0	13.045094	0.275071	5.0	26.08051	22.722807999999997	6.0	40.433942
738.0	1.0	18.903771	3.3755800000000002	14.388297	14.174322	0.176964	0.262843	0.779412	0.8777389999999999	0.706324	6.0	66.752522	6.499248000000001	1.0	0.031166000000000003	4.748954	2.0	17.790359	5.417397	5.0	80.150424	23.822511	3.0	61.961551	7.628092	6.0	70.83280400000001	20.318242	4.0	0.012592	1.9091169999999997	3.0	35.205039	2.923305	1.0	19.303032	22.281578	3.0	83.513988
1035.0	1.0	36.39631	7.286503	49.138138	29.228868	0.9532010000000001	0.6474310000000001	0.48965200000000003	0.9703309999999999	18.608837	6.0	7.920980999999999	14.912414000000002	4.0	0.037592	5.755883	5.0	13.610220000000002	5.942977	3.0	18.480994	13.521443	5.0	62.413116	22.925639	6.0	92.808952	3.4044199999999996	5.0	0.025481	3.636774	3.0	33.25219	1.716416	4.0	75.93516899999999	23.006487	4.0	98.72445400000001
1220.0	1.0	73.9161	17.106756	81.327069	15.306263000000001	0.9219129999999999	0.810491	0.9079139999999999	0.619293	5.877782	6.0	12.438381	22.818804	6.0	0.025529	3.9269260000000004	2.0	5.299594	0.545654	4.0	32.400651	19.046545000000002	6.0	49.671861	15.056179	5.0	31.636696999999998	18.516198000000003	5.0	0.014746	4.310331	2.0	78.613462	2.291014	6.0	1.147252	19.437644	3.0	17.992214
1268.0	1.0	33.383377	2.165784	10.317254	8.395635	0.152822	0.792079	0.158521	0.8505729999999999	13.147516	6.0	51.388869	7.026753	1.0	0.050763	5.197049	6.0	32.535575	4.891038	2.0	49.078371999999995	5.876804	1.0	97.431731	25.365351	3.0	38.343185	14.859709	5.0	0.027726999999999998	2.179736	3.0	43.791366	2.034424	1.0	83.71334	11.299514	3.0	89.75403100000001
1280.0	1.0	71.803907	5.641717	68.236312	8.819885000000001	0.448896	0.8610469999999999	0.602201	0.590394	22.375232	6.0	27.380872999999998	12.227387	5.0	0.011548000000000001	3.82294	5.0	41.128267	2.17542	1.0	84.97187	1.030199	4.0	81.391512	19.008272	6.0	13.373594	18.263734	1.0	0.014434	5.2652529999999995	5.0	97.185986	4.037239	6.0	10.941955	20.627557	6.0	93.365047
1438.0	1.0	26.477536999999998	17.038385	1.8382439999999998	92.659092	0.705683	0.757666	0.657302	0.827859	22.873932999999997	5.0	98.134904	18.448498999999998	4.0	0.09437000000000001	4.237844	1.0	69.92800600000001	5.721844	6.0	48.73587	20.113394	5.0	69.951288	13.973189999999999	5.0	39.214216	17.796833	1.0	0.167873	1.962895	3.0	66.865537	3.529094	3.0	73.140918	10.570117999999999	4.0	29.654357
1606.0	1.0	24.768241	3.817714	43.185990999999994	3.586808	0.79847	0.339827	0.49400299999999997	0.498587	6.402076999999999	3.0	54.194917000000004	8.182357000000001	4.0	0.014366	0.6299359999999999	3.0	83.686892	1.9675770000000001	5.0	73.99807	15.060457999999999	4.0	36.479979	12.397892	2.0	82.016373	0.657946	2.0	0.136728	2.2109259999999997	1.0	74.68446	0.66878	1.0	42.779414	4.998515	4.0	66.42653
1746.0	1.0	98.524922	18.383698000000003	1.161875	92.670535	0.9843879999999999	0.525079	0.826234	0.802462	17.020395999999998	3.0	30.821968	6.730287	1.0	0.026873	1.628967	1.0	67.231749	4.711692	1.0	77.099133	21.16723	5.0	36.871590000000005	10.499539	2.0	88.282046	10.688463	4.0	0.011065	4.345587999999999	6.0	8.593438	2.2487220000000003	2.0	28.096559999999997	22.947004999999997	6.0	65.979789
1755.0	1.0	94.721235	4.586305	60.585111	32.153771	0.603113	0.816477	0.646796	0.7666430000000001	2.783718	6.0	33.404931	11.295023	2.0	0.023655000000000002	5.511241	4.0	60.971114	2.2389229999999998	1.0	71.140075	6.645604	6.0	70.560361	23.67078	4.0	39.800104	7.280810000000001	6.0	0.793229	3.9619739999999997	4.0	33.028626	3.4530980000000002	1.0	19.77019	23.035420000000002	2.0	99.674768
1954.0	1.0	59.490483999999995	26.441491999999997	20.245712	7.446897	0.9213370000000001	0.9711700000000001	0.948998	0.424146	13.930520999999999	4.0	59.272041	21.515765	1.0	0.014919	2.623256	6.0	51.52578	2.896184	6.0	75.271445	17.403457999999997	2.0	7.662375	21.328473000000002	1.0	56.346056999999995	4.96018	2.0	0.016141	4.335808999999999	3.0	96.61364	5.740777	6.0	97.932124	19.787426999999997	2.0	45.388099
2130.0	1.0	86.367785	15.769934	50.518504	11.11592	0.19434	0.422986	0.375724	0.638938	4.318324	1.0	46.497008	24.769588	6.0	0.010258	4.0993260000000005	1.0	71.108603	1.7758779999999998	4.0	62.398225	20.705085999999998	3.0	17.167735999999998	17.767967000000002	2.0	79.51805300000001	6.550436	1.0	0.014694	1.854803	1.0	59.900453000000006	3.868072	6.0	57.025259	24.743357	5.0	37.189809000000004
2364.0	1.0	93.028607	75.879664	5.5583730000000005	92.980892	0.44825	0.938573	0.8643850000000001	0.633158	22.989363	1.0	59.267778	21.259705	3.0	0.0102	5.592983	2.0	96.507348	1.5586209999999998	4.0	69.77839	2.792573	6.0	80.83234200000001	16.290551999999998	2.0	72.69940600000001	10.625425	5.0	0.13150799999999999	4.912762	2.0	72.879295	1.244149	2.0	2.629466	5.599419999999999	2.0	52.615252000000005
2496.0	1.0	4.099121	64.35691800000001	72.689421	2.788438	0.543375	0.854466	0.999036	0.655784	5.368103	6.0	14.640398999999999	9.949883999999999	4.0	0.023708	4.457065	2.0	31.001945000000003	4.376755	2.0	14.166359	16.181261	2.0	91.715188	12.681034	6.0	86.748163	12.377877999999999	3.0	0.012042	1.6099569999999999	4.0	37.165723	4.8260559999999995	2.0	4.389883	7.314941999999999	5.0	71.220612
2520.0	1.0	3.6309709999999997	9.826887	75.162001	2.571727	0.801093	0.7919970000000001	0.391006	0.129152	18.844754000000002	1.0	62.790046	16.839441	1.0	0.012941	2.989859	6.0	90.974536	5.034612999999999	2.0	34.922077	4.546432	4.0	92.70182700000001	23.45368	1.0	92.342747	22.195303	2.0	0.0283	4.3661970000000005	6.0	29.807941999999997	4.746537	6.0	51.054128000000006	15.319947	5.0	83.815445
2673.0	1.0	51.562251	20.726121	24.553376	1.19527	0.555489	0.661572	0.905545	0.9985700000000001	6.917839999999999	6.0	40.080897	15.357564000000002	4.0	0.010657	4.013001999999999	6.0	20.943102	0.179597	2.0	23.447770000000002	20.740067	6.0	89.290233	15.219375	5.0	42.16726	7.360950999999999	3.0	0.064076	2.247379	5.0	39.002364	2.944534	5.0	91.566835	13.126428	4.0	34.827696
3049.0	1.0	84.26320799999999	16.188116	13.783368	7.826113	0.318499	0.678139	0.21526700000000001	0.885224	21.374789	6.0	34.577143	0.894416	1.0	0.025662	4.787383	3.0	43.870473	1.388578	5.0	68.673864	22.619808	4.0	70.265007	16.851569	6.0	25.475257	1.3889209999999999	2.0	0.013788	2.761479	1.0	65.092274	1.9751150000000002	6.0	82.238781	14.098904999999998	6.0	81.512019
3242.0	1.0	61.234758	3.026056	5.380596	38.846433000000005	0.12618	0.9397770000000001	0.722061	0.230077	12.493278	6.0	92.328773	25.281235000000002	2.0	0.032826999999999995	5.282195	2.0	46.704	4.027506	2.0	28.29904	12.567515	3.0	22.523516	1.8587599999999997	4.0	93.901726	12.945182	5.0	0.014055000000000002	4.885745	5.0	28.239471999999996	5.324193	1.0	97.336773	8.659114	1.0	12.127449
3332.0	1.0	75.59149000000001	3.6335629999999997	18.215128	2.237116	0.9036629999999999	0.8614879999999999	0.48700699999999997	0.857878	11.437069000000001	4.0	20.86786	21.378273	6.0	0.07886699999999999	6.011591	5.0	21.308556	1.9867029999999999	5.0	27.604186	11.34768	5.0	87.636574	7.394861	3.0	85.0073	22.100175	1.0	0.012517	1.2598	1.0	4.651602	5.447181	4.0	24.043377	3.273994	5.0	89.52735600000001
3413.0	1.0	91.065699	21.321234	11.189307000000001	3.3457239999999997	0.10626	0.71677	0.617935	0.9298209999999999	11.399709	2.0	81.00761	8.069102	6.0	0.012006999999999999	4.784701	1.0	25.126769	3.572235	3.0	77.060863	19.98433	6.0	36.523462	2.827557	6.0	9.968163	10.267468	1.0	0.034031	3.603832	1.0	75.391357	0.398453	2.0	23.440348	6.847457	1.0	22.404652
3448.0	1.0	7.258886	12.047219	1.399743	13.914010999999999	0.8320379999999999	0.415764	0.691533	0.97109	12.135734	6.0	87.158212	1.1855959999999999	4.0	0.010886	5.04263	3.0	71.30508	5.719031	2.0	58.047233	8.644325	2.0	35.364993	14.666511999999999	2.0	2.706413	5.266521	3.0	0.029872000000000003	3.462311	1.0	29.898190999999997	5.189748000000001	1.0	65.695714	23.666171	6.0	42.298398
3636.0	1.0	2.450687	94.575262	91.768191	6.169454	0.753413	0.24235399999999999	0.935897	0.655744	19.501997	5.0	2.148282	18.614981	6.0	0.013212	4.99711	1.0	32.705139	5.962947	4.0	79.30309799999999	6.824821000000001	5.0	36.330467999999996	14.811582000000001	4.0	74.791737	22.735837	2.0	0.010516	5.522117	2.0	91.658987	5.77754	4.0	5.21776	15.368338	3.0	87.599907
3778.0	1.0	9.543871000000001	3.4507730000000003	59.078772	3.994411	0.834736	0.738855	0.572607	0.8732479999999999	2.581868	1.0	3.215961	2.403404	4.0	0.011446	5.278928	4.0	24.197922	5.605295	3.0	95.128433	5.808044000000001	2.0	40.357273	2.546427	1.0	59.956588	6.1360980000000005	6.0	0.030769	4.987858999999999	1.0	95.141047	0.613297	4.0	34.351082	3.819457	6.0	84.085238
3848.0	1.0	32.593939	3.9147809999999996	93.526388	1.175334	0.235619	0.961765	0.545262	0.36743899999999996	15.653205999999999	2.0	89.42191899999999	19.504465	4.0	0.096192	3.1227400000000003	6.0	44.337145	2.794332	6.0	63.064001	9.650727999999999	4.0	81.738964	24.180276	2.0	80.61043599999999	18.663984	2.0	0.025157	5.445002	1.0	81.350959	5.791353	5.0	78.191587	16.12445	1.0	67.97357199999999
3885.0	1.0	97.1109	1.134802	2.001141	30.079164000000002	0.9671190000000001	0.235788	0.462871	0.23190700000000003	5.738348	1.0	55.607276	3.7746190000000004	2.0	0.025246	1.851245	2.0	12.804275	3.619681	1.0	93.167932	6.149358	6.0	80.723502	18.839989000000003	3.0	13.031811	12.211374000000001	3.0	0.22518400000000002	5.281571	5.0	9.18159	2.241381	3.0	22.695378	2.03763	1.0	86.806368
3918.0	1.0	44.370596	6.396191	91.591239	5.813756	0.236281	0.664616	0.309404	0.773123	14.855797	5.0	86.847291	6.103505	3.0	0.02862	1.868151	1.0	78.770781	0.798949	3.0	60.500865000000005	6.041343	5.0	93.710186	25.345394	1.0	70.764899	15.446856	3.0	0.01099	4.565034	4.0	54.161235999999995	4.5643720000000005	3.0	59.851242000000006	16.354478	1.0	29.186884999999997
3966.0	1.0	48.867752	13.451879000000002	1.7549259999999998	9.62541	0.815765	0.49045900000000003	0.981619	0.362595	17.077216	2.0	91.118912	12.36763	2.0	0.020142	1.5525149999999999	1.0	93.609698	5.872686	5.0	21.179624	19.065496	6.0	92.405333	24.793249	6.0	15.084223000000001	23.120235	6.0	0.011679	1.4738850000000001	5.0	87.077683	3.027303	6.0	4.147453	12.940747	4.0	77.185203
4034.0	1.0	57.352334	6.7914330000000005	5.28009	33.534521999999996	0.9717290000000001	0.813091	0.504568	0.5951810000000001	21.806468	3.0	26.925544	23.695647	4.0	0.022914	1.862379	5.0	41.12705	3.1337189999999997	2.0	56.31893	22.525607	3.0	47.59905	18.734139000000003	1.0	76.936504	18.60987	6.0	0.036012	1.399784	4.0	62.350041000000004	5.130135	4.0	49.761057	21.133902	2.0	51.132058
4104.0	1.0	98.10305	3.018595	1.435329	6.226554	0.167951	0.137926	0.506182	0.7797810000000001	9.802582000000001	5.0	21.694169	4.398274	6.0	0.324079	1.9856	2.0	45.944665	3.552685	1.0	5.327199	13.4004	3.0	44.937228000000005	1.576216	2.0	82.107483	21.301799	5.0	0.018855	0.5078010000000001	2.0	65.22811	4.1139790000000005	2.0	84.015877	14.947097	5.0	12.382234
4119.0	1.0	3.275725	10.513902999999999	1.67127	7.966765	0.9730620000000001	0.8849549999999999	0.639864	0.266863	2.967093	6.0	28.224827	18.190018	4.0	0.039271	4.274959	4.0	47.655494	1.452076	6.0	15.661821	17.589154	5.0	94.98620600000001	22.743181	2.0	10.093065	20.488176	3.0	0.01415	3.818493	5.0	80.20170999999999	0.780929	6.0	23.932797	5.080706	2.0	88.539518
4133.0	1.0	99.391717	2.293792	84.507068	12.450625	0.822269	0.840366	0.539837	0.981826	18.117169	6.0	63.909808	2.149046	1.0	0.017575999999999998	3.367818	5.0	33.358639000000004	2.399757	1.0	81.30389	23.101932	4.0	97.40055	25.353582	3.0	34.96054	10.619287	4.0	0.020130000000000002	4.650765	3.0	47.788932	5.422587	6.0	19.878923	10.181646	4.0	90.229039
4299.0	1.0	19.408566	9.414645	17.114433	18.723986	0.37706	0.6058560000000001	0.394971	0.947506	23.6303	5.0	48.960791	19.420146	1.0	0.10026499999999999	3.837829	1.0	10.039545	5.335456	1.0	99.512027	19.326567	1.0	57.509572999999996	24.245873	1.0	35.012986	5.609265	4.0	0.030277	1.163167	1.0	42.95288	1.403349	3.0	42.141989	14.16704	2.0	22.937242
4332.0	1.0	14.102839000000001	3.9587269999999997	1.818729	12.106318	0.94116	0.951421	0.5643859999999999	0.30999299999999996	5.246226999999999	2.0	12.862908000000001	9.925294000000001	2.0	0.016543000000000002	1.6011309999999999	3.0	59.712212	4.237614	6.0	87.699362	23.430225	2.0	75.678241	6.6289869999999995	2.0	92.05424599999999	1.7195349999999998	4.0	0.031201999999999997	5.512995	1.0	17.458389999999998	5.0429	4.0	77.917423	2.3483	4.0	56.556465
4534.0	1.0	78.283393	2.276405	43.848290000000006	5.503399	0.551615	0.15520599999999998	0.210792	0.594118	11.751075	2.0	24.887898999999997	18.034136	3.0	0.028189999999999996	0.125699	1.0	50.747827	1.928916	1.0	42.050179	10.494249	2.0	10.809891	20.035673000000003	4.0	71.938985	1.3967829999999999	4.0	0.020636	3.809592	6.0	9.558434	3.707068	2.0	74.29047	0.529229	4.0	16.257617
4587.0	1.0	38.632559	5.080846	32.252624	5.481693	0.925696	0.9126299999999999	0.665199	0.677855	7.078925	5.0	24.320543	5.7388639999999995	4.0	0.018932	3.151785	1.0	30.337263	5.8663050000000005	5.0	70.15267	1.0684069999999999	4.0	16.960143	17.25091	5.0	13.223067000000002	21.254671	2.0	0.047135	4.557858	3.0	68.91597	0.46216999999999997	4.0	82.908823	18.911407999999998	3.0	63.127573
4691.0	1.0	2.857126	25.004619	25.747366	2.521418	0.613433	0.857785	0.532881	0.32455	8.881596	6.0	39.235282	2.8582330000000002	5.0	0.041923	3.165829	4.0	53.62604399999999	3.7145620000000004	4.0	56.556013	16.078578	1.0	10.859897	3.308425	1.0	50.642599	18.565883	1.0	0.13713599999999998	5.79335	3.0	19.339872	4.815842	2.0	54.09053	16.975686	3.0	86.15245
4787.0	1.0	2.7400759999999997	65.81870699999999	68.246368	15.600079999999998	0.6423180000000001	0.9154700000000001	0.585964	0.9091319999999999	1.275455	2.0	58.931952	8.491624	5.0	0.012066	5.949286	6.0	28.55286	5.3316669999999995	2.0	13.100549	14.656035999999999	1.0	70.723022	23.081657	1.0	90.711843	7.204376	5.0	0.012704	4.2549	4.0	17.594009	0.723194	3.0	45.384116	9.204817	2.0	65.083539
4805.0	1.0	14.549320000000002	4.309366000000001	21.564787	3.514668	0.8696209999999999	0.559569	0.68365	0.685044	8.347966	5.0	90.341902	9.626926	3.0	0.22493200000000002	5.522842	5.0	96.238729	5.222273	4.0	87.11159	5.157146	4.0	3.4286839999999996	16.896179999999998	6.0	57.393327	7.0646	4.0	0.037801	5.221214	3.0	33.266701	5.292813	5.0	45.202742	8.245269	3.0	29.77655
4919.0	1.0	84.622153	3.389731	80.81741099999999	31.080693	0.778939	0.269056	0.920967	0.9970129999999999	17.108075	3.0	70.702207	13.021063	1.0	0.010481	2.265486	6.0	23.546877	5.528894	6.0	21.645270999999997	18.81693	2.0	94.222511	17.140597	1.0	86.276604	12.678773	4.0	0.012447	3.4999510000000003	1.0	87.434564	5.507925	3.0	90.970241	22.117145999999998	5.0	21.84325
4965.0	1.0	31.593897	3.5294839999999996	60.2495	22.463456	0.8233469999999999	0.691211	0.686285	0.81567	5.475808	4.0	54.506742	20.742785	4.0	0.05111	2.4080340000000002	6.0	38.198741999999996	1.0177829999999999	4.0	19.103179	3.250596	1.0	92.642993	23.763962	6.0	67.954947	18.72767	3.0	0.026869	0.9597959999999999	4.0	56.263968000000006	4.172173	5.0	18.363742000000002	17.543264999999998	1.0	97.331982
5011.0	1.0	86.339826	5.779412000000001	18.220418	25.763969	0.430475	0.49786	0.336376	0.9706290000000001	9.84493	3.0	3.777369	18.715484	4.0	0.017933	0.607248	6.0	88.043335	2.022859	6.0	72.81609499999999	15.716188	4.0	96.274041	25.338663	3.0	89.375434	20.087797	5.0	0.01746	3.820925	6.0	13.603518	5.602586	5.0	13.431996	16.8079	3.0	59.869053
5075.0	1.0	7.428439999999999	12.917619	35.530174	10.454953999999999	0.665295	0.944773	0.638568	0.771837	22.631698999999998	6.0	75.591008	25.415719	4.0	0.056865	0.27350399999999997	6.0	10.285639999999999	4.412463	4.0	59.137975	16.153889000000003	3.0	52.420249	22.166149	3.0	6.331676	20.557264	4.0	0.05466	5.7333	3.0	22.497426	0.758957	4.0	68.44329599999999	8.356219	2.0	64.55318299999999
5078.0	1.0	1.410743	70.25573399999999	69.76554	13.128244	0.325435	0.28411	0.8710049999999999	0.9483739999999999	3.707604	2.0	74.311233	9.436925	4.0	0.037121	5.266866	6.0	27.416138	4.1478410000000006	5.0	42.086878999999996	7.933377	2.0	22.738514000000002	21.989987	4.0	96.51700500000001	15.745292000000001	5.0	0.032924	1.158875	3.0	54.375797999999996	2.389663	4.0	84.88348	19.550635	6.0	87.830079
5101.0	1.0	1.693016	75.467213	14.176067000000002	2.6599939999999997	0.8318540000000001	0.127119	0.590672	0.899975	13.152455999999999	3.0	10.555741000000001	15.775348000000001	2.0	0.012148	3.827325	2.0	28.774711	5.213328	6.0	62.476489	23.066499	5.0	47.032905	5.962758999999999	6.0	61.34865500000001	6.824871000000001	2.0	0.013022999999999998	5.253145	6.0	41.891064	5.678073	6.0	97.583616	3.5695339999999995	1.0	49.160576
5124.0	1.0	59.1486	4.138433	40.948453	18.56597	0.9711790000000001	0.302846	0.43295500000000003	0.796694	16.73716	4.0	21.584336999999998	9.798238000000001	1.0	0.013168000000000001	3.273937	1.0	12.8525	3.5146870000000003	6.0	9.316621000000001	8.414945	4.0	11.538917999999999	21.469812	4.0	17.611241	19.138523	1.0	0.038882	5.146249	1.0	28.72311	2.6234759999999997	2.0	4.108543	18.539517	2.0	28.208996000000003
5221.0	1.0	7.032846000000001	35.870974	54.971157999999996	15.062660999999999	0.932026	0.778885	0.999236	0.813275	20.409271	1.0	46.124295000000004	14.914732	4.0	0.014913999999999998	5.133082	5.0	64.035484	3.903039	6.0	82.602701	1.9896610000000001	1.0	91.459389	4.072197	4.0	39.483309999999996	12.192325	6.0	0.085876	3.3398769999999995	4.0	33.545669000000004	0.749218	4.0	90.08603000000001	19.722923	4.0	51.157078000000006
5486.0	1.0	43.689999	9.395147	5.968252	2.500901	0.6135689999999999	0.706262	0.924285	0.23174	7.3958770000000005	6.0	51.346016999999996	9.085417999999999	3.0	0.014256	4.545762	5.0	63.174046999999995	6.220102	2.0	49.602928999999996	13.842044	1.0	22.521882	23.285312	4.0	68.41082	9.220142999999998	6.0	0.031658	4.093382	2.0	85.779179	5.501288	1.0	39.879853000000004	0.8702989999999999	5.0	6.1049050000000005
5518.0	1.0	49.211352000000005	11.092527	24.413259	28.852481	0.408997	0.5263100000000001	0.870348	0.887034	15.73298	5.0	34.433479999999996	15.297332	3.0	0.011031000000000001	6.167368	6.0	35.253645	5.057319000000001	3.0	45.500248	20.791913	1.0	94.133248	1.379787	2.0	94.07723	12.469676	6.0	0.029629000000000003	4.0338449999999995	4.0	58.080754000000006	0.879368	1.0	88.017776	21.141189999999998	5.0	78.314204
5788.0	1.0	22.980291	4.481628	4.399818	13.442317000000001	0.48961499999999997	0.360869	0.8603799999999999	0.9421950000000001	6.487491	3.0	48.79779	21.415035	1.0	0.025026	1.616061	5.0	27.84334	5.760379	5.0	28.241952	22.863552	5.0	48.352071	15.617826	1.0	51.65613	19.093602	2.0	0.053165	0.708526	1.0	5.263178	5.639121	6.0	67.225533	20.720159	2.0	55.066669
5905.0	1.0	43.229091	10.320205	89.176919	1.283283	0.42406400000000005	0.46448599999999995	0.70763	0.418563	4.219373	6.0	89.549088	5.143523	4.0	0.020459	3.501225	3.0	20.651557999999998	2.985667	5.0	63.686198	22.254897	6.0	57.274696	10.431212	5.0	76.693593	14.397825	4.0	0.027882	5.761915	3.0	52.572244	1.4754690000000001	1.0	17.205637	2.630097	3.0	37.359876
6109.0	1.0	84.379501	11.948131	57.067389	3.119082	0.547646	0.47811499999999996	0.48034799999999994	0.56123	10.743639	3.0	74.822408	12.24047	3.0	0.031407	3.6936410000000004	1.0	91.824058	5.343312	3.0	56.281926	18.8815	5.0	39.096030999999996	15.967185999999998	6.0	20.982117000000002	18.892522	6.0	0.016156999999999998	4.247961	3.0	28.120005	0.854368	6.0	14.804433	2.7285459999999997	2.0	97.726958
6471.0	1.0	94.981464	8.886232000000001	70.53857099999999	6.258381	0.909223	0.824102	0.540296	0.723217	9.651328999999999	6.0	23.775392	10.914661	3.0	0.035558	0.7879520000000001	3.0	19.979088	5.440619	3.0	77.50174100000001	6.906828	4.0	93.50108399999999	2.125375	2.0	56.621976000000004	17.980792	3.0	0.086203	1.9737369999999999	1.0	74.21346899999999	4.349444	4.0	39.426413000000004	24.194224	3.0	81.749946
6629.0	1.0	73.842963	30.636251	15.802769	7.317138000000001	0.147375	0.798618	0.925169	0.8655729999999999	22.569522	2.0	85.737565	1.23793	3.0	0.022311	1.166403	5.0	2.4803759999999997	5.070556	2.0	75.471475	21.363551	3.0	97.080275	9.063403	5.0	82.120139	4.795336	2.0	0.024152	3.655092	5.0	19.775998	3.9869269999999997	2.0	85.27381	3.101097	5.0	38.31304
6825.0	1.0	4.895789	1.449984	96.316975	10.353608	0.255703	0.466078	0.8643370000000001	0.632994	2.258327	3.0	72.337304	24.727860999999997	4.0	0.010106	2.2720759999999998	1.0	29.061564	2.032235	6.0	3.9849589999999995	8.551532	3.0	6.6734089999999995	20.064987	2.0	98.284713	5.223082	4.0	0.102845	5.715475	5.0	73.10227900000001	2.266151	5.0	11.374574	25.506909	2.0	49.716457
6851.0	1.0	2.683331	18.283532	66.969755	11.161083999999999	0.433598	0.956865	0.650771	0.856389	16.304295	3.0	8.144769	4.2155830000000005	5.0	0.010295	5.1164629999999995	5.0	87.774374	4.9555370000000005	2.0	81.351885	12.904881	3.0	39.145044	14.51774	4.0	68.393089	6.231005000000001	1.0	0.013980000000000001	2.035185	1.0	28.369678000000004	4.34802	2.0	59.606859	6.3578220000000005	1.0	42.651813
6969.0	1.0	1.361699	12.261451	90.028361	22.512016	0.774554	0.588911	0.460692	0.7306630000000001	7.8769860000000005	4.0	34.107966	16.208042000000003	5.0	0.171951	0.7240840000000001	2.0	47.574402	0.737905	4.0	50.228478	15.562692000000002	4.0	91.84949499999999	5.9774519999999995	6.0	97.973392	6.8799589999999995	4.0	0.015615	4.310539	1.0	14.367545999999999	3.026154	5.0	48.962565000000005	23.269579	6.0	70.498071
7034.0	1.0	4.647863	8.216828999999999	83.815525	10.698899	0.460959	0.793663	0.693682	0.9978040000000001	7.369366	2.0	96.275598	14.961549	6.0	0.010681999999999999	2.2553650000000003	4.0	11.437259	0.652616	4.0	7.0863949999999996	15.918544	4.0	5.430391999999999	21.05945	5.0	67.387326	2.204988	4.0	0.043302999999999994	4.731974	4.0	70.937728	2.264871	3.0	61.40326700000001	16.537786999999998	3.0	85.646796
7045.0	1.0	2.077032	43.973234000000005	30.168895000000003	17.08579	0.2669	0.736714	0.100823	0.853433	1.344123	3.0	80.69894599999999	16.084522	5.0	0.021281	5.527461	6.0	11.70744	4.008042	4.0	36.52239	23.426804	4.0	46.055502000000004	16.577574	4.0	46.101228000000006	16.65186	3.0	0.012806999999999999	5.40661	6.0	61.583589	0.34737199999999996	4.0	85.81701	12.835617999999998	2.0	52.469914
7303.0	1.0	69.430947	1.841266	2.506916	68.204957	0.414362	0.713651	0.594841	0.817693	1.357917	5.0	67.13117	4.080926	6.0	0.02962	5.667396	5.0	39.645415	5.567497	2.0	88.888508	12.661531	5.0	98.374307	3.628966	2.0	15.013226000000001	12.284939	5.0	0.024484	4.650241	5.0	95.377572	3.942537	1.0	82.016297	4.075665	3.0	63.200913
7317.0	1.0	28.714219	6.587173	7.954677	5.352182	0.362644	0.793855	0.9785879999999999	0.247873	10.470709	1.0	21.105653	15.785236	5.0	0.015237	0.808947	4.0	10.185794	3.1246509999999996	1.0	54.431259	9.240031	6.0	67.469037	21.192854999999998	6.0	29.769465999999998	7.651438000000001	1.0	0.054274	2.489031	4.0	16.888246	5.347653	5.0	71.414895	6.133458999999999	1.0	73.657266
7329.0	1.0	5.321936	3.745024	14.019523000000001	4.6634720000000005	0.573244	0.974418	0.532798	0.57133	10.212525	6.0	14.477634	4.849411	1.0	0.027175	5.333151	2.0	6.386657	3.296706	6.0	63.121362	6.726716000000001	5.0	22.37612	2.2872939999999997	4.0	28.525959000000004	9.28622	6.0	0.014843	5.259896	3.0	73.76706800000001	4.657819	2.0	74.083999	16.932211	2.0	98.70438
7349.0	1.0	1.220859	90.632698	4.376191	54.248792	0.68083	0.9126040000000001	0.781007	0.9156690000000001	11.691745	4.0	54.781091	2.031765	5.0	0.010085	2.253368	2.0	53.365526	3.76134	5.0	82.411964	18.700607	5.0	98.94055999999999	8.833475	2.0	37.114422	6.885271	3.0	0.017897999999999997	4.059179	2.0	43.254866	1.183076	1.0	82.212837	21.451470999999998	4.0	47.428616999999996
7443.0	1.0	84.28447	29.45184	86.276756	10.809602	0.695079	0.6949420000000001	0.679342	0.6264770000000001	6.20708	3.0	76.728803	4.739647	6.0	0.019996	2.124589	1.0	73.51066999999999	3.197058	2.0	58.316741	23.291156	3.0	94.969712	11.800785000000001	5.0	48.934705	0.26504	3.0	0.09162999999999999	2.012267	1.0	94.703487	5.140944	3.0	87.934309	11.102221	2.0	34.679868
7975.0	1.0	37.349888	11.347699	31.878947999999998	23.286382	0.921602	0.68787	0.710943	0.603783	19.629173	2.0	85.058702	14.788421	1.0	0.018394	0.502862	1.0	83.207363	6.244332	2.0	35.71735	15.70023	2.0	94.77176999999999	13.484701999999999	4.0	56.56586899999999	10.807310000000001	4.0	0.012646	5.560873	6.0	90.816075	2.764147	4.0	9.152911999999999	23.51022	4.0	49.245754999999996
8112.0	1.0	69.38979599999999	45.968806	1.6910560000000001	97.499217	0.758602	0.193694	0.620544	0.378334	19.247152	2.0	89.181682	8.057818	3.0	0.010817	4.5842480000000005	5.0	69.97393000000001	5.160785	2.0	24.892096	12.041333999999999	3.0	61.108415	9.923246	5.0	32.511258000000005	0.590414	6.0	0.023112999999999998	5.409965000000001	4.0	65.60149799999999	1.6778220000000001	4.0	2.4085509999999997	7.442842999999999	6.0	39.709486
8124.0	1.0	47.192975	4.372028	17.908821	1.800175	0.190272	0.42418599999999995	0.361563	0.921927	16.473589	2.0	94.455528	1.9339259999999998	6.0	0.015790000000000002	3.2169779999999997	2.0	1.35337	5.920658	2.0	3.943893	10.220614	2.0	48.949939	5.438071	3.0	44.39946	17.437445	3.0	0.168133	2.927641	5.0	55.785072	0.064454	4.0	63.07444	16.127295	5.0	15.429922
8152.0	1.0	24.040142000000003	37.093287	6.281311	45.801972	0.17166900000000002	0.984195	0.9906379999999999	0.785744	10.308422	6.0	57.400620999999994	17.977245	4.0	0.017733000000000002	2.165172	5.0	53.410389	4.877695	2.0	24.141308	22.382949	3.0	22.882561	22.400071	1.0	48.381027	3.760032	1.0	0.05517999999999999	4.353212999999999	6.0	85.58581600000001	1.550117	3.0	62.528549	21.969667	1.0	97.426792
8539.0	1.0	41.683259	26.636045000000003	26.591390000000004	14.887061	0.549391	0.850852	0.643029	0.5715	3.5866290000000003	6.0	1.1426290000000001	25.207131	1.0	0.027249000000000002	0.09555	5.0	17.681665	3.619018	5.0	37.552869	20.240387	2.0	53.106116	11.121199	3.0	43.780514000000004	19.281292999999998	4.0	0.014639	2.3731259999999996	4.0	96.931558	4.865305	1.0	87.418351	14.337720000000001	4.0	29.975735999999998
8551.0	1.0	95.37412900000001	9.161593	22.967610999999998	15.547782999999999	0.45999399999999996	0.359495	0.9007280000000001	0.9134540000000001	21.35998	4.0	67.822289	15.849914000000002	2.0	0.07876699999999999	4.255382	4.0	65.477065	4.175235	3.0	59.065022	21.391278	2.0	18.640136	20.110802	4.0	37.18398	19.442583	2.0	0.6807270000000001	0.637426	4.0	97.80471999999999	3.488729	5.0	45.136138	13.967417000000001	5.0	19.092761
8565.0	1.0	82.809685	23.213423000000002	10.321784	12.926910000000001	0.916644	0.8448760000000001	0.359477	0.730355	1.5042799999999998	6.0	60.21749200000001	11.677435000000001	5.0	0.021672999999999998	5.384257	2.0	93.925611	5.918243	3.0	7.585594	20.174636	6.0	23.569108	0.636659	6.0	12.547377000000001	22.237959	2.0	0.018906	5.200503	5.0	72.442458	5.540622	1.0	41.209582	22.758155	1.0	77.753052
8660.0	1.0	40.538272	3.834178	17.648426999999998	6.651484	0.46157600000000004	0.741449	0.5018630000000001	0.242856	10.636575	4.0	99.04046	17.869201999999998	4.0	0.014162000000000001	1.823147	3.0	90.384621	2.3742669999999997	5.0	97.256982	15.799292000000001	5.0	58.02200799999999	24.095174	4.0	44.561549	3.029732	1.0	0.019594	0.596036	5.0	55.719737	5.923172	2.0	51.896105	17.190053	3.0	15.684860999999998
9075.0	1.0	54.47818	2.098967	56.878319	2.638994	0.450959	0.899911	0.41277299999999995	0.571104	11.513347999999999	1.0	73.033372	5.050996	5.0	0.0239	1.818395	2.0	53.501599	1.29408	2.0	3.446419	7.016049000000001	4.0	14.399381	23.778739	2.0	79.355992	5.2193879999999995	5.0	0.01785	2.4333549999999997	4.0	47.79067	0.582266	5.0	50.706855	24.972666	1.0	31.732112
9435.0	1.0	17.743031	8.024968	93.863685	3.719592	0.873324	0.5891850000000001	0.39469099999999996	0.725941	11.527844	4.0	28.301865000000003	6.720572	4.0	0.160573	0.45591099999999996	1.0	50.50509	6.131405	1.0	13.257805	12.504883999999999	2.0	36.83269	5.573679	4.0	32.077734	13.489359	3.0	0.060041	4.2933580000000005	3.0	66.32465	3.3837699999999997	5.0	69.32573199999999	17.996363	5.0	4.280948
9497.0	1.0	2.332951	51.260104	44.469893	6.579321	0.652332	0.528284	0.9671700000000001	0.394204	18.735922	5.0	45.840491	20.020034	2.0	0.011348	4.110181	4.0	27.778471999999997	4.216279	2.0	69.363227	22.080678	2.0	18.76755	18.146907000000002	1.0	67.261842	3.171929	1.0	0.660035	5.143772	5.0	79.135142	2.9681599999999997	2.0	44.637545	10.483838	6.0	57.884987
9571.0	1.0	1.910092	6.2262580000000005	67.245552	3.3978949999999997	0.113419	0.9791559999999999	0.266135	0.206556	12.456208	4.0	86.266689	22.037599	6.0	0.044797000000000003	6.1350169999999995	4.0	6.793025999999999	3.982996	1.0	94.685625	0.341854	3.0	51.917933000000005	9.215108	3.0	92.951246	21.353711999999998	4.0	0.011959000000000001	2.2465439999999997	2.0	92.15656800000001	2.482025	3.0	11.145306	25.380183	6.0	26.885140999999997
9639.0	1.0	29.674765	4.364284	34.058177	25.976129999999998	0.175792	0.9598770000000001	0.7101430000000001	0.8869040000000001	5.092347	5.0	77.15303399999999	13.202874	2.0	0.026614	0.092064	3.0	51.381855	4.723391	4.0	76.908473	15.068412	5.0	87.829389	21.668538	2.0	68.39030799999999	4.004561	5.0	0.029973000000000003	1.4525540000000001	6.0	6.762014	3.2902980000000004	1.0	51.331198	19.013476	2.0	60.688852000000004
9701.0	1.0	12.592367	14.239432	25.131329	19.88683	0.9417620000000001	0.8953969999999999	0.843001	0.668094	21.093764999999998	5.0	82.53855899999999	6.27543	5.0	0.042792000000000004	3.8115959999999998	4.0	97.95040300000001	3.5327629999999997	4.0	92.546541	6.168262	5.0	6.193724	3.367107	5.0	64.668503	22.298164	3.0	0.014558000000000001	3.243216	4.0	2.2540009999999997	0.578071	2.0	21.342205	18.175301	2.0	38.408761
9779.0	1.0	17.370661	4.552839	7.8162020000000005	62.035833	0.177612	0.553391	0.631397	0.963743	16.084771	1.0	44.20981	2.81101	3.0	0.011259	2.234989	1.0	28.748559999999998	2.121916	1.0	80.39550600000001	12.910725999999999	2.0	18.51502	25.477971	1.0	96.31097700000001	6.104925	4.0	0.018009	2.014415	1.0	74.815362	5.741219999999999	4.0	51.01282	22.205344	2.0	17.498516
9988.0	1.0	5.609537	6.7385399999999995	1.352703	72.314226	0.678774	0.469616	0.360114	0.893517	0.345831	6.0	89.909745	1.829489	5.0	0.021528	5.51395	1.0	15.543721	6.14061	6.0	49.056217	0.718041	5.0	8.833813000000001	22.42587	1.0	44.816404999999996	21.770671	2.0	0.012287000000000001	4.101771	6.0	45.374131	1.27045	2.0	33.597288	11.008212	2.0	76.379655
9995.0	1.0	49.666167	2.493882	97.200039	3.4692019999999997	0.597949	0.24385900000000002	0.22234600000000002	0.957298	19.36182	2.0	45.729021	16.338291	2.0	0.010765	1.547053	2.0	32.036787	4.2644150000000005	4.0	59.96066999999999	13.384541	4.0	91.81388299999999	12.065447	4.0	99.763038	14.885995000000001	4.0	0.040063	4.54635	2.0	25.261577	3.292561	5.0	77.67049	20.196251	5.0	68.941114
