110.0	2.0	19.703763000000002	17.871807	45.027294	52.163405	0.128671	0.326964	0.8309	0.188823	30.663852000000002	3.0	88.7932	11.093977	1.0	0.022685	5.057423	4.0	70.639492	15.088957	4.0	87.386329	61.19210699999999	5.0	0.01024	8.106227	1.0	55.66725699999999	2.929545	2.0	61.444671
215.0	2.0	93.16576500000001	57.779227	86.123463	60.010482999999994	0.584654	0.2976	0.140715	0.910264	52.959102	6.0	19.497142999999998	22.754383999999998	6.0	0.165706	13.878987	1.0	42.249316	0.45010500000000003	3.0	11.259815	65.457646	5.0	0.043669	12.950023	2.0	2.57213	6.102365	1.0	57.297467000000005
241.0	2.0	80.695148	34.777468	43.22937	52.474219999999995	0.10077799999999999	0.9113959999999999	0.66935	0.241774	6.146922	6.0	65.366271	2.282083	5.0	0.010440000000000001	4.396376999999999	6.0	87.741602	14.165598999999998	5.0	16.110639000000003	77.75620500000001	2.0	0.023507	11.085291999999999	4.0	33.378737	1.408272	3.0	26.911139000000002
322.0	2.0	54.277508	38.803277	22.607067999999998	99.682838	0.483547	0.6465420000000001	0.450118	0.61503	4.791551999999999	6.0	66.546555	8.714785000000001	1.0	0.014428999999999999	3.3735910000000002	5.0	25.208747	19.9606	1.0	4.36341	29.264694	1.0	0.341066	3.354858	3.0	97.194482	0.461951	5.0	90.774404
355.0	2.0	36.419658	72.304287	94.607098	91.322396	0.170308	0.9197040000000001	0.504074	0.228188	66.286801	5.0	44.303721	20.775475	5.0	0.0276	0.41526499999999994	5.0	38.098684999999996	19.9692	3.0	81.71495999999999	42.519433	4.0	0.083485	7.613746000000001	1.0	29.646157000000002	22.114998	1.0	31.549821
375.0	2.0	55.898092000000005	29.751883000000003	96.540736	46.805638	0.618309	0.572677	0.664196	0.418436	16.056703	5.0	75.692798	2.398545	6.0	0.020617	0.9823649999999999	2.0	13.96052	11.884682000000002	3.0	2.182441	17.256053	3.0	0.017963	10.722451	1.0	86.80136800000001	8.751891	1.0	80.224223
385.0	2.0	55.99881800000001	53.268741000000006	81.96173399999999	8.274773	0.953849	0.130438	0.316318	0.728248	41.574968	5.0	75.204215	16.944564	3.0	0.022009	11.610408999999999	5.0	97.720923	3.5175690000000004	6.0	1.734423	56.351992	3.0	0.26958499999999996	3.461908	3.0	18.683401999999997	22.092959	2.0	13.837576
387.0	2.0	97.38879	55.444966	58.895816	94.498827	0.9701930000000001	0.751708	0.172129	0.8873129999999999	60.845144	4.0	7.949789999999999	11.657114	3.0	0.015562000000000001	6.775921	5.0	70.019576	18.26269	3.0	8.114237	64.902012	2.0	0.026254000000000003	2.500724	1.0	35.512108000000005	14.317832999999998	5.0	40.666212
422.0	2.0	56.147087	51.779325	96.85913599999999	78.789917	0.9538110000000001	0.8688819999999999	0.11881800000000001	0.9827739999999999	20.990264	6.0	12.947503999999999	13.437817	3.0	0.26214899999999997	2.7194220000000002	3.0	89.433353	6.3144800000000005	4.0	43.897327000000004	71.971101	5.0	0.037341	6.363788	3.0	34.118488	4.47955	5.0	49.171195000000004
433.0	2.0	35.205208	33.790620000000004	55.130182	76.311548	0.18665299999999999	0.5071760000000001	0.233621	0.234025	54.077973	4.0	21.515886	0.674125	1.0	0.18648199999999998	12.449261	6.0	9.172079	14.103745000000002	1.0	38.898988	63.577309	6.0	0.026102999999999998	5.430966000000001	2.0	82.18078100000001	9.561093	2.0	13.157107
609.0	2.0	35.06391	77.43705600000001	35.669059999999995	86.573933	0.309282	0.5076649999999999	0.536136	0.9010440000000001	7.666385000000001	1.0	71.136269	18.097942	3.0	0.010089	7.0942300000000005	6.0	85.386526	12.686032	3.0	6.3554330000000006	8.140157	3.0	0.997811	5.072561	1.0	95.549208	22.156926000000002	6.0	53.820785
727.0	2.0	78.71641	54.30919599999999	79.325321	70.944211	0.71834	0.773964	0.145015	0.876289	73.60502199999999	1.0	57.84412	13.980091	1.0	0.010791	4.443185	5.0	52.429134999999995	20.207389000000003	3.0	4.028235	8.286142	1.0	0.019219999999999998	11.910149	4.0	6.858649000000001	1.169346	4.0	29.965326
735.0	2.0	83.917759	37.847284	52.400757	41.074063	0.44851899999999995	0.884115	0.683358	0.657173	24.350057999999997	5.0	79.483187	18.115089	3.0	0.016054	3.6078309999999996	6.0	64.018726	1.791985	1.0	73.00060400000001	69.433531	3.0	0.01105	10.713918	2.0	42.734047	2.1526490000000003	4.0	25.649648000000003
801.0	2.0	13.291226000000002	29.889844	81.12713199999999	72.733263	0.535025	0.263583	0.28181999999999996	0.618921	37.938296	5.0	74.066923	0.8531639999999999	5.0	0.166392	3.572336	5.0	61.460426	13.007091	2.0	59.177747	68.614352	3.0	0.016694999999999998	10.744761	5.0	10.938965	0.552502	2.0	45.414201
827.0	2.0	47.79253	43.990313	28.405084999999996	48.53946	0.23028	0.8552350000000001	0.357655	0.272246	10.725493	6.0	59.937757999999995	14.819320999999999	3.0	0.026139	2.822167	3.0	99.664958	1.559924	5.0	51.856902000000005	40.466978000000005	1.0	0.026722000000000003	3.0011970000000003	2.0	25.769524	11.406731	1.0	98.495554
937.0	2.0	32.485302000000004	58.969415000000005	57.563248	65.795447	0.47121999999999997	0.952217	0.74737	0.73028	4.647043	6.0	87.827177	3.832704	4.0	0.024206000000000002	1.390744	3.0	20.082962	22.309545999999997	1.0	79.42644200000001	50.72177	3.0	0.20702399999999999	1.034506	6.0	58.133125	5.307179	4.0	50.466521
960.0	2.0	14.745320999999999	77.561278	82.935423	10.386983	0.292865	0.706489	0.225963	0.389783	30.847352	4.0	44.29302	4.676316	3.0	0.07868	2.434528	3.0	56.67329599999999	15.843088	2.0	1.57657	24.000093	3.0	0.035479000000000004	6.15611	6.0	74.797129	7.159339999999999	2.0	16.631693
1000.0	2.0	90.446382	69.22515899999999	97.831343	61.574569999999994	0.676746	0.342404	0.701254	0.6036560000000001	5.926116	1.0	15.49651	7.566653	2.0	0.021535	8.412844999999999	5.0	52.779522	13.548561999999999	1.0	10.25055	71.327913	3.0	0.690639	13.224570000000002	5.0	24.968149	15.37995	4.0	64.20833499999999
1004.0	2.0	95.304572	56.359481	93.115379	67.012766	0.602631	0.94175	0.108731	0.624626	24.501264000000003	1.0	75.335921	12.391483000000001	3.0	0.013018	7.630762	4.0	25.002576	7.450097	5.0	77.929469	76.580986	6.0	0.074917	9.688827	3.0	23.883235	9.468939	4.0	90.431749
1005.0	2.0	43.938192	19.35976	49.645831	67.577743	0.10531700000000001	0.6624680000000001	0.551056	0.932815	64.359234	6.0	39.512253	14.777196	1.0	0.013925	5.354447	4.0	87.23169200000001	1.057056	1.0	35.901063	55.75349	5.0	0.06651499999999999	14.829279999999999	6.0	23.223941	15.436123	5.0	49.928646
1007.0	2.0	56.605656	74.860676	31.27429	41.915993	0.889719	0.820535	0.5837319999999999	0.680435	34.649297	6.0	16.703825	11.756849	2.0	0.084039	15.232238	1.0	23.963998999999998	1.106589	2.0	18.232008	9.554129	2.0	0.343526	0.565125	5.0	69.94983	20.620302	2.0	34.062168
1029.0	2.0	36.00159	27.678904	36.631127	37.360743	0.41779099999999997	0.422518	0.719863	0.23285799999999998	44.694686	1.0	58.390414	19.306486	1.0	0.156281	9.233825	5.0	36.159918	10.519881	5.0	6.1257410000000005	60.398713	6.0	0.074613	18.6287	1.0	37.861296	0.568599	4.0	98.840402
1182.0	2.0	55.875767	99.503989	64.883886	70.86328	0.229584	0.452618	0.575241	0.14799500000000002	5.658759	3.0	38.388016	22.908128	5.0	0.017799000000000002	2.891278	6.0	83.708864	16.195971	3.0	86.090182	24.620988	1.0	0.016835	2.992211	1.0	23.883083	9.691135000000001	1.0	44.794306
1243.0	2.0	89.551789	24.633015	79.93298	10.603942	0.762465	0.9123829999999999	0.112826	0.377742	51.967171	2.0	12.516841000000001	17.110816	6.0	0.012433	5.657277	6.0	36.709075	16.14854	1.0	13.068789	22.764927	2.0	0.018819	14.752269	3.0	2.399468	16.876786	5.0	3.698725
1312.0	2.0	97.616946	23.53538	90.655419	12.621927000000001	0.665755	0.46218100000000006	0.12390899999999999	0.400706	26.561007	6.0	85.98283599999999	13.541671	6.0	0.025838999999999997	2.13665	6.0	11.661487	4.629846	5.0	39.906453000000006	60.143961	6.0	0.022489	18.267789	4.0	59.784859	0.394704	4.0	2.880629
1374.0	2.0	76.254387	30.519528	77.981822	90.912503	0.782246	0.467369	0.750594	0.49524700000000005	8.167441	3.0	7.271139999999999	0.425159	5.0	0.151039	10.09039	5.0	91.20542900000001	21.479531	4.0	19.394957	28.625235999999997	4.0	0.058658	12.872828	1.0	3.3057440000000002	8.425142	1.0	78.853222
1446.0	2.0	37.77102	17.060654	77.34743	99.33329499999999	0.508954	0.540704	0.386513	0.44012799999999996	11.150928	2.0	63.267773	17.314912	3.0	0.084598	1.677293	2.0	91.905337	9.206174	5.0	12.020667999999999	49.7366	1.0	0.016829	17.847634	3.0	87.689825	0.722096	1.0	65.04724
1501.0	2.0	43.021007	30.298752	33.005884	63.937955	0.744001	0.628182	0.9969389999999999	0.401573	23.308982999999998	4.0	53.493674	10.311589999999999	5.0	0.10916400000000001	0.8629889999999999	2.0	8.880557000000001	21.345817999999998	6.0	1.545457	66.175202	2.0	0.026333999999999996	3.3571690000000003	6.0	49.257181	14.571029999999999	4.0	35.783825
1594.0	2.0	37.000103	73.60664399999999	65.73334	26.671471999999998	0.522871	0.865676	0.734483	0.9446620000000001	74.69086899999999	4.0	7.607135	20.349907	2.0	0.032839	17.945981	1.0	14.553414000000002	5.605951	6.0	6.202578	71.97128599999999	4.0	0.022199	13.437725	1.0	50.549592	12.250098	5.0	7.061291000000001
1627.0	2.0	99.806523	80.517663	35.454785	84.89834	0.23433400000000001	0.483055	0.306368	0.452603	36.841386	2.0	8.409365	20.052647	3.0	0.038613999999999996	12.910066	3.0	79.996041	10.079299	2.0	67.226754	70.443288	3.0	0.10134	17.608522	4.0	2.457928	4.710739	3.0	35.741116999999996
1657.0	2.0	85.21542600000001	48.160643	76.825997	78.87225600000001	0.6254890000000001	0.936858	0.524197	0.711845	30.114092	1.0	41.505179	8.963547	1.0	0.016527	9.430727000000001	2.0	6.212525	2.633883	1.0	87.80193299999999	51.146089	2.0	0.012028	2.1120259999999997	6.0	8.248496000000001	13.107791	3.0	68.285437
1781.0	2.0	53.514128	54.405882999999996	62.081967000000006	61.817291000000004	0.662697	0.327567	0.78695	0.194165	49.008117	5.0	58.995791000000004	14.85958	1.0	0.035567	0.5082770000000001	3.0	21.860032	1.870253	5.0	79.403468	76.397586	3.0	0.054278	0.568286	3.0	98.39335200000001	21.693839999999998	1.0	12.300805
1786.0	2.0	70.05442099999999	38.717693	51.71374	42.689458	0.936614	0.323728	0.5632010000000001	0.772856	66.439774	5.0	96.324262	9.474317	1.0	0.030920999999999997	3.8258129999999997	4.0	48.820407	16.407715	3.0	94.733474	60.986588	2.0	0.020375	11.016933	5.0	1.192926	1.255449	3.0	23.773796
1922.0	2.0	47.818222999999996	52.56920600000001	90.011108	78.52885400000001	0.298902	0.49013100000000004	0.60621	0.6625409999999999	45.100623999999996	6.0	32.829551	20.838110999999998	3.0	0.01615	2.879922	3.0	67.024525	0.362619	2.0	86.755822	63.532938	2.0	0.017588999999999997	13.632345999999998	4.0	25.081785999999997	17.058225	1.0	7.8641570000000005
1950.0	2.0	72.28119699999999	21.030006	25.062353	14.280864999999999	0.561517	0.553376	0.43353500000000006	0.685662	58.783643999999995	2.0	76.15536999999999	18.062147	5.0	0.016318	10.109942	4.0	86.748987	2.022094	3.0	1.554452	58.98781999999999	4.0	0.027652999999999997	18.355843	3.0	69.86201700000001	22.044964999999998	4.0	87.424234
1955.0	2.0	77.013205	25.260381	38.699546999999995	25.421789	0.702897	0.540508	0.27070900000000003	0.933582	10.010107000000001	4.0	71.107015	7.537839	2.0	0.011986	12.32678	1.0	84.373056	19.364704999999997	2.0	10.926758999999999	41.450706	4.0	0.033373	8.811755999999999	1.0	56.57396800000001	10.856782	1.0	90.006856
1986.0	2.0	39.813340999999994	34.571681	88.179351	79.48563399999999	0.314884	0.753869	0.105054	0.179541	15.799731	4.0	52.902294	5.919580000000001	4.0	0.161665	3.402942	4.0	33.017187	11.838042	4.0	60.351921	62.319396	6.0	0.08545599999999999	9.942337	4.0	43.488159	18.375542000000003	2.0	71.06371800000001
2130.0	2.0	88.60497	42.619474	84.981914	26.864206	0.6781520000000001	0.477814	0.28183	0.135473	66.652734	4.0	45.703773	13.08051	1.0	0.107025	2.772866	4.0	46.304717	8.011239	6.0	13.465531	76.71873000000001	5.0	0.021153	9.679186999999999	6.0	69.34055699999999	14.450104999999999	3.0	3.7597720000000003
2320.0	2.0	83.28214200000001	85.418864	96.39564	87.907263	0.283497	0.762921	0.741487	0.441651	30.007138	6.0	52.67321	18.019885000000002	6.0	0.061940999999999996	4.824275	2.0	91.720519	5.373158	2.0	92.447816	18.199171	1.0	0.024284	11.654717	4.0	34.815393	4.357197	1.0	57.268102
2326.0	2.0	87.561245	17.390956	33.735682000000004	46.052315	0.8489700000000001	0.301802	0.79371	0.780413	52.734976	1.0	74.902862	21.248595	1.0	0.058287	6.6939720000000005	4.0	85.678821	5.709427	4.0	5.073361	72.276138	4.0	0.019141	3.201884	3.0	86.1975	9.430294	4.0	1.8609950000000002
2363.0	2.0	35.030456	10.285603	64.24815500000001	3.268634	0.434692	0.392855	0.292215	0.908567	13.169912	2.0	43.504478000000006	4.613241	2.0	0.056623	13.788947	3.0	39.7682	19.187282999999997	2.0	14.456539999999999	46.087903000000004	6.0	0.037425	13.348144	2.0	64.944811	20.261843	5.0	13.533737
2420.0	2.0	36.644828000000004	66.44658100000001	96.414757	97.190189	0.777891	0.9446899999999999	0.346752	0.969499	45.151075	2.0	95.401163	16.599664	1.0	0.014569	2.9406380000000003	4.0	78.612658	17.496605	4.0	24.359776999999998	60.762314	5.0	0.05472899999999999	18.737198	2.0	32.455728	0.5389470000000001	2.0	54.430493000000006
2497.0	2.0	74.007116	24.38975	74.745322	83.187375	0.8550200000000001	0.321773	0.296306	0.581734	45.117895000000004	3.0	88.13893900000001	4.705267	2.0	0.034664	1.571534	2.0	80.782025	5.262512	1.0	58.488913000000004	46.461171	1.0	0.014487	2.4420990000000002	5.0	19.982775	14.471343	3.0	90.968209
2554.0	2.0	46.254591999999995	87.424971	81.752668	15.736942	0.199262	0.93374	0.293164	0.652414	71.27683499999999	3.0	70.96529699999999	14.333234	2.0	0.010647	11.533108	3.0	96.54556	2.206039	3.0	4.109438	68.185378	3.0	0.054644000000000005	7.268330000000001	3.0	73.09507099999999	14.659704999999999	1.0	4.52859
2572.0	2.0	88.42469200000001	13.945746	36.975351	83.64919499999999	0.161314	0.319369	0.198435	0.8843200000000001	4.294563	4.0	17.800829	5.85429	6.0	0.05149600000000001	8.962214	6.0	88.821382	21.604097	1.0	64.060997	44.726036	4.0	0.014662	15.773952	4.0	56.888867000000005	19.67663	2.0	1.492094
2633.0	2.0	43.271301	83.85518499999999	64.28370600000001	42.720535	0.43090600000000007	0.938908	0.17201	0.37601100000000004	62.043195999999995	2.0	63.099484999999994	23.090664999999998	1.0	0.021109	7.127227	6.0	4.400786	2.188374	2.0	47.529742999999996	23.223567000000003	6.0	0.028995999999999997	14.144617000000002	1.0	19.54864	4.305455	1.0	8.585017
2663.0	2.0	78.32991700000001	65.372629	89.881902	83.935462	0.31359000000000004	0.482092	0.27565	0.116975	23.132049	5.0	45.913665	17.334979	2.0	0.030760000000000003	9.026255	2.0	98.34460200000001	1.7165150000000002	1.0	28.476042	56.996016000000004	2.0	0.036891	15.650174	5.0	44.286966	5.833583999999999	5.0	73.962358
2688.0	2.0	41.726357	98.592649	35.58612	19.643607	0.44004799999999994	0.476933	0.257758	0.165898	72.63910600000001	6.0	82.336442	22.695127	5.0	0.023575	16.266547	3.0	60.935213	9.885032	5.0	6.0223949999999995	60.832643999999995	3.0	0.529792	18.185056	2.0	8.411299	5.120899	5.0	37.374221999999996
2847.0	2.0	79.626063	81.818167	86.40267	35.38012	0.8805200000000001	0.617178	0.11915899999999999	0.5247069999999999	11.386538999999999	1.0	71.452332	1.180137	2.0	0.021128	3.694028	4.0	49.20312	18.716819	1.0	21.516481	69.52513	3.0	0.060277	7.461285	6.0	72.408732	4.549466000000001	6.0	92.243342
2895.0	2.0	65.78485400000001	44.295846000000004	53.448593	74.039392	0.308731	0.6072489999999999	0.731654	0.353166	25.439375	3.0	66.504662	11.142804	2.0	0.055385000000000004	4.398809	2.0	30.573517	14.812644	4.0	31.704927	38.991141	1.0	0.019188999999999998	18.272604	6.0	8.129849	0.399063	5.0	89.116803
2899.0	2.0	50.955865	33.507386	75.91258	28.333304	0.6469189999999999	0.46648900000000004	0.405596	0.8595809999999999	51.5849	5.0	20.360265	7.726887	2.0	0.176558	3.633411	4.0	43.621057	3.557874	6.0	11.521056	53.232957999999996	1.0	0.017641999999999998	6.682767	2.0	47.653469	2.933491	2.0	29.100878
2922.0	2.0	37.557071	27.160507	82.354943	84.902732	0.554512	0.286184	0.12128299999999999	0.716735	60.093166000000004	3.0	22.431136	20.991820999999998	4.0	0.069642	2.6257509999999997	3.0	37.422402000000005	10.218982	2.0	4.459753	65.397137	4.0	0.052435	3.502126	6.0	79.419987	23.258748999999998	6.0	46.102137
2930.0	2.0	85.21434599999999	57.41891700000001	84.464701	86.531705	0.94316	0.17208199999999998	0.157917	0.563625	15.688049	4.0	36.077834	23.670015	1.0	0.020653	11.248917	6.0	84.747352	4.184874	6.0	10.179514	74.9981	5.0	0.021574	1.340368	6.0	16.051353	6.154646	5.0	2.4408990000000004
2959.0	2.0	34.843512	49.149638	89.190799	60.180324	0.45490699999999995	0.660608	0.7884369999999999	0.747799	71.55922	1.0	57.053138	5.698246	6.0	0.030132	4.1528220000000005	1.0	91.938824	1.439095	2.0	2.613612	32.67922	3.0	0.209873	11.650514999999999	3.0	66.846738	11.590026	6.0	70.812531
2987.0	2.0	46.582627	70.727752	41.524689	53.812580000000004	0.665212	0.273903	0.161386	0.5085350000000001	27.262273999999998	5.0	19.462754	11.732905	5.0	0.030161	3.148325	3.0	94.12659599999999	2.1120360000000002	6.0	5.004683	47.413706	1.0	0.023811000000000002	2.628787	4.0	66.87424	8.309072	4.0	40.857909
3014.0	2.0	19.510982000000002	86.568538	66.258799	23.652278	0.321121	0.328025	0.342624	0.79291	52.832205	2.0	38.866052	3.7167790000000003	3.0	0.097268	13.356416000000001	4.0	12.555607	2.037375	1.0	17.142032	39.789952	2.0	0.235486	15.884953	1.0	39.900166	16.71497	1.0	67.248412
3027.0	2.0	62.74995	88.934312	77.77176999999999	95.170712	0.132651	0.8467459999999999	0.24488200000000002	0.358622	39.27063	3.0	74.831978	14.627907	1.0	0.023152000000000002	14.682503	2.0	14.657029999999999	10.37083	3.0	13.200546	6.467351	1.0	0.060627999999999994	4.467816	1.0	27.893114	14.971248999999998	2.0	35.773109000000005
3090.0	2.0	48.348345	39.976341999999995	85.410216	82.641137	0.17898599999999998	0.731813	0.127354	0.897048	32.019394	3.0	3.8425629999999997	0.573765	4.0	0.017255	16.05414	4.0	27.3716	22.305946	2.0	55.985184999999994	70.907395	4.0	0.017692	6.490966	1.0	74.740376	18.222201000000002	4.0	70.454934
3100.0	2.0	2.5592	35.079175	31.177433	65.84344399999999	0.902775	0.115406	0.674633	0.615761	8.630744	4.0	96.59178299999999	18.1968	1.0	0.020433	0.68207	5.0	45.538833000000004	14.867436999999999	3.0	45.535728000000006	68.580956	1.0	0.01188	2.125321	2.0	21.970456	0.587122	2.0	80.807273
3101.0	2.0	43.343992	64.32449799999999	30.194805	73.26530799999999	0.751817	0.41700699999999996	0.651033	0.789384	32.074687	5.0	54.292297999999995	0.400801	2.0	0.10423900000000001	2.633111	4.0	24.783407	11.933243	1.0	82.740134	15.980502	3.0	0.277592	6.299869999999999	6.0	7.346855000000001	10.371739	2.0	4.576368
3205.0	2.0	60.77455	40.360219	91.557936	97.22213	0.302896	0.779025	0.628886	0.9380959999999999	60.346518	4.0	17.502319	14.581064000000001	4.0	0.01407	11.065085	4.0	92.353364	12.927097999999999	2.0	10.866743	63.154368000000005	6.0	0.016328	5.492535	1.0	91.521119	14.433001999999998	5.0	96.620311
3405.0	2.0	78.191762	49.669309999999996	65.515734	96.888595	0.149702	0.24713000000000002	0.286011	0.435352	39.759859000000006	4.0	74.487764	17.404004999999998	5.0	0.036994	9.153893	3.0	82.412601	10.53434	1.0	89.376707	75.911934	3.0	0.012827000000000002	3.5735650000000003	4.0	12.531421	18.087329	1.0	20.263301000000002
3461.0	2.0	74.59796800000001	23.641778	49.283609000000006	51.624931	0.955559	0.48501700000000003	0.598118	0.734603	43.773759000000005	1.0	6.622339	16.276292	2.0	0.012428	14.362188	5.0	25.945610000000002	14.254403	4.0	2.844625	59.13769	4.0	0.010185	15.821779999999999	4.0	52.964835	20.741011999999998	6.0	65.10940500000001
3485.0	2.0	71.230338	79.832261	66.31571600000001	65.726688	0.307633	0.879819	0.520423	0.376569	29.426726000000002	6.0	65.971875	5.138446	1.0	0.013456000000000001	0.698836	3.0	15.197104999999999	6.39003	3.0	36.514651	48.866331	6.0	0.812258	11.696981	2.0	84.813903	18.386414000000002	4.0	1.795873
3487.0	2.0	82.470747	30.695186	39.087315999999994	42.73365	0.37195500000000004	0.49453800000000003	0.779461	0.942212	19.217242000000002	6.0	17.339366000000002	6.686274000000001	1.0	0.031122000000000004	4.9604550000000005	6.0	34.749479	7.33046	6.0	97.519479	77.116977	4.0	0.072652	8.348186	6.0	1.3333110000000001	8.106864999999999	1.0	78.039888
3494.0	2.0	82.206767	37.692753	55.09911700000001	15.820286999999999	0.233923	0.8938889999999999	0.977979	0.140963	38.943688	4.0	33.123578	18.504533	5.0	0.023535	10.790495	5.0	2.139841	3.015674	5.0	70.704043	31.860915000000002	5.0	0.015246000000000001	13.080563	1.0	7.735328999999999	20.860339	6.0	6.407232
3538.0	2.0	96.634292	62.005549	39.043642999999996	53.66629399999999	0.10573699999999998	0.40223000000000003	0.371178	0.16078699999999999	64.508444	5.0	14.113776999999999	5.622601	5.0	0.04997	14.446588	4.0	81.929558	17.750257	4.0	31.678696000000002	15.784532999999998	1.0	0.015250999999999999	14.739668	4.0	22.610063	1.520303	2.0	64.770088
3615.0	2.0	76.194231	47.31445	86.426918	94.54245300000001	0.93156	0.956368	0.965258	0.445449	47.510618	4.0	94.222089	21.464756	1.0	0.010628	0.846232	1.0	74.040243	1.1593069999999999	3.0	30.524909	34.143214	6.0	0.176627	0.800508	3.0	70.456468	9.582403999999999	1.0	95.161603
3669.0	2.0	72.962138	91.212216	58.94775500000001	22.157429	0.474497	0.6661100000000001	0.5303979999999999	0.727169	26.794096999999997	5.0	36.163140000000006	11.197983	6.0	0.037429000000000004	6.267979	6.0	37.506321	9.027228	5.0	8.711866	3.754552	2.0	0.6909609999999999	5.730665	2.0	2.584363	3.5835559999999997	1.0	69.625559
3741.0	2.0	88.281591	15.370648000000001	53.44521700000001	67.738444	0.48331599999999997	0.443959	0.38137	0.9590770000000001	10.014959	3.0	77.87416999999999	11.10484	6.0	0.052580999999999996	4.213922	5.0	26.494621000000002	12.659099000000001	5.0	9.702973	67.506185	2.0	0.079319	1.802252	4.0	23.430225	22.458491	1.0	21.293572
3788.0	2.0	73.041363	54.72084	41.987974	15.343608999999999	0.30901300000000004	0.8565440000000001	0.187014	0.417407	66.49125	4.0	34.12189	10.822739	6.0	0.030307	15.447377	1.0	67.62666999999999	0.593128	1.0	83.410768	44.789876	6.0	0.023452	2.717142	6.0	51.710346	17.784534	5.0	15.231809
3805.0	2.0	68.583822	70.681629	73.540761	36.044098999999996	0.644647	0.461297	0.904543	0.340291	39.954685999999995	2.0	25.182287	21.773447	2.0	0.011851	7.520316	3.0	94.018834	21.954458	6.0	1.071094	17.686313000000002	1.0	0.257156	18.16865	2.0	7.607939	13.018984	6.0	71.006947
3851.0	2.0	89.835909	38.95324	25.735059	76.49613199999999	0.329338	0.351371	0.38234	0.7914720000000001	71.300246	6.0	37.43415	5.870953	1.0	0.148058	14.35409	4.0	77.49551	3.4378339999999996	2.0	14.24497	61.463113	2.0	0.046429000000000005	0.9253870000000001	3.0	83.02843	17.086776999999998	2.0	51.930727000000005
3927.0	2.0	23.990116	59.243644999999994	88.091186	9.751403	0.26751199999999997	0.795723	0.9877969999999999	0.11930299999999999	33.593525	1.0	47.369107	5.817892	2.0	0.031132	9.558757	6.0	19.701951	5.155743	2.0	3.205447	61.553341	2.0	0.010617	15.06	6.0	86.637337	20.335667	2.0	53.112109
3988.0	2.0	89.527538	29.332879	62.985358999999995	93.64339100000001	0.9774649999999999	0.44273999999999997	0.8536959999999999	0.518708	20.190436	2.0	11.720044	2.026033	4.0	0.020257	1.050166	6.0	35.364378	2.046663	5.0	18.229693	64.856522	2.0	0.01036	1.864475	4.0	1.499622	6.8241570000000005	4.0	60.946635
4034.0	2.0	44.792825	11.980225	56.521388	38.331934999999994	0.26543	0.252862	0.23461300000000002	0.227248	76.176971	2.0	32.613622	15.837525	6.0	0.023645	1.275126	1.0	55.950576	3.9010599999999998	2.0	15.410139000000001	62.504358999999994	3.0	0.033985	16.755758	5.0	85.56905400000001	20.919843	4.0	89.299452
4066.0	2.0	77.24239	92.82476	45.662224	31.830789000000003	0.8132020000000001	0.14569200000000002	0.181917	0.5418229999999999	47.995061	3.0	52.789212	14.301298999999998	3.0	0.135877	5.19909	6.0	55.688478	11.849502000000001	3.0	69.540144	45.102267	5.0	0.291856	4.380129	1.0	28.846345	2.712643	5.0	9.90216
4121.0	2.0	94.257009	52.856289000000004	57.83779200000001	64.20620600000001	0.811079	0.664721	0.607527	0.32676	20.803386	6.0	67.3716	14.425594	3.0	0.014744	2.1899919999999997	1.0	21.581485	4.449969	1.0	49.993859	21.419562	1.0	0.011561	1.241998	5.0	25.390494	8.056687	6.0	6.641014
4124.0	2.0	85.016064	11.834633	63.76955600000001	63.303891	0.191197	0.43858800000000003	0.192708	0.257934	3.8963900000000002	6.0	2.7943189999999998	11.401251	2.0	0.015697	11.108266	5.0	98.397263	21.252063	6.0	16.161285	43.075368	5.0	0.035338999999999995	13.240625	4.0	83.743122	20.138054	6.0	29.112314
4127.0	2.0	82.781348	27.887953999999997	24.052529999999997	38.96086	0.22796100000000002	0.834541	0.633506	0.574002	77.082166	4.0	14.578062	4.196528	4.0	0.01183	15.738156	5.0	76.478851	4.14877	6.0	1.9424540000000001	23.863570000000003	1.0	0.013806	13.277868	4.0	32.202794	13.57391	3.0	34.094228
4180.0	2.0	34.893713	89.357112	81.759928	13.280883	0.279879	0.671113	0.14241900000000002	0.559028	28.897392	5.0	32.555217999999996	12.12102	1.0	0.012508	17.759829	2.0	16.981707	0.41115799999999997	5.0	1.15919	62.253822	3.0	0.020391	18.259014999999998	1.0	62.467551	8.909529	1.0	88.8284
4205.0	2.0	48.234039	44.991959	27.529116	62.175929000000004	0.846176	0.966276	0.197568	0.53269	9.922398	3.0	61.352527	1.623376	5.0	0.05027	2.1177029999999997	6.0	71.95801999999999	10.852324000000001	5.0	81.144932	61.887865000000005	3.0	0.010354	1.358467	4.0	16.127202	6.684659	5.0	6.408258
4393.0	2.0	17.85437	22.08721	67.392177	61.064820999999995	0.507684	0.240617	0.580797	0.953885	19.028351999999998	3.0	85.019616	9.138993	2.0	0.036081	1.549866	1.0	55.677012	4.238023	5.0	5.862442	53.0823	4.0	0.01141	8.842384	3.0	1.79967	1.2339879999999999	3.0	96.071001
4538.0	2.0	86.53367	21.537596	62.206239000000004	54.041513	0.17078800000000002	0.317035	0.619838	0.13105899999999998	6.303903	3.0	87.490659	9.748835	2.0	0.028266000000000003	14.174995999999998	6.0	37.152184999999996	7.861985000000001	1.0	28.753528999999997	47.228045	1.0	0.22189699999999998	3.6218239999999997	6.0	70.99339599999999	18.588915	2.0	88.018086
4681.0	2.0	93.733323	59.623436	99.782834	31.932040999999998	0.19419	0.5255029999999999	0.168653	0.461323	53.034449	4.0	84.48949	20.295904999999998	4.0	0.024672	1.119126	3.0	65.96775600000001	0.646983	2.0	33.558479	74.217481	1.0	0.016273	2.871012	4.0	9.755604	12.559650999999999	5.0	5.26548
4693.0	2.0	33.21718	54.388239	27.667066	77.246904	0.661892	0.9381229999999999	0.679272	0.474754	53.086755000000004	6.0	99.49902900000001	5.670243	6.0	0.215509	0.9181790000000001	2.0	82.934824	2.1229880000000003	1.0	58.824344999999994	76.15861899999999	1.0	0.018372	2.330798	4.0	3.325218	8.367827	5.0	12.451611
4698.0	2.0	28.529801000000003	35.039958	30.521036	88.243708	0.127911	0.633402	0.624471	0.781526	48.610209999999995	3.0	13.147495000000001	22.497732	2.0	0.012405	4.081051	3.0	7.097397999999999	2.119303	1.0	67.570125	44.988958000000004	4.0	0.022940000000000002	4.966818	1.0	88.96329300000001	11.555789	2.0	80.135072
4793.0	2.0	7.206134	46.873483	16.682351	1.4867139999999999	0.132322	0.5957720000000001	0.267181	0.113774	60.976841	6.0	9.244142	22.373031	2.0	0.011954000000000001	8.251503999999999	5.0	31.000883	4.68749	1.0	6.411072	71.491573	1.0	0.044269	6.144549	4.0	23.851729000000002	11.358118	1.0	33.598923
4856.0	2.0	54.086529000000006	79.615936	51.141901000000004	87.18151800000001	0.832676	0.36633699999999997	0.9713809999999999	0.432708	25.102147	5.0	17.39092	21.689623	3.0	0.613056	18.035058	6.0	97.12335300000001	1.150896	5.0	88.566824	44.252103999999996	1.0	0.10398299999999999	17.515607	4.0	70.069828	0.28116599999999997	1.0	92.230201
4860.0	2.0	65.67348199999999	46.082161	73.41826800000001	73.858599	0.155897	0.735173	0.30573	0.580129	65.707	4.0	31.526526	21.928594	5.0	0.351298	18.236653	3.0	60.694106000000005	11.366072	1.0	44.252123	45.595022	1.0	0.013692	3.742718	2.0	66.859549	15.425764000000001	6.0	6.313468
4945.0	2.0	33.232631	43.984081	46.109638000000004	36.535468	0.197724	0.324918	0.161162	0.831414	11.878888	3.0	60.075208999999994	4.832075	4.0	0.017757	2.423868	4.0	40.277611	9.134808999999999	5.0	72.50904399999999	73.778743	1.0	0.011076	1.7051599999999998	6.0	63.030657	6.656944	1.0	60.84134
5107.0	2.0	36.136953000000005	51.131906	90.035943	35.649183	0.290455	0.507405	0.10739100000000001	0.530439	59.749796999999994	4.0	5.479446	8.768382	1.0	0.010523000000000001	12.381584	2.0	4.876841000000001	18.074054	2.0	15.978214000000001	18.340349	1.0	0.022267	2.470935	5.0	44.731499	8.380134	4.0	34.461914
5297.0	2.0	86.4681	36.962127	46.337848	88.973549	0.874697	0.8977209999999999	0.125496	0.5274909999999999	14.168486999999999	2.0	38.090013	12.72556	4.0	0.018894	10.567472	3.0	57.211380000000005	13.498878	5.0	23.63806	57.858952	6.0	0.024367	1.02872	4.0	40.002012	17.988125	6.0	86.494487
5355.0	2.0	75.959816	38.261731	88.202179	81.53855	0.20085799999999998	0.703194	0.258492	0.298168	17.573658	1.0	21.149638	20.79699	4.0	0.034682	4.143683	6.0	78.980435	22.781993	6.0	14.726069	75.436945	6.0	0.011134999999999999	6.621525	3.0	89.690708	20.931728	2.0	74.952176
5378.0	2.0	49.862534000000004	38.490171000000004	79.887168	22.873764	0.684864	0.7783100000000001	0.11023599999999999	0.933535	69.82135500000001	5.0	68.993018	9.288905	5.0	0.018084	2.360162	4.0	10.764582	21.322684	5.0	25.322785	46.399284	6.0	0.07276200000000001	13.554669	4.0	72.793144	21.571084	5.0	43.862322999999996
5414.0	2.0	25.131511	38.560542	76.083297	24.8585	0.16986199999999999	0.790687	0.11708199999999999	0.48221499999999995	66.108463	1.0	13.853449	6.514824	5.0	0.032780000000000004	16.786863	4.0	6.7025369999999995	7.043723	1.0	53.663596999999996	73.214614	5.0	0.7431270000000001	10.440719999999999	4.0	14.22309	14.163796	4.0	21.66814
5428.0	2.0	91.595765	22.479607	92.816949	42.730678000000005	0.586607	0.43168999999999996	0.21737800000000002	0.764317	60.73744	3.0	67.196875	15.992207999999998	1.0	0.18424000000000001	8.069362	5.0	53.910554000000005	12.539338	1.0	5.594835	7.975989	4.0	0.041039	5.662797	1.0	16.936045	5.244377	2.0	24.176568
5482.0	2.0	63.720092	62.644114	87.146733	54.56245500000001	0.23702399999999998	0.891632	0.119851	0.174921	48.154354999999995	6.0	91.49559	9.811083	5.0	0.038114999999999996	0.251226	4.0	82.79849200000001	19.756462	1.0	94.109521	35.725025	5.0	0.022882	7.4553009999999995	2.0	56.222097	16.168955	2.0	32.623697
5490.0	2.0	72.25005300000001	69.155405	59.045246999999996	12.460367	0.605961	0.896202	0.835988	0.7039569999999999	50.698928	3.0	24.391222	14.561459	6.0	0.011535	9.539031	5.0	53.182792000000006	6.705017	4.0	60.673274	76.36757	2.0	0.087998	0.498062	1.0	55.83681899999999	4.650354	2.0	4.296863
5503.0	2.0	98.000793	38.691345	55.12937900000001	65.53303299999999	0.555029	0.899958	0.663243	0.242238	42.414225	3.0	80.345899	11.509310000000001	2.0	0.051536	1.1771559999999999	1.0	17.674297	9.762169	2.0	88.162914	40.488982	5.0	0.013433	11.963063	1.0	40.657135	18.375999	6.0	9.479797
5573.0	2.0	62.716871999999995	95.552104	95.243921	40.777651	0.553508	0.782431	0.404886	0.582325	29.719185999999997	6.0	63.009956	4.680998000000001	1.0	0.044371	4.194964	3.0	40.236852	11.442556	6.0	8.689125	65.839935	3.0	0.065527	14.248584	1.0	4.1430620000000005	4.610254	1.0	88.731325
5605.0	2.0	74.125765	51.572671	93.358049	17.897021	0.22270700000000002	0.9958799999999999	0.12177400000000001	0.11799000000000001	56.089259999999996	4.0	65.212665	22.959160999999998	1.0	0.035491	10.605361	3.0	5.316987999999999	8.82474	2.0	7.059857000000001	32.850215999999996	2.0	0.020390000000000002	12.806286	3.0	93.31979799999999	18.89112	6.0	59.190006999999994
5935.0	2.0	97.13777900000001	78.36658299999999	66.003103	92.451441	0.7736890000000001	0.727126	0.67432	0.519629	24.910788	6.0	50.877209	5.498098000000001	2.0	0.030594999999999997	1.7912869999999999	2.0	58.647075	2.428594	2.0	7.222053	68.96588	5.0	0.021842	4.5392019999999995	3.0	69.059475	11.709116	6.0	20.301899
5982.0	2.0	81.252011	45.549208	62.020091	88.17333	0.131795	0.8910819999999999	0.20948699999999998	0.34437	69.608374	6.0	83.026822	12.165032	3.0	0.452524	11.026342999999999	6.0	25.104009	20.725571	5.0	42.276232	55.04383000000001	1.0	0.012856	2.347982	6.0	88.768703	23.200685	3.0	72.31781
5997.0	2.0	69.011101	81.636905	89.979913	41.828099	0.78245	0.184863	0.46227700000000005	0.711357	73.163111	4.0	14.193874	19.184739	2.0	0.022938	4.531332	6.0	78.70185500000001	16.853286999999998	2.0	47.153174	57.166612	1.0	0.039395	0.383354	1.0	12.032242	14.082854000000001	3.0	14.256654999999999
6021.0	2.0	63.679929	15.805225	73.197925	52.8199	0.633968	0.568199	0.425407	0.757074	7.971133	4.0	60.311262	10.813279	2.0	0.013489	0.335303	3.0	74.180066	16.674027	6.0	96.824391	34.793281	2.0	0.016177	0.46631000000000006	3.0	1.279519	14.5264	2.0	48.484252000000005
6121.0	2.0	39.518018	86.30684000000001	73.523051	64.389816	0.139708	0.39332	0.7158359999999999	0.22941999999999999	75.576234	3.0	94.430239	4.541294000000001	1.0	0.013309	8.052427	2.0	16.402810000000002	19.033932	3.0	26.180369	69.07026	4.0	0.021769	15.874970000000001	1.0	2.438528	6.578867999999999	1.0	28.509489000000002
6209.0	2.0	50.729579	94.207166	75.556362	22.066408	0.11188699999999999	0.905726	0.132242	0.545203	14.015153	3.0	65.981275	21.249102	6.0	0.276482	13.106086	3.0	75.12315799999999	21.391977999999998	3.0	3.7305	17.836292	5.0	0.666085	11.327886	2.0	53.718959999999996	3.047149	6.0	6.128241
6216.0	2.0	77.74748699999999	32.673761	50.180678	23.840301	0.8786200000000001	0.684296	0.343093	0.5936739999999999	42.054325	6.0	66.06732	9.242014	2.0	0.036528	6.700234	5.0	91.640603	3.7172449999999997	2.0	15.222051	41.198337	6.0	0.045291000000000005	18.659651999999998	1.0	51.11223	12.149939	6.0	5.189343
6456.0	2.0	89.324787	72.682056	96.945789	98.48794699999999	0.573477	0.785062	0.80769	0.8548100000000001	33.584610999999995	2.0	63.182439	5.84048	1.0	0.061309	7.073128	4.0	59.807101	4.17529	3.0	5.803086	37.775397	2.0	0.540311	2.4233130000000003	5.0	53.811101	21.491796	1.0	62.593451
6656.0	2.0	83.830573	6.727492	85.545373	7.924805999999999	0.948118	0.14232899999999998	0.801762	0.919532	41.385979999999996	6.0	67.96578199999999	17.810328	4.0	0.010478	9.904778	4.0	75.367774	17.799032	3.0	26.863228000000003	58.922610999999996	6.0	0.10613299999999999	2.721334	3.0	60.49344	0.753883	2.0	69.65261600000001
6689.0	2.0	39.37278	33.424861	98.649069	39.813515	0.460815	0.398096	0.35536599999999996	0.589547	22.270417000000002	3.0	1.423745	12.530833	3.0	0.022588999999999998	14.323768	6.0	53.46054300000001	0.516424	5.0	20.981622	48.112139	1.0	0.111023	7.886145	6.0	83.09293100000001	23.531755	4.0	52.025921999999994
6717.0	2.0	65.012438	21.977539	23.370566	80.602587	0.166304	0.589481	0.101504	0.27877399999999997	15.21294	3.0	9.174892	21.936814000000002	2.0	0.059836	11.599295	3.0	31.071170000000002	9.926426	2.0	45.957952	13.488783999999999	1.0	0.015241999999999999	5.514163	3.0	50.842662	21.912657	3.0	12.231233
6719.0	2.0	64.555368	52.135631	91.668463	50.514157	0.395654	0.718666	0.22164	0.870482	25.341010999999998	4.0	84.548085	17.076677	5.0	0.013081	0.834685	3.0	13.940973999999999	16.971491	4.0	78.614375	69.99221	4.0	0.040788	11.339257	1.0	62.509108999999995	5.082687	4.0	2.866918
6807.0	2.0	51.745501000000004	99.536115	51.364515000000004	76.506598	0.365744	0.816239	0.148255	0.523861	77.12587099999999	3.0	54.97323000000001	18.579129000000002	1.0	0.0155	9.457927	6.0	96.358419	5.685203	1.0	40.150067	65.023578	1.0	0.017905	0.194601	2.0	14.862909	6.897433	1.0	19.145219
6858.0	2.0	89.678846	17.887816	40.743916999999996	43.362794	0.954095	0.43268500000000004	0.754206	0.317255	8.198322000000001	3.0	43.342793	2.087123	5.0	0.091337	1.646195	5.0	91.52976600000001	7.996644	1.0	20.652960999999998	55.741878	4.0	0.01411	0.766374	4.0	78.284525	4.5182519999999995	1.0	60.106159999999996
7101.0	2.0	59.733013	20.227171	70.331643	32.987907	0.676358	0.629092	0.45625299999999996	0.438708	10.790004	2.0	51.129682	8.784937	1.0	0.050925	4.207311	5.0	63.820060999999995	21.090269	1.0	42.891044	76.13422800000001	3.0	0.015116999999999998	12.26702	1.0	1.329377	8.569442	1.0	83.75922800000001
7109.0	2.0	59.21246800000001	57.337362	93.306713	95.34088	0.239837	0.689909	0.265146	0.599708	32.632815	2.0	63.07003100000001	23.672712	6.0	0.6149220000000001	7.4365	6.0	80.244777	7.758505	3.0	55.871483999999995	64.429742	5.0	0.01925	16.940467	1.0	5.417947	14.366195000000001	1.0	85.961761
7129.0	2.0	72.823923	47.251025	74.864979	85.200159	0.471814	0.510691	0.975975	0.635991	45.807465	6.0	58.691838	21.041622	1.0	0.011317	5.426183	2.0	77.220987	8.387356	3.0	36.743882	66.08085799999999	1.0	0.014819	4.2167010000000005	6.0	13.470951999999999	7.122708	1.0	58.307974
7236.0	2.0	26.656153999999997	44.399899	13.3487	88.522013	0.402953	0.465059	0.45645699999999995	0.10585399999999999	31.08598	3.0	43.952794	22.550898	1.0	0.034361	4.151551	2.0	90.957262	8.759769	3.0	93.419513	77.402884	2.0	0.010163	17.863085	1.0	23.817229	16.251728	2.0	27.133987
7320.0	2.0	17.743154999999998	38.813278000000004	75.656798	17.717901	0.6802090000000001	0.852037	0.7914859999999999	0.43947700000000006	16.373673999999998	4.0	52.43502900000001	13.449429	1.0	0.015388999999999998	16.848981	6.0	74.799939	12.098074	1.0	6.639800999999999	68.09581899999999	6.0	0.012583	0.47194200000000003	5.0	71.441238	23.255989000000003	4.0	42.06711
7334.0	2.0	31.425718	57.90984399999999	66.885323	92.433706	0.810334	0.191376	0.24939899999999998	0.964909	7.678451	6.0	34.68548	14.574034	3.0	0.014515	4.730123000000001	6.0	35.754864000000005	21.548214	6.0	4.029389	41.832254	1.0	0.091397	14.736904000000001	3.0	83.57928299999999	3.843393	4.0	72.255013
7342.0	2.0	48.244442	34.972184000000006	51.530265	87.30918199999999	0.221311	0.419562	0.79442	0.315344	16.117410999999997	5.0	71.408275	4.212084	1.0	0.010909	9.549095	1.0	36.778123	6.308093	4.0	57.35038	64.299716	4.0	0.015546	12.799076	5.0	17.011104	6.832333	1.0	63.235004
7428.0	2.0	31.187229	52.418133000000005	94.798755	99.69189899999999	0.723859	0.94268	0.47577700000000006	0.9513159999999999	3.115703	2.0	75.959296	7.8230759999999995	4.0	0.022622999999999997	11.325567999999999	2.0	59.382188	11.28732	5.0	6.887975999999999	65.66601700000001	5.0	0.03721	1.114083	3.0	80.369837	19.455223999999998	3.0	99.758753
7431.0	2.0	95.21590400000001	55.983402000000005	99.7058	44.542524	0.11754400000000001	0.9417270000000001	0.11669700000000001	0.359363	26.353164000000003	5.0	79.565914	19.71615	4.0	0.011342	4.738178	6.0	79.379522	8.210011999999999	2.0	51.33285	24.791524	2.0	0.014741999999999998	1.026275	1.0	67.619381	3.600488	3.0	49.925733
7503.0	2.0	42.972365	32.594851	64.423675	74.36058	0.136464	0.9990950000000001	0.8822559999999999	0.618041	17.967164	3.0	30.667178000000003	3.713225	2.0	0.045888	4.02617	4.0	89.275582	1.7303099999999998	1.0	67.980172	13.461879000000001	2.0	0.013708000000000001	9.214228	4.0	93.174022	19.517128	2.0	4.549942
7575.0	2.0	29.003559000000003	13.382079999999998	28.641060999999997	16.777289	0.712832	0.35133400000000004	0.19400599999999998	0.585921	1.8834810000000002	1.0	83.78975600000001	5.461544	4.0	0.025241	2.403569	5.0	50.503071000000006	8.897897	4.0	6.666217	56.453848	4.0	0.120901	5.88693	6.0	60.068288	11.5711	4.0	35.643117
7598.0	2.0	53.821836	64.312425	85.55384699999999	56.152728	0.346542	0.422349	0.22175799999999998	0.9547530000000001	67.49400200000001	3.0	37.209105	11.568269	2.0	0.067724	7.013658	5.0	99.223795	4.8662019999999995	1.0	49.064739	56.03793	3.0	0.010071	11.297553	1.0	42.368442	5.526244999999999	2.0	26.703791
7804.0	2.0	99.255913	91.027148	73.40191300000001	39.097127	0.48140200000000005	0.9257770000000001	0.9639110000000001	0.7586390000000001	77.671052	5.0	56.503443999999995	13.883819	1.0	0.09226000000000001	5.1624099999999995	2.0	92.5341	17.923867	2.0	18.949959	6.813108000000001	6.0	0.433899	2.020718	3.0	74.8572	9.310245	1.0	69.379543
7921.0	2.0	27.514024	73.313351	69.328564	59.046029000000004	0.327947	0.6943739999999999	0.429533	0.774967	63.430753	2.0	93.901264	14.327422	5.0	0.011207	2.446149	1.0	85.041597	23.087958999999998	3.0	2.471807	52.220093	1.0	0.011937999999999999	2.787866	1.0	82.840204	16.79676	4.0	32.29177
7988.0	2.0	83.233008	33.672153	38.904426	69.542907	0.218952	0.285654	0.9382879999999999	0.302852	46.704378000000005	3.0	57.964925	8.037995	2.0	0.016016	2.4829380000000003	4.0	9.244813	18.010382999999997	1.0	68.686976	52.884629000000004	1.0	0.040287	7.614613	1.0	15.557970000000001	20.511704	1.0	57.053684999999994
7992.0	2.0	92.157191	18.863061	62.998325	70.496879	0.858949	0.23186700000000002	0.16472799999999999	0.8577799999999999	3.32176	1.0	50.125840000000004	22.430121	5.0	0.026647000000000004	10.94726	2.0	9.036882	21.303373999999998	5.0	2.700396	25.814869	6.0	0.064011	16.065154999999997	5.0	33.733129	3.5442110000000002	1.0	1.585761
8130.0	2.0	67.42491700000001	25.309521	49.456855	36.205281	0.48673999999999995	0.442572	0.8320870000000001	0.21415599999999999	49.118402	1.0	73.594886	10.990622	6.0	0.011552	18.591629	5.0	86.100676	1.210349	1.0	89.92811	66.673794	2.0	0.010187	16.733197	4.0	4.374280000000001	11.16835	5.0	51.470667
8196.0	2.0	87.044724	31.537901	35.063753000000005	82.353375	0.975823	0.9729709999999999	0.365031	0.427188	50.28277	3.0	89.48769	18.930114	2.0	0.058974	0.216209	5.0	10.516934	14.531042999999999	4.0	7.647108	60.835541000000006	6.0	0.027016000000000002	4.569108	6.0	29.142571000000004	11.740706	3.0	49.854414
8246.0	2.0	92.385971	25.411552	80.086492	85.488247	0.40928600000000004	0.386327	0.685772	0.37753200000000003	66.56367900000001	2.0	14.519136999999999	2.5244240000000002	3.0	0.012952000000000002	1.8742590000000001	3.0	16.858153	8.509997	4.0	1.2791629999999998	7.8414850000000005	1.0	0.034408999999999995	12.093	3.0	82.739046	18.781852	6.0	23.670962
8531.0	2.0	59.387795999999994	75.149176	50.017412	38.732622	0.6899430000000001	0.815492	0.269355	0.773856	46.057743	3.0	99.37469899999999	17.682126	5.0	0.013781999999999999	0.9951780000000001	3.0	26.75872	14.611403	6.0	1.249903	39.943248	2.0	0.010215	2.806156	4.0	31.617062	18.897657000000002	5.0	10.604941
8580.0	2.0	78.935344	41.797774	78.67296800000001	75.47343599999999	0.832707	0.43317799999999995	0.367896	0.191065	11.963455	3.0	66.364947	22.563295	1.0	0.176305	14.952691	5.0	42.049054	20.226606	6.0	79.428794	76.743073	1.0	0.039268	17.688952	1.0	65.096909	1.546604	6.0	11.656145
8591.0	2.0	52.526252	22.080196	28.945846999999997	77.741698	0.12629	0.347073	0.370051	0.210403	37.078039000000004	5.0	18.387504	9.395010000000001	2.0	0.098829	5.350333999999999	2.0	42.570985	3.5845	5.0	23.201013	42.506997999999996	4.0	0.016296	3.7981239999999996	2.0	10.40627	1.8255240000000001	6.0	43.489768
8609.0	2.0	66.272602	35.699374	43.148134999999996	96.045035	0.30746799999999996	0.437411	0.7717149999999999	0.187905	15.638422	4.0	41.054517	23.007495000000002	4.0	0.027306	2.8389029999999997	4.0	46.534414	18.63513	2.0	40.536502	74.320363	3.0	0.017644	1.9887099999999998	1.0	52.631417000000006	16.415399	2.0	48.132611
8613.0	2.0	55.470628000000005	24.832251	95.008152	13.231136	0.418756	0.43003900000000006	0.11395999999999999	0.189452	3.1148029999999998	6.0	60.288273	7.965909	2.0	0.011504	15.846685999999998	6.0	24.677526999999998	1.2090379999999998	6.0	45.388479	57.841223	3.0	0.08885599999999999	5.541963	4.0	40.243233000000004	18.297601999999998	5.0	51.871539
8666.0	2.0	61.211904000000004	41.569565999999995	88.771733	13.323941	0.39323800000000003	0.513528	0.74634	0.327352	46.756029	6.0	58.18249599999999	13.948846	1.0	0.037551	16.374554999999997	1.0	85.468625	0.683017	1.0	92.320809	50.903197999999996	4.0	0.011983	0.594192	4.0	25.286328	5.277488	1.0	72.57599300000001
8695.0	2.0	56.221872	56.854479000000005	86.87270600000001	34.146444	0.648107	0.705706	0.191822	0.558871	34.975854	5.0	46.191609	4.766051999999999	1.0	0.037972000000000006	9.40878	1.0	62.720889	1.1274520000000001	1.0	76.329544	59.099881	1.0	0.030770999999999996	2.790004	5.0	67.667294	18.704179999999997	2.0	50.839279
8700.0	2.0	97.493313	27.494053000000005	46.247401	13.698804999999998	0.227278	0.878872	0.11238900000000002	0.899349	30.773818	4.0	86.419537	5.3338470000000004	6.0	0.010921	12.344617	5.0	81.27539	7.773577	2.0	36.420066999999996	62.259673	3.0	0.011788	7.188262	4.0	99.564084	19.630896	6.0	59.381917
8730.0	2.0	86.846244	69.45893199999999	97.82544	22.18485	0.5634979999999999	0.5870380000000001	0.23638299999999998	0.97709	28.967176000000002	6.0	35.194283	18.265183	6.0	0.018762	3.7072190000000003	5.0	15.164128	19.344027	4.0	55.054667	75.81618	3.0	0.056285	0.61703	3.0	53.044216000000006	3.781191	5.0	14.288976000000002
8741.0	2.0	51.025247	41.240426	99.029326	75.630567	0.42003599999999996	0.775309	0.13605599999999998	0.740215	18.827288	2.0	16.727818	11.802501	2.0	0.057833	4.112734	6.0	29.966708	15.670651000000001	6.0	40.850725	28.526037	4.0	0.101023	2.809727	4.0	61.280579	23.510645	1.0	51.122391
8964.0	2.0	85.045244	78.07555699999999	56.85505	95.816408	0.46638999999999997	0.464034	0.30203	0.8257190000000001	36.681871	4.0	43.856512	7.722065	4.0	0.086447	16.386533	4.0	10.574639999999999	6.692301	2.0	1.515264	5.271966	2.0	0.16196300000000002	15.936956	4.0	94.876187	12.911298	4.0	18.794307999999997
9011.0	2.0	42.321255	79.816903	83.337868	68.477347	0.933492	0.414811	0.172501	0.30599499999999996	1.1755659999999999	2.0	70.78210899999999	12.931273	1.0	0.015179	17.906662	6.0	72.53177	22.307883	2.0	13.6636	18.710898	1.0	0.150881	6.632577	1.0	85.730805	22.732788	4.0	80.139738
9134.0	2.0	61.644785999999996	46.596509999999995	70.451657	80.484915	0.5106609999999999	0.26203200000000004	0.139324	0.150513	39.912221	3.0	43.568625	16.033944	2.0	0.012052	0.362661	4.0	14.603285999999999	14.719983	6.0	2.099253	5.4559	5.0	0.040766000000000004	8.517968	2.0	41.479613	12.032942	4.0	90.256578
9151.0	2.0	74.313857	12.072942999999999	76.672051	25.080089	0.11723499999999999	0.231697	0.845974	0.21206999999999998	31.733296000000003	6.0	63.716021999999995	1.632973	3.0	0.041324	1.389912	3.0	32.240406	1.9162099999999997	1.0	21.361273999999998	37.612059	1.0	0.01193	0.368585	1.0	48.409713	16.513519	1.0	7.107678
9243.0	2.0	86.29675999999999	65.05018299999999	16.308435	84.353672	0.104477	0.433044	0.15651400000000001	0.7440939999999999	78.284974	2.0	10.18016	7.519067999999999	6.0	0.05317	16.390759	6.0	97.827838	3.2284919999999997	3.0	41.132818	71.337675	1.0	0.015802	10.052746	4.0	1.428256	7.865289999999999	4.0	42.132422
9335.0	2.0	53.848299	75.641715	67.954013	39.0763	0.537633	0.546718	0.14999400000000002	0.376307	18.88363	5.0	90.439563	12.384763000000001	1.0	0.012319	7.415551	6.0	72.936522	8.516175	1.0	17.099899	17.972633	2.0	0.029883	4.507409	1.0	1.149894	18.968073999999998	1.0	46.419379
9414.0	2.0	30.577187	97.13186999999999	94.645938	52.45762	0.619233	0.772526	0.264998	0.556546	12.976780999999999	5.0	26.625277	6.847421000000001	3.0	0.022005	5.8375010000000005	2.0	88.542613	6.159419000000001	2.0	75.19949799999999	75.374136	4.0	0.053814999999999995	2.159166	5.0	2.34386	11.92553	6.0	32.038361
9473.0	2.0	95.010304	78.813198	70.009619	78.448797	0.714625	0.81101	0.327322	0.733453	11.946612	6.0	13.815872	6.731611999999999	1.0	0.160252	17.776684	6.0	72.76346	1.909884	1.0	95.069375	12.676395	1.0	0.018483000000000003	11.778647	1.0	5.310026000000001	23.401705	1.0	6.953477
9554.0	2.0	80.161563	59.750642000000006	83.046823	56.592943999999996	0.544192	0.41007200000000005	0.672389	0.861368	33.782486	2.0	32.118821000000004	1.7338349999999998	1.0	0.039033	4.83244	6.0	92.510758	8.187138000000001	1.0	23.516025	50.377111	2.0	0.016405	16.24214	1.0	40.891549	1.8748790000000002	1.0	94.265303
9586.0	2.0	61.155384	88.368425	34.877476	75.782525	0.43479799999999996	0.8841829999999999	0.799845	0.28231799999999996	34.642696	5.0	10.903078	12.660776	6.0	0.084598	5.537878	6.0	21.198234	23.281499	6.0	48.380371000000004	75.148859	2.0	0.012288	0.478545	1.0	91.57311	11.494444999999999	2.0	64.03939799999999
9670.0	2.0	67.756275	25.54162	89.558102	60.202124	0.7820159999999999	0.603584	0.122495	0.878502	18.338629	1.0	71.94626	6.4946019999999995	6.0	0.046163	15.119001999999998	5.0	52.976392000000004	0.91958	2.0	92.033546	48.082498	5.0	0.08272	13.738467000000002	1.0	28.502607	9.546583	4.0	35.998374
9782.0	2.0	53.68516999999999	94.734687	79.285457	37.837978	0.7375010000000001	0.9025860000000001	0.465154	0.654262	46.399532	2.0	11.883379	17.703452	1.0	0.012961000000000002	9.373521	4.0	36.321348	2.173594	6.0	21.714177	56.895714	1.0	0.049811	5.89958	6.0	17.859702	0.420038	2.0	91.079941
9875.0	2.0	76.896096	44.239845	66.296925	22.446967	0.206952	0.388779	0.272511	0.410944	53.911189	5.0	87.920264	6.4169220000000005	5.0	0.011866	2.791466	4.0	74.16334599999999	2.4754509999999996	2.0	98.681545	47.476177	4.0	0.014862	16.204507999999997	5.0	2.2756979999999998	9.653229	1.0	66.231443
9972.0	2.0	51.464859000000004	99.530833	53.570758999999995	96.01090500000001	0.596683	0.715062	0.520523	0.339285	12.823039999999999	1.0	25.208865	21.239836999999998	2.0	0.017585	3.6483769999999995	2.0	98.009423	5.557638	5.0	85.92334699999999	22.356443	3.0	0.083091	16.924647	2.0	11.376515	3.687045	4.0	19.714855
110.0	2.0	19.703763000000002	17.871807	45.027294	52.163405	0.128671	0.326964	0.8309	0.188823	30.663852000000002	3.0	88.7932	11.093977	1.0	0.022685	5.057423	4.0	70.639492	15.088957	4.0	87.386329	61.19210699999999	5.0	0.01024	8.106227	1.0	55.66725699999999	2.929545	2.0	61.444671
215.0	2.0	93.16576500000001	57.779227	86.123463	60.010482999999994	0.584654	0.2976	0.140715	0.910264	52.959102	6.0	19.497142999999998	22.754383999999998	6.0	0.165706	13.878987	1.0	42.249316	0.45010500000000003	3.0	11.259815	65.457646	5.0	0.043669	12.950023	2.0	2.57213	6.102365	1.0	57.297467000000005
241.0	2.0	80.695148	34.777468	43.22937	52.474219999999995	0.10077799999999999	0.9113959999999999	0.66935	0.241774	6.146922	6.0	65.366271	2.282083	5.0	0.010440000000000001	4.396376999999999	6.0	87.741602	14.165598999999998	5.0	16.110639000000003	77.75620500000001	2.0	0.023507	11.085291999999999	4.0	33.378737	1.408272	3.0	26.911139000000002
322.0	2.0	54.277508	38.803277	22.607067999999998	99.682838	0.483547	0.6465420000000001	0.450118	0.61503	4.791551999999999	6.0	66.546555	8.714785000000001	1.0	0.014428999999999999	3.3735910000000002	5.0	25.208747	19.9606	1.0	4.36341	29.264694	1.0	0.341066	3.354858	3.0	97.194482	0.461951	5.0	90.774404
355.0	2.0	36.419658	72.304287	94.607098	91.322396	0.170308	0.9197040000000001	0.504074	0.228188	66.286801	5.0	44.303721	20.775475	5.0	0.0276	0.41526499999999994	5.0	38.098684999999996	19.9692	3.0	81.71495999999999	42.519433	4.0	0.083485	7.613746000000001	1.0	29.646157000000002	22.114998	1.0	31.549821
375.0	2.0	55.898092000000005	29.751883000000003	96.540736	46.805638	0.618309	0.572677	0.664196	0.418436	16.056703	5.0	75.692798	2.398545	6.0	0.020617	0.9823649999999999	2.0	13.96052	11.884682000000002	3.0	2.182441	17.256053	3.0	0.017963	10.722451	1.0	86.80136800000001	8.751891	1.0	80.224223
385.0	2.0	55.99881800000001	53.268741000000006	81.96173399999999	8.274773	0.953849	0.130438	0.316318	0.728248	41.574968	5.0	75.204215	16.944564	3.0	0.022009	11.610408999999999	5.0	97.720923	3.5175690000000004	6.0	1.734423	56.351992	3.0	0.26958499999999996	3.461908	3.0	18.683401999999997	22.092959	2.0	13.837576
387.0	2.0	97.38879	55.444966	58.895816	94.498827	0.9701930000000001	0.751708	0.172129	0.8873129999999999	60.845144	4.0	7.949789999999999	11.657114	3.0	0.015562000000000001	6.775921	5.0	70.019576	18.26269	3.0	8.114237	64.902012	2.0	0.026254000000000003	2.500724	1.0	35.512108000000005	14.317832999999998	5.0	40.666212
422.0	2.0	56.147087	51.779325	96.85913599999999	78.789917	0.9538110000000001	0.8688819999999999	0.11881800000000001	0.9827739999999999	20.990264	6.0	12.947503999999999	13.437817	3.0	0.26214899999999997	2.7194220000000002	3.0	89.433353	6.3144800000000005	4.0	43.897327000000004	71.971101	5.0	0.037341	6.363788	3.0	34.118488	4.47955	5.0	49.171195000000004
433.0	2.0	35.205208	33.790620000000004	55.130182	76.311548	0.18665299999999999	0.5071760000000001	0.233621	0.234025	54.077973	4.0	21.515886	0.674125	1.0	0.18648199999999998	12.449261	6.0	9.172079	14.103745000000002	1.0	38.898988	63.577309	6.0	0.026102999999999998	5.430966000000001	2.0	82.18078100000001	9.561093	2.0	13.157107
609.0	2.0	35.06391	77.43705600000001	35.669059999999995	86.573933	0.309282	0.5076649999999999	0.536136	0.9010440000000001	7.666385000000001	1.0	71.136269	18.097942	3.0	0.010089	7.0942300000000005	6.0	85.386526	12.686032	3.0	6.3554330000000006	8.140157	3.0	0.997811	5.072561	1.0	95.549208	22.156926000000002	6.0	53.820785
727.0	2.0	78.71641	54.30919599999999	79.325321	70.944211	0.71834	0.773964	0.145015	0.876289	73.60502199999999	1.0	57.84412	13.980091	1.0	0.010791	4.443185	5.0	52.429134999999995	20.207389000000003	3.0	4.028235	8.286142	1.0	0.019219999999999998	11.910149	4.0	6.858649000000001	1.169346	4.0	29.965326
735.0	2.0	83.917759	37.847284	52.400757	41.074063	0.44851899999999995	0.884115	0.683358	0.657173	24.350057999999997	5.0	79.483187	18.115089	3.0	0.016054	3.6078309999999996	6.0	64.018726	1.791985	1.0	73.00060400000001	69.433531	3.0	0.01105	10.713918	2.0	42.734047	2.1526490000000003	4.0	25.649648000000003
801.0	2.0	13.291226000000002	29.889844	81.12713199999999	72.733263	0.535025	0.263583	0.28181999999999996	0.618921	37.938296	5.0	74.066923	0.8531639999999999	5.0	0.166392	3.572336	5.0	61.460426	13.007091	2.0	59.177747	68.614352	3.0	0.016694999999999998	10.744761	5.0	10.938965	0.552502	2.0	45.414201
827.0	2.0	47.79253	43.990313	28.405084999999996	48.53946	0.23028	0.8552350000000001	0.357655	0.272246	10.725493	6.0	59.937757999999995	14.819320999999999	3.0	0.026139	2.822167	3.0	99.664958	1.559924	5.0	51.856902000000005	40.466978000000005	1.0	0.026722000000000003	3.0011970000000003	2.0	25.769524	11.406731	1.0	98.495554
937.0	2.0	32.485302000000004	58.969415000000005	57.563248	65.795447	0.47121999999999997	0.952217	0.74737	0.73028	4.647043	6.0	87.827177	3.832704	4.0	0.024206000000000002	1.390744	3.0	20.082962	22.309545999999997	1.0	79.42644200000001	50.72177	3.0	0.20702399999999999	1.034506	6.0	58.133125	5.307179	4.0	50.466521
960.0	2.0	14.745320999999999	77.561278	82.935423	10.386983	0.292865	0.706489	0.225963	0.389783	30.847352	4.0	44.29302	4.676316	3.0	0.07868	2.434528	3.0	56.67329599999999	15.843088	2.0	1.57657	24.000093	3.0	0.035479000000000004	6.15611	6.0	74.797129	7.159339999999999	2.0	16.631693
1000.0	2.0	90.446382	69.22515899999999	97.831343	61.574569999999994	0.676746	0.342404	0.701254	0.6036560000000001	5.926116	1.0	15.49651	7.566653	2.0	0.021535	8.412844999999999	5.0	52.779522	13.548561999999999	1.0	10.25055	71.327913	3.0	0.690639	13.224570000000002	5.0	24.968149	15.37995	4.0	64.20833499999999
1004.0	2.0	95.304572	56.359481	93.115379	67.012766	0.602631	0.94175	0.108731	0.624626	24.501264000000003	1.0	75.335921	12.391483000000001	3.0	0.013018	7.630762	4.0	25.002576	7.450097	5.0	77.929469	76.580986	6.0	0.074917	9.688827	3.0	23.883235	9.468939	4.0	90.431749
1005.0	2.0	43.938192	19.35976	49.645831	67.577743	0.10531700000000001	0.6624680000000001	0.551056	0.932815	64.359234	6.0	39.512253	14.777196	1.0	0.013925	5.354447	4.0	87.23169200000001	1.057056	1.0	35.901063	55.75349	5.0	0.06651499999999999	14.829279999999999	6.0	23.223941	15.436123	5.0	49.928646
1007.0	2.0	56.605656	74.860676	31.27429	41.915993	0.889719	0.820535	0.5837319999999999	0.680435	34.649297	6.0	16.703825	11.756849	2.0	0.084039	15.232238	1.0	23.963998999999998	1.106589	2.0	18.232008	9.554129	2.0	0.343526	0.565125	5.0	69.94983	20.620302	2.0	34.062168
1029.0	2.0	36.00159	27.678904	36.631127	37.360743	0.41779099999999997	0.422518	0.719863	0.23285799999999998	44.694686	1.0	58.390414	19.306486	1.0	0.156281	9.233825	5.0	36.159918	10.519881	5.0	6.1257410000000005	60.398713	6.0	0.074613	18.6287	1.0	37.861296	0.568599	4.0	98.840402
1182.0	2.0	55.875767	99.503989	64.883886	70.86328	0.229584	0.452618	0.575241	0.14799500000000002	5.658759	3.0	38.388016	22.908128	5.0	0.017799000000000002	2.891278	6.0	83.708864	16.195971	3.0	86.090182	24.620988	1.0	0.016835	2.992211	1.0	23.883083	9.691135000000001	1.0	44.794306
1243.0	2.0	89.551789	24.633015	79.93298	10.603942	0.762465	0.9123829999999999	0.112826	0.377742	51.967171	2.0	12.516841000000001	17.110816	6.0	0.012433	5.657277	6.0	36.709075	16.14854	1.0	13.068789	22.764927	2.0	0.018819	14.752269	3.0	2.399468	16.876786	5.0	3.698725
1312.0	2.0	97.616946	23.53538	90.655419	12.621927000000001	0.665755	0.46218100000000006	0.12390899999999999	0.400706	26.561007	6.0	85.98283599999999	13.541671	6.0	0.025838999999999997	2.13665	6.0	11.661487	4.629846	5.0	39.906453000000006	60.143961	6.0	0.022489	18.267789	4.0	59.784859	0.394704	4.0	2.880629
1374.0	2.0	76.254387	30.519528	77.981822	90.912503	0.782246	0.467369	0.750594	0.49524700000000005	8.167441	3.0	7.271139999999999	0.425159	5.0	0.151039	10.09039	5.0	91.20542900000001	21.479531	4.0	19.394957	28.625235999999997	4.0	0.058658	12.872828	1.0	3.3057440000000002	8.425142	1.0	78.853222
1446.0	2.0	37.77102	17.060654	77.34743	99.33329499999999	0.508954	0.540704	0.386513	0.44012799999999996	11.150928	2.0	63.267773	17.314912	3.0	0.084598	1.677293	2.0	91.905337	9.206174	5.0	12.020667999999999	49.7366	1.0	0.016829	17.847634	3.0	87.689825	0.722096	1.0	65.04724
1501.0	2.0	43.021007	30.298752	33.005884	63.937955	0.744001	0.628182	0.9969389999999999	0.401573	23.308982999999998	4.0	53.493674	10.311589999999999	5.0	0.10916400000000001	0.8629889999999999	2.0	8.880557000000001	21.345817999999998	6.0	1.545457	66.175202	2.0	0.026333999999999996	3.3571690000000003	6.0	49.257181	14.571029999999999	4.0	35.783825
1594.0	2.0	37.000103	73.60664399999999	65.73334	26.671471999999998	0.522871	0.865676	0.734483	0.9446620000000001	74.69086899999999	4.0	7.607135	20.349907	2.0	0.032839	17.945981	1.0	14.553414000000002	5.605951	6.0	6.202578	71.97128599999999	4.0	0.022199	13.437725	1.0	50.549592	12.250098	5.0	7.061291000000001
1627.0	2.0	99.806523	80.517663	35.454785	84.89834	0.23433400000000001	0.483055	0.306368	0.452603	36.841386	2.0	8.409365	20.052647	3.0	0.038613999999999996	12.910066	3.0	79.996041	10.079299	2.0	67.226754	70.443288	3.0	0.10134	17.608522	4.0	2.457928	4.710739	3.0	35.741116999999996
1657.0	2.0	85.21542600000001	48.160643	76.825997	78.87225600000001	0.6254890000000001	0.936858	0.524197	0.711845	30.114092	1.0	41.505179	8.963547	1.0	0.016527	9.430727000000001	2.0	6.212525	2.633883	1.0	87.80193299999999	51.146089	2.0	0.012028	2.1120259999999997	6.0	8.248496000000001	13.107791	3.0	68.285437
1781.0	2.0	53.514128	54.405882999999996	62.081967000000006	61.817291000000004	0.662697	0.327567	0.78695	0.194165	49.008117	5.0	58.995791000000004	14.85958	1.0	0.035567	0.5082770000000001	3.0	21.860032	1.870253	5.0	79.403468	76.397586	3.0	0.054278	0.568286	3.0	98.39335200000001	21.693839999999998	1.0	12.300805
1786.0	2.0	70.05442099999999	38.717693	51.71374	42.689458	0.936614	0.323728	0.5632010000000001	0.772856	66.439774	5.0	96.324262	9.474317	1.0	0.030920999999999997	3.8258129999999997	4.0	48.820407	16.407715	3.0	94.733474	60.986588	2.0	0.020375	11.016933	5.0	1.192926	1.255449	3.0	23.773796
1922.0	2.0	47.818222999999996	52.56920600000001	90.011108	78.52885400000001	0.298902	0.49013100000000004	0.60621	0.6625409999999999	45.100623999999996	6.0	32.829551	20.838110999999998	3.0	0.01615	2.879922	3.0	67.024525	0.362619	2.0	86.755822	63.532938	2.0	0.017588999999999997	13.632345999999998	4.0	25.081785999999997	17.058225	1.0	7.8641570000000005
1950.0	2.0	72.28119699999999	21.030006	25.062353	14.280864999999999	0.561517	0.553376	0.43353500000000006	0.685662	58.783643999999995	2.0	76.15536999999999	18.062147	5.0	0.016318	10.109942	4.0	86.748987	2.022094	3.0	1.554452	58.98781999999999	4.0	0.027652999999999997	18.355843	3.0	69.86201700000001	22.044964999999998	4.0	87.424234
1955.0	2.0	77.013205	25.260381	38.699546999999995	25.421789	0.702897	0.540508	0.27070900000000003	0.933582	10.010107000000001	4.0	71.107015	7.537839	2.0	0.011986	12.32678	1.0	84.373056	19.364704999999997	2.0	10.926758999999999	41.450706	4.0	0.033373	8.811755999999999	1.0	56.57396800000001	10.856782	1.0	90.006856
1986.0	2.0	39.813340999999994	34.571681	88.179351	79.48563399999999	0.314884	0.753869	0.105054	0.179541	15.799731	4.0	52.902294	5.919580000000001	4.0	0.161665	3.402942	4.0	33.017187	11.838042	4.0	60.351921	62.319396	6.0	0.08545599999999999	9.942337	4.0	43.488159	18.375542000000003	2.0	71.06371800000001
2130.0	2.0	88.60497	42.619474	84.981914	26.864206	0.6781520000000001	0.477814	0.28183	0.135473	66.652734	4.0	45.703773	13.08051	1.0	0.107025	2.772866	4.0	46.304717	8.011239	6.0	13.465531	76.71873000000001	5.0	0.021153	9.679186999999999	6.0	69.34055699999999	14.450104999999999	3.0	3.7597720000000003
2320.0	2.0	83.28214200000001	85.418864	96.39564	87.907263	0.283497	0.762921	0.741487	0.441651	30.007138	6.0	52.67321	18.019885000000002	6.0	0.061940999999999996	4.824275	2.0	91.720519	5.373158	2.0	92.447816	18.199171	1.0	0.024284	11.654717	4.0	34.815393	4.357197	1.0	57.268102
2326.0	2.0	87.561245	17.390956	33.735682000000004	46.052315	0.8489700000000001	0.301802	0.79371	0.780413	52.734976	1.0	74.902862	21.248595	1.0	0.058287	6.6939720000000005	4.0	85.678821	5.709427	4.0	5.073361	72.276138	4.0	0.019141	3.201884	3.0	86.1975	9.430294	4.0	1.8609950000000002
2363.0	2.0	35.030456	10.285603	64.24815500000001	3.268634	0.434692	0.392855	0.292215	0.908567	13.169912	2.0	43.504478000000006	4.613241	2.0	0.056623	13.788947	3.0	39.7682	19.187282999999997	2.0	14.456539999999999	46.087903000000004	6.0	0.037425	13.348144	2.0	64.944811	20.261843	5.0	13.533737
2420.0	2.0	36.644828000000004	66.44658100000001	96.414757	97.190189	0.777891	0.9446899999999999	0.346752	0.969499	45.151075	2.0	95.401163	16.599664	1.0	0.014569	2.9406380000000003	4.0	78.612658	17.496605	4.0	24.359776999999998	60.762314	5.0	0.05472899999999999	18.737198	2.0	32.455728	0.5389470000000001	2.0	54.430493000000006
2497.0	2.0	74.007116	24.38975	74.745322	83.187375	0.8550200000000001	0.321773	0.296306	0.581734	45.117895000000004	3.0	88.13893900000001	4.705267	2.0	0.034664	1.571534	2.0	80.782025	5.262512	1.0	58.488913000000004	46.461171	1.0	0.014487	2.4420990000000002	5.0	19.982775	14.471343	3.0	90.968209
2554.0	2.0	46.254591999999995	87.424971	81.752668	15.736942	0.199262	0.93374	0.293164	0.652414	71.27683499999999	3.0	70.96529699999999	14.333234	2.0	0.010647	11.533108	3.0	96.54556	2.206039	3.0	4.109438	68.185378	3.0	0.054644000000000005	7.268330000000001	3.0	73.09507099999999	14.659704999999999	1.0	4.52859
2572.0	2.0	88.42469200000001	13.945746	36.975351	83.64919499999999	0.161314	0.319369	0.198435	0.8843200000000001	4.294563	4.0	17.800829	5.85429	6.0	0.05149600000000001	8.962214	6.0	88.821382	21.604097	1.0	64.060997	44.726036	4.0	0.014662	15.773952	4.0	56.888867000000005	19.67663	2.0	1.492094
2633.0	2.0	43.271301	83.85518499999999	64.28370600000001	42.720535	0.43090600000000007	0.938908	0.17201	0.37601100000000004	62.043195999999995	2.0	63.099484999999994	23.090664999999998	1.0	0.021109	7.127227	6.0	4.400786	2.188374	2.0	47.529742999999996	23.223567000000003	6.0	0.028995999999999997	14.144617000000002	1.0	19.54864	4.305455	1.0	8.585017
2663.0	2.0	78.32991700000001	65.372629	89.881902	83.935462	0.31359000000000004	0.482092	0.27565	0.116975	23.132049	5.0	45.913665	17.334979	2.0	0.030760000000000003	9.026255	2.0	98.34460200000001	1.7165150000000002	1.0	28.476042	56.996016000000004	2.0	0.036891	15.650174	5.0	44.286966	5.833583999999999	5.0	73.962358
2688.0	2.0	41.726357	98.592649	35.58612	19.643607	0.44004799999999994	0.476933	0.257758	0.165898	72.63910600000001	6.0	82.336442	22.695127	5.0	0.023575	16.266547	3.0	60.935213	9.885032	5.0	6.0223949999999995	60.832643999999995	3.0	0.529792	18.185056	2.0	8.411299	5.120899	5.0	37.374221999999996
2847.0	2.0	79.626063	81.818167	86.40267	35.38012	0.8805200000000001	0.617178	0.11915899999999999	0.5247069999999999	11.386538999999999	1.0	71.452332	1.180137	2.0	0.021128	3.694028	4.0	49.20312	18.716819	1.0	21.516481	69.52513	3.0	0.060277	7.461285	6.0	72.408732	4.549466000000001	6.0	92.243342
2895.0	2.0	65.78485400000001	44.295846000000004	53.448593	74.039392	0.308731	0.6072489999999999	0.731654	0.353166	25.439375	3.0	66.504662	11.142804	2.0	0.055385000000000004	4.398809	2.0	30.573517	14.812644	4.0	31.704927	38.991141	1.0	0.019188999999999998	18.272604	6.0	8.129849	0.399063	5.0	89.116803
2899.0	2.0	50.955865	33.507386	75.91258	28.333304	0.6469189999999999	0.46648900000000004	0.405596	0.8595809999999999	51.5849	5.0	20.360265	7.726887	2.0	0.176558	3.633411	4.0	43.621057	3.557874	6.0	11.521056	53.232957999999996	1.0	0.017641999999999998	6.682767	2.0	47.653469	2.933491	2.0	29.100878
2922.0	2.0	37.557071	27.160507	82.354943	84.902732	0.554512	0.286184	0.12128299999999999	0.716735	60.093166000000004	3.0	22.431136	20.991820999999998	4.0	0.069642	2.6257509999999997	3.0	37.422402000000005	10.218982	2.0	4.459753	65.397137	4.0	0.052435	3.502126	6.0	79.419987	23.258748999999998	6.0	46.102137
2930.0	2.0	85.21434599999999	57.41891700000001	84.464701	86.531705	0.94316	0.17208199999999998	0.157917	0.563625	15.688049	4.0	36.077834	23.670015	1.0	0.020653	11.248917	6.0	84.747352	4.184874	6.0	10.179514	74.9981	5.0	0.021574	1.340368	6.0	16.051353	6.154646	5.0	2.4408990000000004
2959.0	2.0	34.843512	49.149638	89.190799	60.180324	0.45490699999999995	0.660608	0.7884369999999999	0.747799	71.55922	1.0	57.053138	5.698246	6.0	0.030132	4.1528220000000005	1.0	91.938824	1.439095	2.0	2.613612	32.67922	3.0	0.209873	11.650514999999999	3.0	66.846738	11.590026	6.0	70.812531
2987.0	2.0	46.582627	70.727752	41.524689	53.812580000000004	0.665212	0.273903	0.161386	0.5085350000000001	27.262273999999998	5.0	19.462754	11.732905	5.0	0.030161	3.148325	3.0	94.12659599999999	2.1120360000000002	6.0	5.004683	47.413706	1.0	0.023811000000000002	2.628787	4.0	66.87424	8.309072	4.0	40.857909
3014.0	2.0	19.510982000000002	86.568538	66.258799	23.652278	0.321121	0.328025	0.342624	0.79291	52.832205	2.0	38.866052	3.7167790000000003	3.0	0.097268	13.356416000000001	4.0	12.555607	2.037375	1.0	17.142032	39.789952	2.0	0.235486	15.884953	1.0	39.900166	16.71497	1.0	67.248412
3027.0	2.0	62.74995	88.934312	77.77176999999999	95.170712	0.132651	0.8467459999999999	0.24488200000000002	0.358622	39.27063	3.0	74.831978	14.627907	1.0	0.023152000000000002	14.682503	2.0	14.657029999999999	10.37083	3.0	13.200546	6.467351	1.0	0.060627999999999994	4.467816	1.0	27.893114	14.971248999999998	2.0	35.773109000000005
3090.0	2.0	48.348345	39.976341999999995	85.410216	82.641137	0.17898599999999998	0.731813	0.127354	0.897048	32.019394	3.0	3.8425629999999997	0.573765	4.0	0.017255	16.05414	4.0	27.3716	22.305946	2.0	55.985184999999994	70.907395	4.0	0.017692	6.490966	1.0	74.740376	18.222201000000002	4.0	70.454934
3100.0	2.0	2.5592	35.079175	31.177433	65.84344399999999	0.902775	0.115406	0.674633	0.615761	8.630744	4.0	96.59178299999999	18.1968	1.0	0.020433	0.68207	5.0	45.538833000000004	14.867436999999999	3.0	45.535728000000006	68.580956	1.0	0.01188	2.125321	2.0	21.970456	0.587122	2.0	80.807273
3101.0	2.0	43.343992	64.32449799999999	30.194805	73.26530799999999	0.751817	0.41700699999999996	0.651033	0.789384	32.074687	5.0	54.292297999999995	0.400801	2.0	0.10423900000000001	2.633111	4.0	24.783407	11.933243	1.0	82.740134	15.980502	3.0	0.277592	6.299869999999999	6.0	7.346855000000001	10.371739	2.0	4.576368
3205.0	2.0	60.77455	40.360219	91.557936	97.22213	0.302896	0.779025	0.628886	0.9380959999999999	60.346518	4.0	17.502319	14.581064000000001	4.0	0.01407	11.065085	4.0	92.353364	12.927097999999999	2.0	10.866743	63.154368000000005	6.0	0.016328	5.492535	1.0	91.521119	14.433001999999998	5.0	96.620311
3405.0	2.0	78.191762	49.669309999999996	65.515734	96.888595	0.149702	0.24713000000000002	0.286011	0.435352	39.759859000000006	4.0	74.487764	17.404004999999998	5.0	0.036994	9.153893	3.0	82.412601	10.53434	1.0	89.376707	75.911934	3.0	0.012827000000000002	3.5735650000000003	4.0	12.531421	18.087329	1.0	20.263301000000002
3461.0	2.0	74.59796800000001	23.641778	49.283609000000006	51.624931	0.955559	0.48501700000000003	0.598118	0.734603	43.773759000000005	1.0	6.622339	16.276292	2.0	0.012428	14.362188	5.0	25.945610000000002	14.254403	4.0	2.844625	59.13769	4.0	0.010185	15.821779999999999	4.0	52.964835	20.741011999999998	6.0	65.10940500000001
3485.0	2.0	71.230338	79.832261	66.31571600000001	65.726688	0.307633	0.879819	0.520423	0.376569	29.426726000000002	6.0	65.971875	5.138446	1.0	0.013456000000000001	0.698836	3.0	15.197104999999999	6.39003	3.0	36.514651	48.866331	6.0	0.812258	11.696981	2.0	84.813903	18.386414000000002	4.0	1.795873
3487.0	2.0	82.470747	30.695186	39.087315999999994	42.73365	0.37195500000000004	0.49453800000000003	0.779461	0.942212	19.217242000000002	6.0	17.339366000000002	6.686274000000001	1.0	0.031122000000000004	4.9604550000000005	6.0	34.749479	7.33046	6.0	97.519479	77.116977	4.0	0.072652	8.348186	6.0	1.3333110000000001	8.106864999999999	1.0	78.039888
3494.0	2.0	82.206767	37.692753	55.09911700000001	15.820286999999999	0.233923	0.8938889999999999	0.977979	0.140963	38.943688	4.0	33.123578	18.504533	5.0	0.023535	10.790495	5.0	2.139841	3.015674	5.0	70.704043	31.860915000000002	5.0	0.015246000000000001	13.080563	1.0	7.735328999999999	20.860339	6.0	6.407232
3538.0	2.0	96.634292	62.005549	39.043642999999996	53.66629399999999	0.10573699999999998	0.40223000000000003	0.371178	0.16078699999999999	64.508444	5.0	14.113776999999999	5.622601	5.0	0.04997	14.446588	4.0	81.929558	17.750257	4.0	31.678696000000002	15.784532999999998	1.0	0.015250999999999999	14.739668	4.0	22.610063	1.520303	2.0	64.770088
3615.0	2.0	76.194231	47.31445	86.426918	94.54245300000001	0.93156	0.956368	0.965258	0.445449	47.510618	4.0	94.222089	21.464756	1.0	0.010628	0.846232	1.0	74.040243	1.1593069999999999	3.0	30.524909	34.143214	6.0	0.176627	0.800508	3.0	70.456468	9.582403999999999	1.0	95.161603
3669.0	2.0	72.962138	91.212216	58.94775500000001	22.157429	0.474497	0.6661100000000001	0.5303979999999999	0.727169	26.794096999999997	5.0	36.163140000000006	11.197983	6.0	0.037429000000000004	6.267979	6.0	37.506321	9.027228	5.0	8.711866	3.754552	2.0	0.6909609999999999	5.730665	2.0	2.584363	3.5835559999999997	1.0	69.625559
3741.0	2.0	88.281591	15.370648000000001	53.44521700000001	67.738444	0.48331599999999997	0.443959	0.38137	0.9590770000000001	10.014959	3.0	77.87416999999999	11.10484	6.0	0.052580999999999996	4.213922	5.0	26.494621000000002	12.659099000000001	5.0	9.702973	67.506185	2.0	0.079319	1.802252	4.0	23.430225	22.458491	1.0	21.293572
3788.0	2.0	73.041363	54.72084	41.987974	15.343608999999999	0.30901300000000004	0.8565440000000001	0.187014	0.417407	66.49125	4.0	34.12189	10.822739	6.0	0.030307	15.447377	1.0	67.62666999999999	0.593128	1.0	83.410768	44.789876	6.0	0.023452	2.717142	6.0	51.710346	17.784534	5.0	15.231809
3805.0	2.0	68.583822	70.681629	73.540761	36.044098999999996	0.644647	0.461297	0.904543	0.340291	39.954685999999995	2.0	25.182287	21.773447	2.0	0.011851	7.520316	3.0	94.018834	21.954458	6.0	1.071094	17.686313000000002	1.0	0.257156	18.16865	2.0	7.607939	13.018984	6.0	71.006947
3851.0	2.0	89.835909	38.95324	25.735059	76.49613199999999	0.329338	0.351371	0.38234	0.7914720000000001	71.300246	6.0	37.43415	5.870953	1.0	0.148058	14.35409	4.0	77.49551	3.4378339999999996	2.0	14.24497	61.463113	2.0	0.046429000000000005	0.9253870000000001	3.0	83.02843	17.086776999999998	2.0	51.930727000000005
3927.0	2.0	23.990116	59.243644999999994	88.091186	9.751403	0.26751199999999997	0.795723	0.9877969999999999	0.11930299999999999	33.593525	1.0	47.369107	5.817892	2.0	0.031132	9.558757	6.0	19.701951	5.155743	2.0	3.205447	61.553341	2.0	0.010617	15.06	6.0	86.637337	20.335667	2.0	53.112109
3988.0	2.0	89.527538	29.332879	62.985358999999995	93.64339100000001	0.9774649999999999	0.44273999999999997	0.8536959999999999	0.518708	20.190436	2.0	11.720044	2.026033	4.0	0.020257	1.050166	6.0	35.364378	2.046663	5.0	18.229693	64.856522	2.0	0.01036	1.864475	4.0	1.499622	6.8241570000000005	4.0	60.946635
4034.0	2.0	44.792825	11.980225	56.521388	38.331934999999994	0.26543	0.252862	0.23461300000000002	0.227248	76.176971	2.0	32.613622	15.837525	6.0	0.023645	1.275126	1.0	55.950576	3.9010599999999998	2.0	15.410139000000001	62.504358999999994	3.0	0.033985	16.755758	5.0	85.56905400000001	20.919843	4.0	89.299452
4066.0	2.0	77.24239	92.82476	45.662224	31.830789000000003	0.8132020000000001	0.14569200000000002	0.181917	0.5418229999999999	47.995061	3.0	52.789212	14.301298999999998	3.0	0.135877	5.19909	6.0	55.688478	11.849502000000001	3.0	69.540144	45.102267	5.0	0.291856	4.380129	1.0	28.846345	2.712643	5.0	9.90216
4121.0	2.0	94.257009	52.856289000000004	57.83779200000001	64.20620600000001	0.811079	0.664721	0.607527	0.32676	20.803386	6.0	67.3716	14.425594	3.0	0.014744	2.1899919999999997	1.0	21.581485	4.449969	1.0	49.993859	21.419562	1.0	0.011561	1.241998	5.0	25.390494	8.056687	6.0	6.641014
4124.0	2.0	85.016064	11.834633	63.76955600000001	63.303891	0.191197	0.43858800000000003	0.192708	0.257934	3.8963900000000002	6.0	2.7943189999999998	11.401251	2.0	0.015697	11.108266	5.0	98.397263	21.252063	6.0	16.161285	43.075368	5.0	0.035338999999999995	13.240625	4.0	83.743122	20.138054	6.0	29.112314
4127.0	2.0	82.781348	27.887953999999997	24.052529999999997	38.96086	0.22796100000000002	0.834541	0.633506	0.574002	77.082166	4.0	14.578062	4.196528	4.0	0.01183	15.738156	5.0	76.478851	4.14877	6.0	1.9424540000000001	23.863570000000003	1.0	0.013806	13.277868	4.0	32.202794	13.57391	3.0	34.094228
4180.0	2.0	34.893713	89.357112	81.759928	13.280883	0.279879	0.671113	0.14241900000000002	0.559028	28.897392	5.0	32.555217999999996	12.12102	1.0	0.012508	17.759829	2.0	16.981707	0.41115799999999997	5.0	1.15919	62.253822	3.0	0.020391	18.259014999999998	1.0	62.467551	8.909529	1.0	88.8284
4205.0	2.0	48.234039	44.991959	27.529116	62.175929000000004	0.846176	0.966276	0.197568	0.53269	9.922398	3.0	61.352527	1.623376	5.0	0.05027	2.1177029999999997	6.0	71.95801999999999	10.852324000000001	5.0	81.144932	61.887865000000005	3.0	0.010354	1.358467	4.0	16.127202	6.684659	5.0	6.408258
4393.0	2.0	17.85437	22.08721	67.392177	61.064820999999995	0.507684	0.240617	0.580797	0.953885	19.028351999999998	3.0	85.019616	9.138993	2.0	0.036081	1.549866	1.0	55.677012	4.238023	5.0	5.862442	53.0823	4.0	0.01141	8.842384	3.0	1.79967	1.2339879999999999	3.0	96.071001
4538.0	2.0	86.53367	21.537596	62.206239000000004	54.041513	0.17078800000000002	0.317035	0.619838	0.13105899999999998	6.303903	3.0	87.490659	9.748835	2.0	0.028266000000000003	14.174995999999998	6.0	37.152184999999996	7.861985000000001	1.0	28.753528999999997	47.228045	1.0	0.22189699999999998	3.6218239999999997	6.0	70.99339599999999	18.588915	2.0	88.018086
4681.0	2.0	93.733323	59.623436	99.782834	31.932040999999998	0.19419	0.5255029999999999	0.168653	0.461323	53.034449	4.0	84.48949	20.295904999999998	4.0	0.024672	1.119126	3.0	65.96775600000001	0.646983	2.0	33.558479	74.217481	1.0	0.016273	2.871012	4.0	9.755604	12.559650999999999	5.0	5.26548
4693.0	2.0	33.21718	54.388239	27.667066	77.246904	0.661892	0.9381229999999999	0.679272	0.474754	53.086755000000004	6.0	99.49902900000001	5.670243	6.0	0.215509	0.9181790000000001	2.0	82.934824	2.1229880000000003	1.0	58.824344999999994	76.15861899999999	1.0	0.018372	2.330798	4.0	3.325218	8.367827	5.0	12.451611
4698.0	2.0	28.529801000000003	35.039958	30.521036	88.243708	0.127911	0.633402	0.624471	0.781526	48.610209999999995	3.0	13.147495000000001	22.497732	2.0	0.012405	4.081051	3.0	7.097397999999999	2.119303	1.0	67.570125	44.988958000000004	4.0	0.022940000000000002	4.966818	1.0	88.96329300000001	11.555789	2.0	80.135072
4793.0	2.0	7.206134	46.873483	16.682351	1.4867139999999999	0.132322	0.5957720000000001	0.267181	0.113774	60.976841	6.0	9.244142	22.373031	2.0	0.011954000000000001	8.251503999999999	5.0	31.000883	4.68749	1.0	6.411072	71.491573	1.0	0.044269	6.144549	4.0	23.851729000000002	11.358118	1.0	33.598923
4856.0	2.0	54.086529000000006	79.615936	51.141901000000004	87.18151800000001	0.832676	0.36633699999999997	0.9713809999999999	0.432708	25.102147	5.0	17.39092	21.689623	3.0	0.613056	18.035058	6.0	97.12335300000001	1.150896	5.0	88.566824	44.252103999999996	1.0	0.10398299999999999	17.515607	4.0	70.069828	0.28116599999999997	1.0	92.230201
4860.0	2.0	65.67348199999999	46.082161	73.41826800000001	73.858599	0.155897	0.735173	0.30573	0.580129	65.707	4.0	31.526526	21.928594	5.0	0.351298	18.236653	3.0	60.694106000000005	11.366072	1.0	44.252123	45.595022	1.0	0.013692	3.742718	2.0	66.859549	15.425764000000001	6.0	6.313468
4945.0	2.0	33.232631	43.984081	46.109638000000004	36.535468	0.197724	0.324918	0.161162	0.831414	11.878888	3.0	60.075208999999994	4.832075	4.0	0.017757	2.423868	4.0	40.277611	9.134808999999999	5.0	72.50904399999999	73.778743	1.0	0.011076	1.7051599999999998	6.0	63.030657	6.656944	1.0	60.84134
5107.0	2.0	36.136953000000005	51.131906	90.035943	35.649183	0.290455	0.507405	0.10739100000000001	0.530439	59.749796999999994	4.0	5.479446	8.768382	1.0	0.010523000000000001	12.381584	2.0	4.876841000000001	18.074054	2.0	15.978214000000001	18.340349	1.0	0.022267	2.470935	5.0	44.731499	8.380134	4.0	34.461914
5297.0	2.0	86.4681	36.962127	46.337848	88.973549	0.874697	0.8977209999999999	0.125496	0.5274909999999999	14.168486999999999	2.0	38.090013	12.72556	4.0	0.018894	10.567472	3.0	57.211380000000005	13.498878	5.0	23.63806	57.858952	6.0	0.024367	1.02872	4.0	40.002012	17.988125	6.0	86.494487
5355.0	2.0	75.959816	38.261731	88.202179	81.53855	0.20085799999999998	0.703194	0.258492	0.298168	17.573658	1.0	21.149638	20.79699	4.0	0.034682	4.143683	6.0	78.980435	22.781993	6.0	14.726069	75.436945	6.0	0.011134999999999999	6.621525	3.0	89.690708	20.931728	2.0	74.952176
5378.0	2.0	49.862534000000004	38.490171000000004	79.887168	22.873764	0.684864	0.7783100000000001	0.11023599999999999	0.933535	69.82135500000001	5.0	68.993018	9.288905	5.0	0.018084	2.360162	4.0	10.764582	21.322684	5.0	25.322785	46.399284	6.0	0.07276200000000001	13.554669	4.0	72.793144	21.571084	5.0	43.862322999999996
5414.0	2.0	25.131511	38.560542	76.083297	24.8585	0.16986199999999999	0.790687	0.11708199999999999	0.48221499999999995	66.108463	1.0	13.853449	6.514824	5.0	0.032780000000000004	16.786863	4.0	6.7025369999999995	7.043723	1.0	53.663596999999996	73.214614	5.0	0.7431270000000001	10.440719999999999	4.0	14.22309	14.163796	4.0	21.66814
5428.0	2.0	91.595765	22.479607	92.816949	42.730678000000005	0.586607	0.43168999999999996	0.21737800000000002	0.764317	60.73744	3.0	67.196875	15.992207999999998	1.0	0.18424000000000001	8.069362	5.0	53.910554000000005	12.539338	1.0	5.594835	7.975989	4.0	0.041039	5.662797	1.0	16.936045	5.244377	2.0	24.176568
5482.0	2.0	63.720092	62.644114	87.146733	54.56245500000001	0.23702399999999998	0.891632	0.119851	0.174921	48.154354999999995	6.0	91.49559	9.811083	5.0	0.038114999999999996	0.251226	4.0	82.79849200000001	19.756462	1.0	94.109521	35.725025	5.0	0.022882	7.4553009999999995	2.0	56.222097	16.168955	2.0	32.623697
5490.0	2.0	72.25005300000001	69.155405	59.045246999999996	12.460367	0.605961	0.896202	0.835988	0.7039569999999999	50.698928	3.0	24.391222	14.561459	6.0	0.011535	9.539031	5.0	53.182792000000006	6.705017	4.0	60.673274	76.36757	2.0	0.087998	0.498062	1.0	55.83681899999999	4.650354	2.0	4.296863
5503.0	2.0	98.000793	38.691345	55.12937900000001	65.53303299999999	0.555029	0.899958	0.663243	0.242238	42.414225	3.0	80.345899	11.509310000000001	2.0	0.051536	1.1771559999999999	1.0	17.674297	9.762169	2.0	88.162914	40.488982	5.0	0.013433	11.963063	1.0	40.657135	18.375999	6.0	9.479797
5573.0	2.0	62.716871999999995	95.552104	95.243921	40.777651	0.553508	0.782431	0.404886	0.582325	29.719185999999997	6.0	63.009956	4.680998000000001	1.0	0.044371	4.194964	3.0	40.236852	11.442556	6.0	8.689125	65.839935	3.0	0.065527	14.248584	1.0	4.1430620000000005	4.610254	1.0	88.731325
5605.0	2.0	74.125765	51.572671	93.358049	17.897021	0.22270700000000002	0.9958799999999999	0.12177400000000001	0.11799000000000001	56.089259999999996	4.0	65.212665	22.959160999999998	1.0	0.035491	10.605361	3.0	5.316987999999999	8.82474	2.0	7.059857000000001	32.850215999999996	2.0	0.020390000000000002	12.806286	3.0	93.31979799999999	18.89112	6.0	59.190006999999994
5935.0	2.0	97.13777900000001	78.36658299999999	66.003103	92.451441	0.7736890000000001	0.727126	0.67432	0.519629	24.910788	6.0	50.877209	5.498098000000001	2.0	0.030594999999999997	1.7912869999999999	2.0	58.647075	2.428594	2.0	7.222053	68.96588	5.0	0.021842	4.5392019999999995	3.0	69.059475	11.709116	6.0	20.301899
5982.0	2.0	81.252011	45.549208	62.020091	88.17333	0.131795	0.8910819999999999	0.20948699999999998	0.34437	69.608374	6.0	83.026822	12.165032	3.0	0.452524	11.026342999999999	6.0	25.104009	20.725571	5.0	42.276232	55.04383000000001	1.0	0.012856	2.347982	6.0	88.768703	23.200685	3.0	72.31781
5997.0	2.0	69.011101	81.636905	89.979913	41.828099	0.78245	0.184863	0.46227700000000005	0.711357	73.163111	4.0	14.193874	19.184739	2.0	0.022938	4.531332	6.0	78.70185500000001	16.853286999999998	2.0	47.153174	57.166612	1.0	0.039395	0.383354	1.0	12.032242	14.082854000000001	3.0	14.256654999999999
6021.0	2.0	63.679929	15.805225	73.197925	52.8199	0.633968	0.568199	0.425407	0.757074	7.971133	4.0	60.311262	10.813279	2.0	0.013489	0.335303	3.0	74.180066	16.674027	6.0	96.824391	34.793281	2.0	0.016177	0.46631000000000006	3.0	1.279519	14.5264	2.0	48.484252000000005
6121.0	2.0	39.518018	86.30684000000001	73.523051	64.389816	0.139708	0.39332	0.7158359999999999	0.22941999999999999	75.576234	3.0	94.430239	4.541294000000001	1.0	0.013309	8.052427	2.0	16.402810000000002	19.033932	3.0	26.180369	69.07026	4.0	0.021769	15.874970000000001	1.0	2.438528	6.578867999999999	1.0	28.509489000000002
6209.0	2.0	50.729579	94.207166	75.556362	22.066408	0.11188699999999999	0.905726	0.132242	0.545203	14.015153	3.0	65.981275	21.249102	6.0	0.276482	13.106086	3.0	75.12315799999999	21.391977999999998	3.0	3.7305	17.836292	5.0	0.666085	11.327886	2.0	53.718959999999996	3.047149	6.0	6.128241
6216.0	2.0	77.74748699999999	32.673761	50.180678	23.840301	0.8786200000000001	0.684296	0.343093	0.5936739999999999	42.054325	6.0	66.06732	9.242014	2.0	0.036528	6.700234	5.0	91.640603	3.7172449999999997	2.0	15.222051	41.198337	6.0	0.045291000000000005	18.659651999999998	1.0	51.11223	12.149939	6.0	5.189343
6456.0	2.0	89.324787	72.682056	96.945789	98.48794699999999	0.573477	0.785062	0.80769	0.8548100000000001	33.584610999999995	2.0	63.182439	5.84048	1.0	0.061309	7.073128	4.0	59.807101	4.17529	3.0	5.803086	37.775397	2.0	0.540311	2.4233130000000003	5.0	53.811101	21.491796	1.0	62.593451
6656.0	2.0	83.830573	6.727492	85.545373	7.924805999999999	0.948118	0.14232899999999998	0.801762	0.919532	41.385979999999996	6.0	67.96578199999999	17.810328	4.0	0.010478	9.904778	4.0	75.367774	17.799032	3.0	26.863228000000003	58.922610999999996	6.0	0.10613299999999999	2.721334	3.0	60.49344	0.753883	2.0	69.65261600000001
6689.0	2.0	39.37278	33.424861	98.649069	39.813515	0.460815	0.398096	0.35536599999999996	0.589547	22.270417000000002	3.0	1.423745	12.530833	3.0	0.022588999999999998	14.323768	6.0	53.46054300000001	0.516424	5.0	20.981622	48.112139	1.0	0.111023	7.886145	6.0	83.09293100000001	23.531755	4.0	52.025921999999994
6717.0	2.0	65.012438	21.977539	23.370566	80.602587	0.166304	0.589481	0.101504	0.27877399999999997	15.21294	3.0	9.174892	21.936814000000002	2.0	0.059836	11.599295	3.0	31.071170000000002	9.926426	2.0	45.957952	13.488783999999999	1.0	0.015241999999999999	5.514163	3.0	50.842662	21.912657	3.0	12.231233
6719.0	2.0	64.555368	52.135631	91.668463	50.514157	0.395654	0.718666	0.22164	0.870482	25.341010999999998	4.0	84.548085	17.076677	5.0	0.013081	0.834685	3.0	13.940973999999999	16.971491	4.0	78.614375	69.99221	4.0	0.040788	11.339257	1.0	62.509108999999995	5.082687	4.0	2.866918
6807.0	2.0	51.745501000000004	99.536115	51.364515000000004	76.506598	0.365744	0.816239	0.148255	0.523861	77.12587099999999	3.0	54.97323000000001	18.579129000000002	1.0	0.0155	9.457927	6.0	96.358419	5.685203	1.0	40.150067	65.023578	1.0	0.017905	0.194601	2.0	14.862909	6.897433	1.0	19.145219
6858.0	2.0	89.678846	17.887816	40.743916999999996	43.362794	0.954095	0.43268500000000004	0.754206	0.317255	8.198322000000001	3.0	43.342793	2.087123	5.0	0.091337	1.646195	5.0	91.52976600000001	7.996644	1.0	20.652960999999998	55.741878	4.0	0.01411	0.766374	4.0	78.284525	4.5182519999999995	1.0	60.106159999999996
7101.0	2.0	59.733013	20.227171	70.331643	32.987907	0.676358	0.629092	0.45625299999999996	0.438708	10.790004	2.0	51.129682	8.784937	1.0	0.050925	4.207311	5.0	63.820060999999995	21.090269	1.0	42.891044	76.13422800000001	3.0	0.015116999999999998	12.26702	1.0	1.329377	8.569442	1.0	83.75922800000001
7109.0	2.0	59.21246800000001	57.337362	93.306713	95.34088	0.239837	0.689909	0.265146	0.599708	32.632815	2.0	63.07003100000001	23.672712	6.0	0.6149220000000001	7.4365	6.0	80.244777	7.758505	3.0	55.871483999999995	64.429742	5.0	0.01925	16.940467	1.0	5.417947	14.366195000000001	1.0	85.961761
7129.0	2.0	72.823923	47.251025	74.864979	85.200159	0.471814	0.510691	0.975975	0.635991	45.807465	6.0	58.691838	21.041622	1.0	0.011317	5.426183	2.0	77.220987	8.387356	3.0	36.743882	66.08085799999999	1.0	0.014819	4.2167010000000005	6.0	13.470951999999999	7.122708	1.0	58.307974
7236.0	2.0	26.656153999999997	44.399899	13.3487	88.522013	0.402953	0.465059	0.45645699999999995	0.10585399999999999	31.08598	3.0	43.952794	22.550898	1.0	0.034361	4.151551	2.0	90.957262	8.759769	3.0	93.419513	77.402884	2.0	0.010163	17.863085	1.0	23.817229	16.251728	2.0	27.133987
7320.0	2.0	17.743154999999998	38.813278000000004	75.656798	17.717901	0.6802090000000001	0.852037	0.7914859999999999	0.43947700000000006	16.373673999999998	4.0	52.43502900000001	13.449429	1.0	0.015388999999999998	16.848981	6.0	74.799939	12.098074	1.0	6.639800999999999	68.09581899999999	6.0	0.012583	0.47194200000000003	5.0	71.441238	23.255989000000003	4.0	42.06711
7334.0	2.0	31.425718	57.90984399999999	66.885323	92.433706	0.810334	0.191376	0.24939899999999998	0.964909	7.678451	6.0	34.68548	14.574034	3.0	0.014515	4.730123000000001	6.0	35.754864000000005	21.548214	6.0	4.029389	41.832254	1.0	0.091397	14.736904000000001	3.0	83.57928299999999	3.843393	4.0	72.255013
7342.0	2.0	48.244442	34.972184000000006	51.530265	87.30918199999999	0.221311	0.419562	0.79442	0.315344	16.117410999999997	5.0	71.408275	4.212084	1.0	0.010909	9.549095	1.0	36.778123	6.308093	4.0	57.35038	64.299716	4.0	0.015546	12.799076	5.0	17.011104	6.832333	1.0	63.235004
7428.0	2.0	31.187229	52.418133000000005	94.798755	99.69189899999999	0.723859	0.94268	0.47577700000000006	0.9513159999999999	3.115703	2.0	75.959296	7.8230759999999995	4.0	0.022622999999999997	11.325567999999999	2.0	59.382188	11.28732	5.0	6.887975999999999	65.66601700000001	5.0	0.03721	1.114083	3.0	80.369837	19.455223999999998	3.0	99.758753
7431.0	2.0	95.21590400000001	55.983402000000005	99.7058	44.542524	0.11754400000000001	0.9417270000000001	0.11669700000000001	0.359363	26.353164000000003	5.0	79.565914	19.71615	4.0	0.011342	4.738178	6.0	79.379522	8.210011999999999	2.0	51.33285	24.791524	2.0	0.014741999999999998	1.026275	1.0	67.619381	3.600488	3.0	49.925733
7503.0	2.0	42.972365	32.594851	64.423675	74.36058	0.136464	0.9990950000000001	0.8822559999999999	0.618041	17.967164	3.0	30.667178000000003	3.713225	2.0	0.045888	4.02617	4.0	89.275582	1.7303099999999998	1.0	67.980172	13.461879000000001	2.0	0.013708000000000001	9.214228	4.0	93.174022	19.517128	2.0	4.549942
7575.0	2.0	29.003559000000003	13.382079999999998	28.641060999999997	16.777289	0.712832	0.35133400000000004	0.19400599999999998	0.585921	1.8834810000000002	1.0	83.78975600000001	5.461544	4.0	0.025241	2.403569	5.0	50.503071000000006	8.897897	4.0	6.666217	56.453848	4.0	0.120901	5.88693	6.0	60.068288	11.5711	4.0	35.643117
7598.0	2.0	53.821836	64.312425	85.55384699999999	56.152728	0.346542	0.422349	0.22175799999999998	0.9547530000000001	67.49400200000001	3.0	37.209105	11.568269	2.0	0.067724	7.013658	5.0	99.223795	4.8662019999999995	1.0	49.064739	56.03793	3.0	0.010071	11.297553	1.0	42.368442	5.526244999999999	2.0	26.703791
7804.0	2.0	99.255913	91.027148	73.40191300000001	39.097127	0.48140200000000005	0.9257770000000001	0.9639110000000001	0.7586390000000001	77.671052	5.0	56.503443999999995	13.883819	1.0	0.09226000000000001	5.1624099999999995	2.0	92.5341	17.923867	2.0	18.949959	6.813108000000001	6.0	0.433899	2.020718	3.0	74.8572	9.310245	1.0	69.379543
7921.0	2.0	27.514024	73.313351	69.328564	59.046029000000004	0.327947	0.6943739999999999	0.429533	0.774967	63.430753	2.0	93.901264	14.327422	5.0	0.011207	2.446149	1.0	85.041597	23.087958999999998	3.0	2.471807	52.220093	1.0	0.011937999999999999	2.787866	1.0	82.840204	16.79676	4.0	32.29177
7988.0	2.0	83.233008	33.672153	38.904426	69.542907	0.218952	0.285654	0.9382879999999999	0.302852	46.704378000000005	3.0	57.964925	8.037995	2.0	0.016016	2.4829380000000003	4.0	9.244813	18.010382999999997	1.0	68.686976	52.884629000000004	1.0	0.040287	7.614613	1.0	15.557970000000001	20.511704	1.0	57.053684999999994
7992.0	2.0	92.157191	18.863061	62.998325	70.496879	0.858949	0.23186700000000002	0.16472799999999999	0.8577799999999999	3.32176	1.0	50.125840000000004	22.430121	5.0	0.026647000000000004	10.94726	2.0	9.036882	21.303373999999998	5.0	2.700396	25.814869	6.0	0.064011	16.065154999999997	5.0	33.733129	3.5442110000000002	1.0	1.585761
8130.0	2.0	67.42491700000001	25.309521	49.456855	36.205281	0.48673999999999995	0.442572	0.8320870000000001	0.21415599999999999	49.118402	1.0	73.594886	10.990622	6.0	0.011552	18.591629	5.0	86.100676	1.210349	1.0	89.92811	66.673794	2.0	0.010187	16.733197	4.0	4.374280000000001	11.16835	5.0	51.470667
8196.0	2.0	87.044724	31.537901	35.063753000000005	82.353375	0.975823	0.9729709999999999	0.365031	0.427188	50.28277	3.0	89.48769	18.930114	2.0	0.058974	0.216209	5.0	10.516934	14.531042999999999	4.0	7.647108	60.835541000000006	6.0	0.027016000000000002	4.569108	6.0	29.142571000000004	11.740706	3.0	49.854414
8246.0	2.0	92.385971	25.411552	80.086492	85.488247	0.40928600000000004	0.386327	0.685772	0.37753200000000003	66.56367900000001	2.0	14.519136999999999	2.5244240000000002	3.0	0.012952000000000002	1.8742590000000001	3.0	16.858153	8.509997	4.0	1.2791629999999998	7.8414850000000005	1.0	0.034408999999999995	12.093	3.0	82.739046	18.781852	6.0	23.670962
8531.0	2.0	59.387795999999994	75.149176	50.017412	38.732622	0.6899430000000001	0.815492	0.269355	0.773856	46.057743	3.0	99.37469899999999	17.682126	5.0	0.013781999999999999	0.9951780000000001	3.0	26.75872	14.611403	6.0	1.249903	39.943248	2.0	0.010215	2.806156	4.0	31.617062	18.897657000000002	5.0	10.604941
8580.0	2.0	78.935344	41.797774	78.67296800000001	75.47343599999999	0.832707	0.43317799999999995	0.367896	0.191065	11.963455	3.0	66.364947	22.563295	1.0	0.176305	14.952691	5.0	42.049054	20.226606	6.0	79.428794	76.743073	1.0	0.039268	17.688952	1.0	65.096909	1.546604	6.0	11.656145
8591.0	2.0	52.526252	22.080196	28.945846999999997	77.741698	0.12629	0.347073	0.370051	0.210403	37.078039000000004	5.0	18.387504	9.395010000000001	2.0	0.098829	5.350333999999999	2.0	42.570985	3.5845	5.0	23.201013	42.506997999999996	4.0	0.016296	3.7981239999999996	2.0	10.40627	1.8255240000000001	6.0	43.489768
8609.0	2.0	66.272602	35.699374	43.148134999999996	96.045035	0.30746799999999996	0.437411	0.7717149999999999	0.187905	15.638422	4.0	41.054517	23.007495000000002	4.0	0.027306	2.8389029999999997	4.0	46.534414	18.63513	2.0	40.536502	74.320363	3.0	0.017644	1.9887099999999998	1.0	52.631417000000006	16.415399	2.0	48.132611
8613.0	2.0	55.470628000000005	24.832251	95.008152	13.231136	0.418756	0.43003900000000006	0.11395999999999999	0.189452	3.1148029999999998	6.0	60.288273	7.965909	2.0	0.011504	15.846685999999998	6.0	24.677526999999998	1.2090379999999998	6.0	45.388479	57.841223	3.0	0.08885599999999999	5.541963	4.0	40.243233000000004	18.297601999999998	5.0	51.871539
8666.0	2.0	61.211904000000004	41.569565999999995	88.771733	13.323941	0.39323800000000003	0.513528	0.74634	0.327352	46.756029	6.0	58.18249599999999	13.948846	1.0	0.037551	16.374554999999997	1.0	85.468625	0.683017	1.0	92.320809	50.903197999999996	4.0	0.011983	0.594192	4.0	25.286328	5.277488	1.0	72.57599300000001
8695.0	2.0	56.221872	56.854479000000005	86.87270600000001	34.146444	0.648107	0.705706	0.191822	0.558871	34.975854	5.0	46.191609	4.766051999999999	1.0	0.037972000000000006	9.40878	1.0	62.720889	1.1274520000000001	1.0	76.329544	59.099881	1.0	0.030770999999999996	2.790004	5.0	67.667294	18.704179999999997	2.0	50.839279
8700.0	2.0	97.493313	27.494053000000005	46.247401	13.698804999999998	0.227278	0.878872	0.11238900000000002	0.899349	30.773818	4.0	86.419537	5.3338470000000004	6.0	0.010921	12.344617	5.0	81.27539	7.773577	2.0	36.420066999999996	62.259673	3.0	0.011788	7.188262	4.0	99.564084	19.630896	6.0	59.381917
8730.0	2.0	86.846244	69.45893199999999	97.82544	22.18485	0.5634979999999999	0.5870380000000001	0.23638299999999998	0.97709	28.967176000000002	6.0	35.194283	18.265183	6.0	0.018762	3.7072190000000003	5.0	15.164128	19.344027	4.0	55.054667	75.81618	3.0	0.056285	0.61703	3.0	53.044216000000006	3.781191	5.0	14.288976000000002
8741.0	2.0	51.025247	41.240426	99.029326	75.630567	0.42003599999999996	0.775309	0.13605599999999998	0.740215	18.827288	2.0	16.727818	11.802501	2.0	0.057833	4.112734	6.0	29.966708	15.670651000000001	6.0	40.850725	28.526037	4.0	0.101023	2.809727	4.0	61.280579	23.510645	1.0	51.122391
8964.0	2.0	85.045244	78.07555699999999	56.85505	95.816408	0.46638999999999997	0.464034	0.30203	0.8257190000000001	36.681871	4.0	43.856512	7.722065	4.0	0.086447	16.386533	4.0	10.574639999999999	6.692301	2.0	1.515264	5.271966	2.0	0.16196300000000002	15.936956	4.0	94.876187	12.911298	4.0	18.794307999999997
9011.0	2.0	42.321255	79.816903	83.337868	68.477347	0.933492	0.414811	0.172501	0.30599499999999996	1.1755659999999999	2.0	70.78210899999999	12.931273	1.0	0.015179	17.906662	6.0	72.53177	22.307883	2.0	13.6636	18.710898	1.0	0.150881	6.632577	1.0	85.730805	22.732788	4.0	80.139738
9134.0	2.0	61.644785999999996	46.596509999999995	70.451657	80.484915	0.5106609999999999	0.26203200000000004	0.139324	0.150513	39.912221	3.0	43.568625	16.033944	2.0	0.012052	0.362661	4.0	14.603285999999999	14.719983	6.0	2.099253	5.4559	5.0	0.040766000000000004	8.517968	2.0	41.479613	12.032942	4.0	90.256578
9151.0	2.0	74.313857	12.072942999999999	76.672051	25.080089	0.11723499999999999	0.231697	0.845974	0.21206999999999998	31.733296000000003	6.0	63.716021999999995	1.632973	3.0	0.041324	1.389912	3.0	32.240406	1.9162099999999997	1.0	21.361273999999998	37.612059	1.0	0.01193	0.368585	1.0	48.409713	16.513519	1.0	7.107678
9243.0	2.0	86.29675999999999	65.05018299999999	16.308435	84.353672	0.104477	0.433044	0.15651400000000001	0.7440939999999999	78.284974	2.0	10.18016	7.519067999999999	6.0	0.05317	16.390759	6.0	97.827838	3.2284919999999997	3.0	41.132818	71.337675	1.0	0.015802	10.052746	4.0	1.428256	7.865289999999999	4.0	42.132422
9335.0	2.0	53.848299	75.641715	67.954013	39.0763	0.537633	0.546718	0.14999400000000002	0.376307	18.88363	5.0	90.439563	12.384763000000001	1.0	0.012319	7.415551	6.0	72.936522	8.516175	1.0	17.099899	17.972633	2.0	0.029883	4.507409	1.0	1.149894	18.968073999999998	1.0	46.419379
9414.0	2.0	30.577187	97.13186999999999	94.645938	52.45762	0.619233	0.772526	0.264998	0.556546	12.976780999999999	5.0	26.625277	6.847421000000001	3.0	0.022005	5.8375010000000005	2.0	88.542613	6.159419000000001	2.0	75.19949799999999	75.374136	4.0	0.053814999999999995	2.159166	5.0	2.34386	11.92553	6.0	32.038361
9473.0	2.0	95.010304	78.813198	70.009619	78.448797	0.714625	0.81101	0.327322	0.733453	11.946612	6.0	13.815872	6.731611999999999	1.0	0.160252	17.776684	6.0	72.76346	1.909884	1.0	95.069375	12.676395	1.0	0.018483000000000003	11.778647	1.0	5.310026000000001	23.401705	1.0	6.953477
9554.0	2.0	80.161563	59.750642000000006	83.046823	56.592943999999996	0.544192	0.41007200000000005	0.672389	0.861368	33.782486	2.0	32.118821000000004	1.7338349999999998	1.0	0.039033	4.83244	6.0	92.510758	8.187138000000001	1.0	23.516025	50.377111	2.0	0.016405	16.24214	1.0	40.891549	1.8748790000000002	1.0	94.265303
9586.0	2.0	61.155384	88.368425	34.877476	75.782525	0.43479799999999996	0.8841829999999999	0.799845	0.28231799999999996	34.642696	5.0	10.903078	12.660776	6.0	0.084598	5.537878	6.0	21.198234	23.281499	6.0	48.380371000000004	75.148859	2.0	0.012288	0.478545	1.0	91.57311	11.494444999999999	2.0	64.03939799999999
9670.0	2.0	67.756275	25.54162	89.558102	60.202124	0.7820159999999999	0.603584	0.122495	0.878502	18.338629	1.0	71.94626	6.4946019999999995	6.0	0.046163	15.119001999999998	5.0	52.976392000000004	0.91958	2.0	92.033546	48.082498	5.0	0.08272	13.738467000000002	1.0	28.502607	9.546583	4.0	35.998374
9782.0	2.0	53.68516999999999	94.734687	79.285457	37.837978	0.7375010000000001	0.9025860000000001	0.465154	0.654262	46.399532	2.0	11.883379	17.703452	1.0	0.012961000000000002	9.373521	4.0	36.321348	2.173594	6.0	21.714177	56.895714	1.0	0.049811	5.89958	6.0	17.859702	0.420038	2.0	91.079941
9875.0	2.0	76.896096	44.239845	66.296925	22.446967	0.206952	0.388779	0.272511	0.410944	53.911189	5.0	87.920264	6.4169220000000005	5.0	0.011866	2.791466	4.0	74.16334599999999	2.4754509999999996	2.0	98.681545	47.476177	4.0	0.014862	16.204507999999997	5.0	2.2756979999999998	9.653229	1.0	66.231443
9972.0	2.0	51.464859000000004	99.530833	53.570758999999995	96.01090500000001	0.596683	0.715062	0.520523	0.339285	12.823039999999999	1.0	25.208865	21.239836999999998	2.0	0.017585	3.6483769999999995	2.0	98.009423	5.557638	5.0	85.92334699999999	22.356443	3.0	0.083091	16.924647	2.0	11.376515	3.687045	4.0	19.714855
