79.0	2.0	35.290724	41.466313	16.33851	24.032221	0.203934	0.22433899999999998	0.741908	0.16550299999999998	25.732535000000002	2.0	82.16213	5.4602260000000005	4.0	0.437967	4.585184	1.0	2.861252	1.76747	1.0	90.62253299999999	13.069557000000001	6.0	44.19024	46.973503	5.0	0.029875	1.6897810000000002	1.0	14.259519000000001	8.233547999999999	3.0	6.555039999999999
296.0	2.0	25.050034	40.285498	10.360619	29.930073999999998	0.5729920000000001	0.720878	0.583533	0.808457	70.644441	1.0	1.081867	9.719706	1.0	0.094778	2.84448	2.0	37.130382	2.578497	1.0	17.349317000000003	5.093929	3.0	85.062267	7.188499	3.0	0.0147	0.241802	5.0	85.232522	0.6985319999999999	4.0	83.635397
418.0	2.0	11.797427	92.596905	82.489138	94.62317900000001	0.332926	0.394423	0.7825840000000001	0.679932	76.28271	6.0	66.136601	10.652574000000001	6.0	0.035064	4.978315	1.0	76.551061	1.111638	1.0	7.3393809999999995	11.781983	6.0	7.08242	5.802459	2.0	0.016599000000000003	12.865419000000001	5.0	65.700683	9.924843	1.0	69.164383
439.0	2.0	98.022251	26.518801	4.313546	60.853302	0.395414	0.50216	0.310921	0.315796	15.34855	3.0	42.729304	23.5683	3.0	0.769369	2.224883	1.0	71.18888299999999	1.045117	6.0	37.553079	23.352263	5.0	61.887415000000004	70.25135999999999	1.0	0.028902999999999998	4.261544000000001	5.0	10.914878	25.193068	5.0	48.65562
453.0	2.0	73.15008399999999	79.586396	33.043704999999996	8.475599	0.770858	0.365562	0.7236520000000001	0.441162	76.303024	2.0	3.1696470000000003	24.743326	2.0	0.036101999999999995	4.114269	6.0	79.578663	3.0246169999999997	1.0	16.932226999999997	12.243724	6.0	5.284096	38.338561999999996	1.0	0.012071	16.616123	4.0	85.934762	13.193189000000002	3.0	58.14099399999999
492.0	2.0	10.356512	88.54932099999999	96.297312	5.387983999999999	0.240677	0.58867	0.845548	0.962175	15.397935999999998	3.0	34.237988	2.567729	6.0	0.026522000000000004	6.127034	3.0	63.753216	3.8513879999999996	1.0	12.874928	11.761547	1.0	65.526436	28.080515999999996	6.0	0.11708099999999999	18.262842000000003	5.0	6.410894	14.796925	5.0	93.112204
533.0	2.0	34.66757	49.784394	29.299241	69.541913	0.138211	0.12023800000000001	0.90823	0.39556199999999997	9.140883	5.0	94.63565600000001	0.28021399999999996	1.0	0.013019	4.147399	2.0	35.550327	5.792326	4.0	5.248213	22.040454	4.0	91.12424	49.054624	4.0	0.02316	18.779010999999997	1.0	14.225032999999998	19.913953	3.0	28.528771999999996
539.0	2.0	33.538340000000005	95.465455	2.570732	66.257202	0.6794399999999999	0.182307	0.42227600000000004	0.364483	77.740101	4.0	51.527874	18.688359	3.0	0.943358	4.972987	2.0	1.165089	4.378899	2.0	15.248682	10.111081	2.0	10.998631	13.252364000000002	3.0	0.058023000000000005	14.857553	4.0	3.087514	12.960305	6.0	52.518632999999994
575.0	2.0	4.413914	63.093302	12.016108000000001	13.143993	0.58131	0.40865	0.666702	0.563454	49.229534	3.0	38.325559000000005	2.226627	3.0	0.012924000000000001	6.193064	3.0	48.700367	3.03012	5.0	6.113003	7.63755	2.0	75.35889399999999	24.628553	5.0	0.094846	0.22489	5.0	75.121363	9.107764	4.0	59.815929000000004
638.0	2.0	78.96239200000001	82.300416	43.917999	2.907955	0.163976	0.369284	0.9901989999999999	0.147349	6.960038000000001	3.0	69.271928	3.858766	5.0	0.056413	0.559582	1.0	8.23825	4.623424	3.0	17.207257000000002	24.621806	4.0	29.371017	25.040469	4.0	0.01803	19.046533	1.0	14.769629	0.308268	2.0	88.96216700000001
645.0	2.0	54.905983	92.846674	3.98158	19.092273000000002	0.8608399999999999	0.320377	0.309741	0.310734	35.770617	5.0	80.184863	21.071223	2.0	0.012912	5.224386	6.0	49.385669	4.096703	2.0	6.947381	15.222477	3.0	61.53096899999999	2.5226290000000002	5.0	0.024798	18.526908	3.0	89.68066800000001	18.182863	1.0	98.505103
685.0	2.0	49.513092	73.136995	86.03318399999999	60.611703000000006	0.693509	0.47435600000000006	0.727191	0.745214	22.197658999999998	6.0	49.724325	16.829307999999997	5.0	0.016748	3.919489	5.0	92.53457	4.564603	3.0	6.680038000000001	1.529354	1.0	66.09196999999999	6.030335	6.0	0.011571	18.133509	4.0	21.915767000000002	9.278511	2.0	96.031991
707.0	2.0	70.27861999999999	97.615583	57.036923	68.576516	0.712421	0.832566	0.275376	0.31092	73.602649	2.0	7.070278999999999	13.379332999999999	3.0	0.036405	5.534229	6.0	62.483364	1.8388810000000002	2.0	2.1480490000000003	17.301279	1.0	36.86252	21.71826	4.0	0.0224	14.750491	4.0	53.35421899999999	15.360957	2.0	70.626917
727.0	2.0	57.698375	72.77520600000001	80.27175	86.134222	0.914458	0.128804	0.9531360000000001	0.689281	4.487587	4.0	2.9758259999999996	2.761031	3.0	0.038097000000000006	1.490162	3.0	5.0048330000000005	0.734413	1.0	6.150459	12.570659	3.0	73.109269	19.405244	3.0	0.019841	1.833459	1.0	71.668138	7.79903	4.0	48.457112
754.0	2.0	13.126052	50.702307	41.697321	66.128483	0.182578	0.135982	0.917803	0.525837	46.885896	1.0	31.239688	21.216959	2.0	0.033775	2.334131	4.0	39.781040000000004	2.228733	2.0	3.739294	8.409331	4.0	33.208254	18.298579	1.0	0.05245	9.343997	6.0	29.180923999999997	18.387935	2.0	90.484197
772.0	2.0	74.39569399999999	11.915866000000001	51.136426	42.885337	0.42568599999999995	0.153679	0.466012	0.353784	4.95496	2.0	10.47332	14.969698999999999	5.0	0.238961	3.1692270000000002	4.0	2.149058	1.935717	4.0	51.746736999999996	5.160071	5.0	96.30112	43.995652	6.0	0.020188	18.836998	1.0	45.174754	14.519376000000001	5.0	62.895925
783.0	2.0	95.428225	52.812438	63.158826	44.847158	0.918266	0.152542	0.375315	0.386101	17.192201	2.0	58.56961	14.255049	1.0	0.0477	3.19716	1.0	10.191842	3.252999	6.0	14.614343	12.667036999999999	2.0	46.980740999999995	11.698672	4.0	0.056652999999999995	7.256494	5.0	95.563255	2.316374	3.0	67.405362
880.0	2.0	89.44372800000001	60.531677	10.696863	22.908732999999998	0.649442	0.413418	0.35580100000000003	0.737803	21.542491000000002	4.0	53.864585999999996	11.044259	2.0	0.054321	1.565956	1.0	89.800212	1.794809	6.0	2.637892	22.526351000000002	1.0	18.629735	32.732751	2.0	0.519935	7.092006	6.0	31.043664	0.579277	2.0	21.148562
970.0	2.0	34.927875	88.009569	19.730529	2.607986	0.34814	0.682802	0.279439	0.36990500000000004	1.395127	4.0	98.822469	3.5098870000000004	4.0	0.020433	5.147696	5.0	76.732214	2.526822	2.0	76.720019	7.478110000000001	2.0	81.203498	72.044125	5.0	0.014402000000000002	2.041957	1.0	33.489325	10.60604	4.0	34.175561
1003.0	2.0	80.942543	73.816399	82.81908	65.75679000000001	0.28381	0.502579	0.485461	0.553304	11.105852	6.0	1.3596549999999998	11.359328	3.0	0.8734	5.32183	5.0	3.280753	5.5165169999999994	1.0	5.7601830000000005	10.990953999999999	5.0	67.789321	13.871788	6.0	0.01227	12.562267	6.0	21.17118	0.577966	5.0	95.003263
1041.0	2.0	85.865779	82.998787	94.751367	1.110148	0.213821	0.17219500000000001	0.27744	0.160071	71.93505400000001	3.0	36.977294	3.3047370000000003	2.0	0.011639	5.085051999999999	4.0	97.646603	4.688675	5.0	21.409712	18.758255	3.0	42.724501000000004	73.424178	4.0	0.08867699999999999	4.4268849999999995	1.0	99.90393900000001	11.712323	5.0	48.56992
1050.0	2.0	33.356372	99.528402	12.070095	91.019899	0.872453	0.11595899999999999	0.425678	0.547728	9.538544	6.0	34.767312	21.074333	5.0	0.015961000000000003	2.9808310000000002	3.0	17.747289000000002	4.756062	2.0	14.973032	15.471046	4.0	77.981273	33.665421	2.0	0.011313	12.996407000000001	1.0	9.521685	19.594841	3.0	44.873574
1095.0	2.0	37.632946000000004	90.71585300000001	20.3013	81.969127	0.482491	0.5528	0.14651	0.17557999999999999	36.096725	1.0	22.30189	9.403925	3.0	0.01468	2.265214	1.0	39.461884999999995	1.43764	2.0	1.404626	12.097779	5.0	47.15763	37.972088	6.0	0.053328	9.495085000000001	2.0	79.853213	13.055765	5.0	39.498052
1247.0	2.0	65.717044	32.406123	73.06045	97.003238	0.151159	0.18051199999999998	0.5354140000000001	0.799229	40.496864	3.0	28.015504999999997	16.731353	5.0	0.14565999999999998	2.006967	2.0	79.01097800000001	2.164641	4.0	1.7702220000000002	0.628129	1.0	95.42008	10.108161	1.0	0.010298	12.094375	5.0	39.636134000000006	10.760646000000001	5.0	30.013393
1386.0	2.0	80.604095	94.14900300000001	90.48209	8.077991	0.747373	0.266332	0.921633	0.545325	5.749882	5.0	22.662791	14.031326000000002	2.0	0.010931	6.055804	6.0	74.62558299999999	2.456187	4.0	1.8145639999999998	5.767002	4.0	78.13777900000001	27.939992999999998	3.0	0.227505	0.294496	2.0	89.232562	24.356762	5.0	97.387935
1436.0	2.0	4.8537230000000005	91.253067	82.613916	13.178979	0.386772	0.139553	0.6400100000000001	0.44680699999999995	8.794239	5.0	94.52262900000001	1.663211	6.0	0.049075	1.748436	6.0	80.95146899999999	0.650029	3.0	7.553953999999999	1.545018	6.0	56.831212	11.785324000000001	5.0	0.09047999999999999	7.200194000000001	2.0	85.147347	18.218365	6.0	43.837728999999996
1450.0	2.0	9.154236000000001	38.411638	88.721496	40.771341	0.47446800000000006	0.27069299999999996	0.751287	0.375698	63.86493299999999	1.0	4.318377	11.001075	4.0	0.011225	6.1247739999999995	5.0	62.098052	0.8676649999999999	5.0	5.721513	12.667933	1.0	40.227371000000005	12.495254	5.0	0.036052999999999995	8.535359	3.0	95.556273	7.977309	2.0	81.84928199999999
1587.0	2.0	66.78322299999999	82.75062700000001	25.130745	85.924421	0.171726	0.126246	0.899062	0.23993699999999998	51.958755	2.0	16.589495	19.864872000000002	6.0	0.014447999999999999	0.7314069999999999	2.0	6.0323080000000004	3.4975089999999995	3.0	25.757904999999997	9.350336	3.0	59.785939	57.172059	2.0	0.014931999999999999	13.14395	4.0	27.376251	5.147172	5.0	91.47496
1600.0	2.0	58.747591	99.83967	42.935476	48.553388	0.234145	0.899857	0.14130299999999998	0.7148180000000001	53.291298	6.0	99.839741	19.692369	1.0	0.020579	4.193588	1.0	73.742899	3.854735	4.0	1.8236189999999999	7.753575	4.0	82.20558	7.103547	6.0	0.029922000000000004	5.646333	2.0	69.13244	3.822708	4.0	3.6809550000000004
1632.0	2.0	44.131879	65.189138	76.850391	49.580853000000005	0.17879	0.377413	0.845625	0.253176	59.617777000000004	2.0	60.958767	22.259451000000002	6.0	0.016382	4.204173	6.0	49.153504	3.4943120000000003	1.0	1.500392	22.801123999999998	6.0	82.475127	58.084954	5.0	0.011608	8.041966	6.0	2.612623	16.485120000000002	3.0	67.847895
1683.0	2.0	65.675276	59.207345999999994	22.594324	79.785739	0.529994	0.313055	0.283611	0.898869	59.459633999999994	3.0	5.859526	22.459158	6.0	0.043336	4.024684	1.0	21.768410999999997	0.9480780000000001	1.0	48.476017999999996	4.884972	5.0	65.125652	10.765417999999999	4.0	0.025702999999999997	17.536189999999998	2.0	2.5947150000000003	11.718815	3.0	52.418785
1838.0	2.0	71.38663100000001	85.716842	88.478049	67.251162	0.597122	0.8037340000000001	0.495095	0.9617979999999999	8.576456	1.0	85.880348	25.162545	1.0	0.025498	0.10746199999999999	5.0	59.051643999999996	0.085647	3.0	72.050104	13.998184	1.0	60.15479200000001	15.50576	5.0	0.041858	1.999047	2.0	99.4626	13.853416000000001	4.0	61.992793000000006
2156.0	2.0	25.945809	17.402035	35.114819	22.945323000000002	0.6649609999999999	0.231373	0.485407	0.908733	35.071732	2.0	70.545948	11.946375999999999	5.0	0.012372	6.087982	5.0	99.607067	6.190745	1.0	2.606667	17.71711	5.0	75.472598	32.503096	3.0	0.011413	2.647214	3.0	46.144673	16.398916	3.0	79.547774
2181.0	2.0	81.38116600000001	36.678004	20.166523	79.607276	0.14238299999999998	0.553236	0.409604	0.25621700000000003	39.858323999999996	4.0	3.522511	5.511191999999999	3.0	0.10652	4.627651999999999	6.0	6.464002	1.658247	3.0	34.13713	14.694664000000001	1.0	22.688179	42.567681	6.0	0.014478999999999999	5.831594	2.0	24.840975	9.505647	4.0	29.062492
2218.0	2.0	3.987305	79.79891500000001	42.190704	63.23690500000001	0.60234	0.705964	0.773749	0.408123	15.047254999999998	1.0	5.161204	11.70237	3.0	0.031367	2.163468	6.0	74.810468	0.804134	5.0	2.164373	4.258135	1.0	94.279279	5.448091000000001	3.0	0.014681	18.061141	5.0	73.873797	20.111021	4.0	37.888836
2266.0	2.0	54.64691800000001	10.928804	27.648459999999996	38.731624	0.9577559999999999	0.11999100000000001	0.616287	0.119245	40.67067	5.0	63.743614	3.322255	3.0	0.025015	5.442508999999999	5.0	38.96767	1.721383	6.0	1.305445	7.389272	5.0	21.748696	13.456395	2.0	0.011184999999999999	11.457797	6.0	38.365864	9.657813	3.0	2.057052
2413.0	2.0	37.275544000000004	72.476738	80.281403	11.387210000000001	0.866209	0.35077600000000003	0.8338469999999999	0.632617	63.199526	4.0	68.33338499999999	23.999313	2.0	0.011420999999999999	2.265727	2.0	85.88180899999999	3.049613	1.0	7.9736080000000005	11.425572	2.0	19.115696	54.18655	1.0	0.015458000000000001	1.2643	2.0	87.99270899999999	24.865983	2.0	55.789504
2493.0	2.0	75.506462	21.271772	55.290859	23.290038	0.7330939999999999	0.228669	0.291486	0.60663	34.498385999999996	1.0	12.745148	3.8147910000000005	1.0	0.063251	2.403263	4.0	4.639576	2.985784	1.0	55.67463000000001	10.314737	5.0	78.54355600000001	0.78865	5.0	0.025599	2.981776	5.0	99.38959200000001	4.773985	2.0	26.225533000000002
2528.0	2.0	41.708014	94.772475	68.825404	13.43645	0.30693000000000004	0.10379200000000001	0.79295	0.374371	16.423147	6.0	31.415311	9.714567	3.0	0.23856999999999998	0.449329	6.0	76.462124	5.806819	2.0	42.379088	0.35068299999999997	2.0	5.020934	74.49524100000001	6.0	0.066995	0.572886	1.0	62.230920999999995	18.238653	6.0	67.605151
2547.0	2.0	11.474141	24.081354	76.18595400000001	25.379781	0.271552	0.346615	0.9786100000000001	0.43904399999999993	71.772409	1.0	34.546334	20.843944	5.0	0.011769	5.377174	3.0	74.41767	3.9141779999999997	2.0	2.7374080000000003	7.668882000000001	2.0	22.824426000000003	14.617582	6.0	0.016986	13.061775	3.0	4.327075	13.616381	4.0	53.541635
2578.0	2.0	85.584324	74.823858	3.504894	98.628125	0.148999	0.330758	0.398181	0.5805939999999999	37.117205	2.0	16.373510999999997	4.585666000000001	5.0	0.053946	3.7373839999999996	1.0	3.105141	1.580785	2.0	66.89225400000001	11.716542	5.0	23.61477	57.708668	2.0	0.047406000000000004	14.819714999999999	6.0	8.044499	11.711149	6.0	65.95650699999999
2722.0	2.0	41.515619	36.60368	46.838074	86.877888	0.7239479999999999	0.297646	0.253373	0.450133	64.740291	4.0	6.866636	21.240651	6.0	0.020756999999999998	2.5376790000000002	1.0	85.91028299999999	0.18773299999999998	2.0	1.483164	22.172371	1.0	3.0747139999999997	27.334571	4.0	0.014988999999999999	6.687073	2.0	56.75102	20.402596	5.0	14.278688
2866.0	2.0	9.370719	16.376686	7.996785000000001	40.080424	0.30683299999999997	0.296313	0.720052	0.6125189999999999	65.379788	6.0	30.607347999999998	18.809366	3.0	0.040744	4.1461809999999995	6.0	11.759174	0.0743	3.0	55.116997999999995	22.988485999999998	6.0	53.43545699999999	75.888305	2.0	0.011733	12.643702000000001	4.0	65.80323100000001	1.225323	6.0	45.405205
2885.0	2.0	5.019583	75.376127	31.070533	19.235570000000003	0.915568	0.206148	0.7594270000000001	0.290648	14.556932000000002	3.0	23.068641	5.744813	6.0	0.07252	1.307389	3.0	65.532887	6.260364	2.0	11.454925	23.343712	1.0	35.279965999999995	16.565524	2.0	0.010657	6.257942	6.0	57.219922	8.093764	1.0	71.7155
2955.0	2.0	69.657023	47.488175	39.313177	15.807785	0.281556	0.221586	0.678453	0.46662299999999995	7.481764	3.0	96.36559399999999	22.251224	2.0	0.01166	0.651687	3.0	28.946540000000002	1.947229	1.0	58.28361999999999	12.008479	3.0	73.347946	24.581797	1.0	0.022241999999999998	1.361921	5.0	95.383628	13.095697	2.0	62.980557
2968.0	2.0	19.731126999999997	87.344497	24.740319	82.61375100000001	0.6968949999999999	0.485538	0.25498200000000004	0.773939	75.317858	1.0	37.720561	6.218707	6.0	0.033635000000000005	3.014001	4.0	23.04655	2.915153	1.0	5.149774	21.779119	4.0	42.154061	4.946305000000001	3.0	0.019294	7.452183	6.0	59.832564	9.514757000000001	1.0	52.477658
2993.0	2.0	53.977165	42.486171999999996	31.193004	19.336729000000002	0.21265799999999999	0.11548299999999999	0.943154	0.449825	12.104614999999999	6.0	28.214438	23.542498000000002	3.0	0.015857	0.8280930000000001	2.0	37.66662	0.857891	2.0	39.973325	6.413296	4.0	46.11935	38.380421999999996	1.0	0.084842	3.201232	3.0	54.031046999999994	4.0233099999999995	2.0	71.01361700000001
3063.0	2.0	27.75007	85.327744	34.700706	37.358179	0.857525	0.204674	0.40579699999999996	0.670296	66.652538	5.0	80.955242	11.692563	4.0	0.042398000000000005	1.659505	6.0	80.371235	2.804977	2.0	2.1884490000000003	20.306008	6.0	9.610469	52.815226	5.0	0.021769999999999998	4.526086	6.0	34.95564	17.470126	4.0	57.636718
3110.0	2.0	96.683673	45.931613	43.995796	83.633785	0.63121	0.419433	0.254511	0.34632399999999997	45.753933	2.0	11.296742	7.233877000000001	5.0	0.583012	6.178367	1.0	62.523247999999995	1.6652580000000001	5.0	26.816847999999997	13.633281	5.0	6.065016	46.186853	6.0	0.028682999999999997	19.004588000000002	1.0	78.103081	7.345885000000001	3.0	17.361841000000002
3175.0	2.0	11.563449	51.192882	4.855674	67.784126	0.612589	0.432985	0.394428	0.385956	16.549395	4.0	64.926736	7.371061999999999	2.0	0.118023	1.8684180000000001	6.0	42.064257	2.4456189999999998	2.0	1.775175	8.426399	1.0	25.516831	42.004665	1.0	0.057058000000000005	8.951015	5.0	89.25366700000001	10.615602	5.0	53.302792000000004
3229.0	2.0	62.134935	25.175432	27.214954	87.29555500000001	0.287271	0.35081	0.740156	0.372292	7.1889	2.0	27.926797999999998	24.518826	5.0	0.010081	5.916526999999999	2.0	40.681794000000004	3.977835	6.0	1.446909	15.364336999999999	4.0	63.650631999999995	10.608616	6.0	0.050854	1.9582060000000001	6.0	95.64108399999999	21.915208	4.0	30.963414
3257.0	2.0	19.098201	95.879153	5.091957	66.776678	0.331361	0.135214	0.9825659999999999	0.6022350000000001	14.633037	2.0	39.659298	23.463368	4.0	0.013087	5.7525059999999995	5.0	37.947798	3.184864	3.0	74.305717	23.134358	3.0	6.292091	57.339936	1.0	0.026494	17.734691	4.0	34.634168	21.838774	1.0	39.702532
3282.0	2.0	94.327182	96.397749	41.246635999999995	81.033887	0.9150209999999999	0.609577	0.529558	0.998926	43.942234	3.0	72.084468	1.215067	1.0	0.013994	3.62282	4.0	63.138833999999996	4.8892690000000005	5.0	4.523037	18.895210000000002	2.0	52.075808	2.71751	2.0	0.011089	11.042064	5.0	81.37350699999999	10.631149	6.0	13.283949
3321.0	2.0	34.959855	81.51227800000001	6.119725	67.334609	0.750847	0.686974	0.5362	0.434126	35.215419	1.0	5.095193	8.510461	3.0	0.028477999999999996	0.678912	4.0	15.776658	0.8029390000000001	5.0	2.4554009999999997	7.935878	6.0	81.347061	57.765719999999995	5.0	0.012074	2.527499	3.0	96.539996	20.468652	6.0	34.093153
3467.0	2.0	42.758086	53.365286	21.081729	90.10085	0.763484	0.39261	0.683008	0.549148	27.524812	6.0	44.068576	25.223563000000002	1.0	0.010787	2.334668	3.0	8.057872999999999	0.62369	1.0	7.901988	21.685236	2.0	36.66695	69.947675	3.0	0.022886	7.928928	1.0	30.327907	16.555019	1.0	43.431751
3483.0	2.0	5.455543	93.05638	18.976159	3.006016	0.455849	0.137613	0.774359	0.889323	38.477340000000005	3.0	34.945252	24.341276	2.0	0.010637	5.672934	5.0	39.124642	0.982485	1.0	68.36415600000001	15.542421	2.0	60.782109	67.59947	4.0	0.021955000000000002	6.832069000000001	4.0	20.035505999999998	12.022859	4.0	57.229223
3537.0	2.0	32.198151	98.54343100000001	45.515369	75.771839	0.786622	0.113195	0.957478	0.18766	75.303917	3.0	19.560510999999998	7.3807350000000005	1.0	0.066229	3.5199089999999997	6.0	61.685058	0.321948	6.0	8.955528999999999	8.184502	2.0	60.970865	58.876895	4.0	0.102877	16.699113	4.0	96.28616099999999	23.033981	2.0	82.209252
3742.0	2.0	80.486283	87.85790300000001	39.603819	16.996318	0.272455	0.35231799999999996	0.379135	0.313628	45.747063	6.0	2.5434740000000002	20.001209	6.0	0.14484	0.118547	4.0	20.230473	2.508892	2.0	88.81633000000001	10.613724000000001	4.0	39.310077	44.278055	2.0	0.021339	4.461782	1.0	62.132948999999996	4.43656	5.0	43.469631
3788.0	2.0	33.156797999999995	14.146509	19.317576000000003	3.6670279999999997	0.790894	0.12626099999999998	0.35375999999999996	0.423724	35.448451	4.0	4.658995	18.360637	3.0	0.011196	5.3545419999999995	1.0	13.821045999999999	5.711093	3.0	92.777578	5.177078	3.0	73.32059	17.740397	4.0	0.019946000000000002	15.928652	3.0	1.856032	1.463807	5.0	17.053685
3790.0	2.0	70.29581	49.589431	71.329871	96.10146800000001	0.319291	0.108635	0.138481	0.705348	50.499691	4.0	6.105992	14.560757999999998	6.0	0.398421	1.528402	1.0	92.287291	2.5060599999999997	6.0	53.749042	3.177413	1.0	14.333539000000002	16.556831	4.0	0.018119999999999997	10.016156	2.0	1.603674	24.252372	2.0	70.264452
3803.0	2.0	97.46735600000001	71.27493199999999	45.132626	15.74228	0.477609	0.176677	0.15289	0.207792	46.88123	3.0	34.376385	7.565264	4.0	0.180254	3.006883	6.0	36.159074	0.167489	1.0	1.8763290000000001	6.358989	5.0	7.651314999999999	69.488762	3.0	0.010012	12.023506	1.0	76.992725	9.643054	4.0	10.144751
3868.0	2.0	85.03933599999999	20.447871	3.569774	22.600881	0.313693	0.200828	0.327921	0.462667	11.669943	6.0	18.293051000000002	21.238307	2.0	0.016263999999999997	5.498922	1.0	96.74159	1.806141	1.0	43.806022999999996	4.713068	6.0	70.69595100000001	15.037602	1.0	0.015377000000000002	2.4919759999999997	1.0	91.64104300000001	8.602703	4.0	96.587131
3874.0	2.0	76.261318	86.887938	84.554957	8.689288000000001	0.660714	0.3794	0.354887	0.5885640000000001	63.302783	3.0	46.777275	22.159959	6.0	0.013888	3.358668	4.0	16.574276	2.032289	1.0	5.630115	4.7746319999999995	6.0	65.132038	47.405684	4.0	0.012891	2.613039	6.0	16.35727	15.003917999999999	5.0	1.110784
4060.0	2.0	73.75493399999999	42.065395	39.416343	89.881361	0.391002	0.335621	0.673317	0.38602600000000004	43.635056	5.0	76.295794	18.78837	4.0	0.124463	4.187714	4.0	1.614943	2.8147849999999996	1.0	11.266537	24.083423	5.0	80.636744	74.995767	5.0	0.018354	6.537969	4.0	93.60660899999999	15.75198	2.0	46.070098
4162.0	2.0	45.023908	84.80924399999999	39.421151	39.947482	0.5017659999999999	0.251716	0.682304	0.209373	65.463015	1.0	57.375112	20.290447	3.0	0.010896	3.982935	3.0	18.749023	5.589804	1.0	15.178915	7.466727000000001	5.0	9.655026	8.386021000000001	3.0	0.010375	1.9311580000000002	5.0	11.568092	20.357254	6.0	63.733814
4184.0	2.0	67.269696	36.909222	23.232464999999998	27.958664000000002	0.291302	0.11599000000000001	0.157926	0.26053200000000004	66.484359	5.0	13.577817999999999	24.778345	1.0	0.032873	1.5312270000000001	4.0	12.628653	0.21656999999999998	4.0	7.777636	21.480103	3.0	36.182545000000005	16.237328	5.0	0.011082	13.113499	6.0	12.551	2.859294	4.0	24.371041
4227.0	2.0	36.842819	85.384896	23.984117	68.447151	0.350667	0.21432600000000002	0.269631	0.395412	59.133083	4.0	13.109081	17.446887	5.0	0.12319000000000001	1.187737	6.0	12.751017	4.14721	1.0	15.387507999999999	2.3063849999999997	5.0	80.244336	74.942454	6.0	0.015106999999999999	1.499556	6.0	80.69941999999999	5.3573010000000005	5.0	17.99558
4394.0	2.0	60.193495	15.028904999999998	97.868688	95.183386	0.41899200000000003	0.123796	0.562869	0.46738599999999997	38.301459	1.0	47.771784000000004	4.573601	6.0	0.380569	2.967041	4.0	57.330638	0.09994	2.0	87.887055	14.391846	3.0	28.120515	8.915925	6.0	0.035056	12.493893	5.0	59.199714	1.241609	3.0	23.690410999999997
4538.0	2.0	16.64796	81.666578	8.819891	85.90339	0.278444	0.14962	0.509208	0.42244	19.860886999999998	2.0	29.950718	9.130162	2.0	0.023589	1.496032	4.0	5.2210220000000005	5.626156	3.0	11.509927000000001	7.792723	2.0	23.747723999999998	27.467230999999998	1.0	0.043713999999999996	11.076046	1.0	79.689882	12.112776	6.0	72.182659
4638.0	2.0	45.31051	48.980344	92.59785699999999	89.313793	0.33032100000000003	0.305664	0.962067	0.738703	61.583296	1.0	24.754163000000002	24.929879	2.0	0.038512	0.868765	1.0	82.559116	5.835641000000001	1.0	85.817448	4.679614	6.0	55.443149	71.46199399999999	6.0	0.061532	15.768185999999998	2.0	8.877212	6.109816	3.0	85.610291
4723.0	2.0	78.69494300000001	50.369997	31.420575	22.686609	0.9786870000000001	0.5426850000000001	0.24056599999999997	0.9464530000000001	0.9724809999999999	4.0	17.220809	7.848603	3.0	0.025294	1.111275	1.0	53.380917000000004	0.503688	2.0	89.644094	3.4695720000000003	2.0	84.831344	12.122532000000001	5.0	0.022072	18.951141	1.0	3.435394	1.103165	6.0	42.840996000000004
4811.0	2.0	37.476712	69.731802	43.148338	57.956752	0.754396	0.117297	0.908623	0.23573400000000003	17.441119	5.0	11.145679	24.115567000000002	4.0	0.069159	0.693281	6.0	65.220564	0.229767	1.0	86.636492	0.577484	1.0	79.574566	57.674623	3.0	0.020943	5.000383	2.0	47.524667	17.838219	5.0	36.290181
4857.0	2.0	20.234443	89.42445699999999	52.067452	83.058037	0.125885	0.325439	0.73077	0.510328	19.957414	3.0	77.969471	19.656764000000003	5.0	0.028636	2.952091	1.0	84.499964	1.589138	2.0	13.490110999999999	19.519962	6.0	67.650737	34.559746999999994	6.0	0.013874000000000001	12.060907	3.0	27.749088	0.629024	6.0	59.335547999999996
4946.0	2.0	65.456475	51.724543	83.736244	55.134042	0.832485	0.199382	0.8822770000000001	0.478229	25.73026	3.0	15.479551	15.025267000000001	4.0	0.059487	5.231571	5.0	97.60728	0.7217779999999999	5.0	2.65833	23.330249	4.0	10.540381	30.316269000000002	6.0	0.014809000000000001	9.165806	4.0	7.506543	17.644887	5.0	33.192657000000004
4974.0	2.0	60.617295	72.96623100000001	15.879121	66.294549	0.348552	0.14046199999999998	0.5125149999999999	0.224911	3.156169	1.0	6.7716520000000004	4.473735	4.0	0.010256	1.7882580000000001	4.0	62.352298	0.072673	2.0	62.04764399999999	13.893035000000001	4.0	45.693331	36.106476	4.0	0.011356999999999999	12.843369000000001	3.0	96.799265	1.672985	6.0	98.809079
5011.0	2.0	8.113325	73.312913	80.434913	12.702363	0.36141100000000004	0.267175	0.580661	0.41832299999999994	1.016197	2.0	66.358424	20.345688	3.0	0.03959	5.678319	6.0	33.130393	1.3368120000000001	2.0	67.572012	12.773399000000001	5.0	43.829577	77.36762900000001	2.0	0.025506	8.40369	4.0	25.154064	19.113196	4.0	4.256497
5060.0	2.0	20.076458	96.54548299999999	39.802165	73.55812	0.7579279999999999	0.241569	0.325833	0.7379359999999999	7.869508000000001	5.0	91.75578	13.535179999999999	3.0	0.033764999999999996	0.28268699999999997	4.0	63.175677	0.109928	1.0	81.59568	10.656561	6.0	7.420619	18.045307	6.0	0.033175	2.615207	1.0	75.936148	2.192371	5.0	8.636902000000001
5132.0	2.0	91.745836	51.322046	2.639118	73.648622	0.971968	0.121255	0.755961	0.65057	34.901074	5.0	20.453834	13.467623000000001	6.0	0.01047	4.211745	4.0	93.793592	5.565725	2.0	17.218418	22.673157	3.0	19.391678	5.658265	2.0	0.185773	14.677222	4.0	86.862641	7.36716	6.0	7.270035000000001
5171.0	2.0	88.999172	26.843891999999997	11.568769999999999	34.330405	0.189711	0.146918	0.902402	0.77412	61.634326	5.0	2.4185470000000002	5.366218	4.0	0.064697	2.608864	2.0	28.77115	6.0204949999999995	6.0	79.544354	12.788418	1.0	43.565835	45.561621	4.0	0.010075	9.753895	3.0	8.456478	1.9038	6.0	89.150265
5180.0	2.0	22.770583	59.158867	74.844494	55.05882	0.888442	0.477947	0.9906950000000001	0.801491	74.44496099999999	6.0	41.718666	8.926599000000001	5.0	0.015633	1.7136	3.0	28.269	4.086379	6.0	2.5942979999999998	8.189578	6.0	84.753274	28.506726	4.0	0.012513	16.569643	6.0	66.493585	8.334452	6.0	99.82002
5197.0	2.0	87.342961	41.926744	10.80038	86.78800600000001	0.157868	0.177205	0.54761	0.7060960000000001	51.796288	5.0	30.193078000000003	1.558115	1.0	0.040205	1.696649	6.0	88.54265799999999	3.556072	3.0	3.0022919999999997	19.084293	2.0	77.038361	71.894587	2.0	0.078511	11.898238000000001	1.0	96.660964	18.417555	2.0	18.110457
5244.0	2.0	98.559595	79.715082	48.410526000000004	9.250595	0.246633	0.643782	0.536736	0.643528	74.854796	4.0	59.785325	4.774797	1.0	0.015616	0.27320500000000003	5.0	8.992981	4.814254	2.0	68.628763	11.69166	2.0	39.166171999999996	3.543313	1.0	0.021292	0.300951	6.0	67.326444	3.841672	5.0	90.85999699999999
5266.0	2.0	75.369964	85.45080899999999	79.639465	72.42208199999999	0.211667	0.222483	0.569136	0.29279099999999997	7.597244	2.0	93.206887	8.906389	4.0	0.030320999999999997	0.9129209999999999	1.0	7.523061	4.963875	3.0	73.622632	14.797248000000002	1.0	2.482949	12.927332	2.0	0.051465	0.548888	5.0	16.148709	13.14696	6.0	89.719347
5543.0	2.0	42.643143	91.401331	83.820647	76.436243	0.675026	0.548679	0.468764	0.706642	23.543186	5.0	6.012682	18.756493	6.0	0.846701	1.9127189999999998	1.0	20.717392999999998	0.5047520000000001	2.0	90.262236	24.085844	3.0	68.580096	29.233690000000003	5.0	0.016173	2.421025	5.0	5.670878	23.048891	2.0	53.330412
5575.0	2.0	89.72336800000001	85.073572	29.290646000000002	86.571426	0.49852299999999994	0.172036	0.676325	0.7493270000000001	18.359717	3.0	51.445275	23.882912	1.0	0.025498	5.203501999999999	5.0	82.989774	1.946589	6.0	4.148919	6.190442	6.0	96.496581	32.102633000000004	2.0	0.014688999999999999	18.111995	2.0	7.754557000000001	4.295166	3.0	71.82027
5652.0	2.0	51.359675	72.500939	71.831812	75.417226	0.5222319999999999	0.70975	0.8356709999999999	0.724705	71.724522	3.0	73.38696800000001	14.790834	3.0	0.024619	3.500221	2.0	71.934783	1.173209	5.0	2.022989	13.223023999999999	4.0	22.174162	1.6412509999999998	5.0	0.017789	1.46602	1.0	74.762904	18.269997	2.0	9.730514
5660.0	2.0	21.804194	59.163593000000006	46.755685	70.45928	0.441287	0.349394	0.196378	0.553196	11.166468	4.0	66.168139	16.569976999999998	4.0	0.641424	0.609627	4.0	18.669029000000002	3.2261580000000003	2.0	3.91304	10.857494	1.0	61.421891	53.16500500000001	3.0	0.01098	9.379339	1.0	69.838963	22.760735	5.0	96.815904
5720.0	2.0	98.157855	57.665971	2.232615	63.887038000000004	0.271681	0.8364010000000001	0.507899	0.211304	5.127248000000001	4.0	45.163524	22.78333	5.0	0.021647	4.366996	6.0	22.662209	1.389928	4.0	21.226449	11.724314999999999	2.0	34.592087	12.768205	3.0	0.019854	12.962926	6.0	39.059651	1.583917	5.0	53.326657999999995
5770.0	2.0	33.314775	78.306012	14.2026	80.56436	0.190223	0.8277559999999999	0.948569	0.892143	1.049082	3.0	29.888428	9.368345	1.0	0.09654299999999999	1.0732629999999999	4.0	96.48584100000001	1.2929950000000001	2.0	83.413084	16.325169	6.0	98.879554	66.70449	2.0	0.019303	7.6123449999999995	2.0	12.336882000000001	7.200703	5.0	78.718887
5928.0	2.0	30.599269	68.13989699999999	29.30619	21.598520999999998	0.748501	0.776502	0.45306599999999997	0.287234	71.31356	1.0	45.178891	13.205662	3.0	0.039304	2.258206	4.0	45.335364	4.884297	5.0	3.462646	0.43268100000000004	6.0	24.302315	16.102854	6.0	0.022555000000000002	15.573127	5.0	54.314191	13.058953	6.0	15.138072
5985.0	2.0	97.349166	98.597102	73.645545	22.965017	0.12845399999999998	0.197257	0.720949	0.15219100000000002	51.890808	2.0	70.927635	14.060260999999999	1.0	0.099951	0.884599	1.0	10.441757	1.045935	4.0	32.467744	1.7632310000000002	4.0	41.695343	22.500529999999998	6.0	0.015983	0.809403	3.0	38.432865	10.407825	6.0	8.049696
6025.0	2.0	3.163879	37.065794	59.572227000000005	80.676574	0.13825199999999999	0.28373899999999996	0.35484	0.26309499999999997	36.065279	4.0	50.503135	6.065137	4.0	0.010013	2.864348	1.0	97.554838	3.587939	1.0	5.73296	22.221870000000003	5.0	85.110974	9.839482	4.0	0.015663999999999997	2.27601	3.0	65.095435	23.207998999999997	4.0	75.887114
6246.0	2.0	9.175483	99.448673	5.359198999999999	87.167393	0.34591	0.278485	0.682057	0.887524	74.652293	6.0	62.945437	9.172808	3.0	0.08174	4.086975	5.0	1.6141729999999999	2.044172	4.0	10.377257	22.748716	3.0	20.636070999999998	34.494639	4.0	0.048208	15.907442000000001	3.0	77.19829	6.361954	4.0	49.624082
6320.0	2.0	28.937996000000002	57.527793	52.374992	15.92329	0.539166	0.14438	0.727999	0.522084	55.090996	6.0	68.092123	4.636723	4.0	0.017152	3.50365	6.0	65.68249499999999	5.921447	1.0	10.83184	12.069485	5.0	32.815663	53.991246999999994	1.0	0.025898	15.357880999999999	1.0	75.793491	19.660942000000002	2.0	45.632594
6350.0	2.0	35.739073	81.241407	37.425415	3.095082	0.6078399999999999	0.666285	0.15218299999999998	0.42971899999999996	29.643712	5.0	63.652822	24.05529	4.0	0.010661	6.11674	3.0	95.027178	5.287543	2.0	1.689591	16.835653	5.0	16.444793	41.017788	5.0	0.067454	1.8686490000000002	3.0	45.59472	13.289703	2.0	47.665244
6365.0	2.0	83.639787	71.282623	18.330768	52.478968	0.182527	0.187672	0.41639	0.595217	43.181181	6.0	49.727146000000005	3.2754060000000003	2.0	0.065339	0.22782800000000003	2.0	10.854011	2.094764	3.0	37.291243	12.175028999999999	5.0	31.422169	44.681446	2.0	0.019286	0.839073	4.0	83.228718	5.605462	6.0	95.75351500000001
6413.0	2.0	55.436814	71.030321	12.791871	70.793152	0.24591	0.6763640000000001	0.562385	0.308475	51.611926000000004	3.0	92.84527800000001	16.777186	2.0	0.03094	4.177674	5.0	1.8207849999999999	3.122525	1.0	3.101123	5.501011	6.0	20.550773	20.825941	4.0	0.022025	9.035287	6.0	18.743973999999998	1.9803400000000002	6.0	88.59914300000001
6473.0	2.0	88.529526	90.771176	3.956907	78.22864	0.526211	0.554016	0.27971	0.572527	18.685382999999998	1.0	8.196928999999999	21.369861	1.0	0.054393	0.352404	1.0	8.11742	2.628112	1.0	2.659663	15.167822	1.0	92.293522	14.322354	1.0	0.6438699999999999	4.753269	1.0	90.930325	3.014734	6.0	87.563098
6481.0	2.0	65.67504	79.08377	7.390516000000001	39.875405	0.814627	0.730029	0.417407	0.8379280000000001	34.501721999999994	2.0	7.445593	23.769454	6.0	0.021822	4.317976	2.0	35.164856	3.4650410000000003	1.0	37.70827	9.060428	3.0	20.404425	45.829325	2.0	0.051473000000000005	17.824767	1.0	55.322976000000004	0.732172	5.0	79.887247
6537.0	2.0	74.452263	45.843838	87.068392	81.816466	0.641084	0.334219	0.41595699999999997	0.789313	18.221985	1.0	79.449741	18.336495000000003	1.0	0.032936	0.302467	5.0	52.396776	3.53422	6.0	24.167819	22.393381	2.0	51.168963	41.662923	4.0	0.023826	10.44262	1.0	89.276234	9.628399	6.0	94.314021
6539.0	2.0	23.870707	44.140888000000004	59.384972	95.341791	0.42858100000000005	0.10909400000000001	0.108063	0.8982700000000001	19.619365	6.0	62.533770999999994	16.995723	1.0	0.12713	0.070858	5.0	81.020262	1.9215229999999999	4.0	10.629795	14.304920999999998	2.0	27.960054	7.281351	2.0	0.011526	4.218736	2.0	70.791387	7.2324600000000006	6.0	23.612748999999997
6553.0	2.0	57.471025	35.096869	33.204268	1.4923549999999999	0.501675	0.8239209999999999	0.548315	0.576443	53.993308	6.0	77.651842	12.932214	6.0	0.018269	3.220943	2.0	65.352948	6.197366000000001	6.0	1.3373629999999999	10.499403	1.0	75.610963	43.603947999999995	3.0	0.010912999999999999	18.247429999999998	6.0	44.397312	18.936573000000003	4.0	27.785339
6639.0	2.0	50.227005	94.983721	3.556423	7.61955	0.8441139999999999	0.18785	0.273081	0.767586	43.699360999999996	3.0	16.071386999999998	19.382081	4.0	0.064265	3.3995830000000002	3.0	90.467798	6.107094	3.0	21.023907	22.969503	4.0	58.5629	2.331849	2.0	0.053131	3.933868	5.0	7.919072	23.09514	3.0	64.648607
6659.0	2.0	85.305263	69.759644	14.652919	68.08196099999999	0.156604	0.871149	0.22759000000000001	0.664555	46.158840999999995	6.0	1.5010620000000001	22.271670999999998	1.0	0.01927	1.760456	1.0	7.884428	4.343565	4.0	5.845468	12.274598	4.0	24.147817	53.683976	5.0	0.014672999999999999	13.783198	6.0	8.446251	3.0072	5.0	42.634996
6671.0	2.0	18.176995	55.973024	41.25889	32.091208	0.864734	0.37856599999999996	0.28078200000000003	0.5685479999999999	2.051167	3.0	40.702666	5.218178	5.0	0.39823000000000003	4.219295	6.0	52.625479000000006	5.754543	1.0	4.4801150000000005	24.836054	4.0	52.203216	17.627616	6.0	0.020578	5.650077	4.0	58.063421999999996	1.403721	1.0	21.696375
6882.0	2.0	43.628386	93.710909	84.904465	70.095093	0.732699	0.170247	0.756925	0.199175	7.027850999999999	6.0	29.7032	9.937319	6.0	0.038064	0.120995	3.0	40.568672	0.551338	3.0	76.464656	21.57491	4.0	93.82788599999999	42.452762	3.0	0.01615	13.117769000000001	1.0	3.8416269999999995	12.829604	4.0	70.848281
6937.0	2.0	24.519435	55.037805000000006	28.893165999999997	96.721452	0.9300379999999999	0.420662	0.404091	0.167664	17.351126999999998	1.0	41.740708000000005	13.371623000000001	3.0	0.02543	1.219066	2.0	53.488914	1.772244	1.0	1.312022	0.784179	2.0	26.900021000000002	6.9334	6.0	0.131905	15.123107000000001	1.0	50.97121	23.661171	5.0	50.777026
7024.0	2.0	11.536537	77.408274	93.904779	19.897559	0.615991	0.138569	0.651814	0.978211	24.401944	4.0	9.936471000000001	15.505785999999999	5.0	0.013996999999999999	5.779177	4.0	20.243197	1.586907	1.0	85.387774	10.792760000000001	2.0	1.8519	40.929069	4.0	0.021647	17.376494	1.0	38.719176000000004	24.168105999999998	2.0	42.252956
7140.0	2.0	10.806986	77.049963	26.828222999999998	6.192201	0.5386850000000001	0.251104	0.28556	0.511858	55.911232	6.0	22.022832	5.35513	4.0	0.036735000000000004	0.7198220000000001	2.0	73.44225899999999	4.681712	1.0	10.109326	19.095979	4.0	68.080635	22.222295000000003	2.0	0.01563	17.156163	3.0	62.746803	19.444745	5.0	23.443583
7176.0	2.0	72.923105	94.870719	4.519254	24.830056	0.136786	0.233329	0.961887	0.654833	68.381825	5.0	29.520403	24.279578	1.0	0.014163999999999998	4.809376	4.0	65.009202	4.240994000000001	5.0	16.836688	22.227592	1.0	98.767566	32.99772	2.0	0.023767	18.16382	4.0	51.267078999999995	10.442953999999999	5.0	74.142548
7232.0	2.0	13.662657000000001	44.300814	13.127260999999999	15.061003	0.226307	0.30834	0.986634	0.39471100000000003	72.611633	1.0	88.820655	16.949661	6.0	0.034019	3.0276490000000003	4.0	81.707734	0.777283	1.0	43.589982	15.023226000000001	2.0	77.292386	5.295041	6.0	0.174527	15.913148999999999	6.0	3.539758	14.250939	3.0	91.993742
7240.0	2.0	42.037151	65.76472700000001	30.218253000000004	90.34081	0.946533	0.43704	0.859743	0.736532	59.456441000000005	5.0	15.038405	18.634957999999997	6.0	0.78368	4.129962	6.0	11.037291999999999	5.140748	2.0	3.841824	15.405604	3.0	57.573181000000005	21.02582	5.0	0.015905000000000002	3.2824139999999997	4.0	38.267533	24.208405	4.0	68.594263
7360.0	2.0	13.834349	92.94084699999999	4.122982	7.835062	0.274255	0.872259	0.489324	0.11404500000000001	4.735831	3.0	75.35840999999999	5.139809	3.0	0.020819	5.888962	5.0	36.448347	5.491007	1.0	34.043734	8.795689999999999	6.0	76.736665	1.860525	4.0	0.025503	12.105777	5.0	96.49685500000001	22.937392000000003	5.0	44.880055
7370.0	2.0	91.535263	33.435577	85.20670600000001	72.722667	0.6639079999999999	0.259521	0.9384809999999999	0.5374399999999999	7.532457000000001	6.0	31.150848999999997	20.244464999999998	1.0	0.010284	5.796702	1.0	19.505015	2.423131	6.0	5.0660099999999995	15.386726999999999	2.0	70.92661899999999	34.014468	5.0	0.04605	2.350152	4.0	28.465171	16.978827	2.0	52.221056
7503.0	2.0	81.682823	71.622065	33.933485	81.445088	0.9709479999999999	0.651541	0.47340299999999996	0.43393699999999996	77.623592	1.0	76.001537	21.100959	1.0	0.021733000000000002	2.850152	4.0	95.26652299999999	1.308951	3.0	3.476143	16.329479	5.0	47.747496000000005	11.130208999999999	5.0	0.011887	8.162771000000001	4.0	87.242143	11.427285000000001	5.0	74.280603
7522.0	2.0	84.413071	36.731549	18.940084	47.067828000000006	0.329493	0.263468	0.962261	0.38246199999999997	77.14177	5.0	33.275755	6.727958999999999	1.0	0.033565	0.8149390000000001	6.0	1.817855	0.7562949999999999	2.0	27.470940999999996	2.671467	5.0	94.099682	77.075296	6.0	0.070688	3.163233	3.0	25.132192	11.603595	6.0	97.536365
7539.0	2.0	58.053796999999996	67.856879	27.171978999999997	62.650803	0.234111	0.848635	0.542451	0.462966	45.5809	1.0	13.039619	15.276765	4.0	0.018288	1.0450110000000001	2.0	10.03251	0.077836	5.0	18.165456	16.312604	2.0	9.327382	1.842068	3.0	0.011826	18.124835	1.0	76.396537	0.9706819999999999	3.0	69.27166700000001
7575.0	2.0	37.648996999999994	93.044627	59.81515600000001	63.304880000000004	0.24098699999999998	0.624291	0.234735	0.93116	27.632254	1.0	8.356814	3.723825	6.0	0.11468900000000001	2.983622	1.0	33.065521999999994	1.271932	1.0	31.359951000000002	3.787835	2.0	59.01168199999999	23.45542	6.0	0.018142	2.229176	1.0	94.564541	4.980444	4.0	23.500235
7576.0	2.0	51.65314	66.10327	59.737016000000004	67.607677	0.930688	0.321418	0.719878	0.896223	25.70293	5.0	39.825088	15.070163	4.0	0.0125	5.1984580000000005	5.0	57.092891	0.080402	2.0	1.944843	23.575539000000003	6.0	21.199788	30.545889000000003	5.0	0.010423	11.139801	6.0	18.021755	11.999466	5.0	11.214113000000001
7603.0	2.0	2.149559	97.68737	83.435281	5.439337	0.16812	0.29033600000000004	0.861541	0.627015	73.639149	5.0	54.98945	7.309916	6.0	0.01067	6.130623	4.0	97.955694	1.4292719999999999	4.0	10.50565	10.033608000000001	4.0	69.523888	75.160386	1.0	0.036122	2.3393349999999997	1.0	58.68761899999999	21.74205	2.0	57.897038
7729.0	2.0	18.565465	80.122463	98.538951	99.33211899999999	0.551255	0.333588	0.976937	0.47864300000000004	32.440015	3.0	52.018586	3.717883	3.0	0.012015999999999999	3.301161	6.0	93.402149	6.213322	5.0	2.142609	12.593783	6.0	23.361001	34.878806	6.0	0.023214	12.540119	2.0	28.423102	5.481751999999999	1.0	50.191655
7778.0	2.0	93.19376	72.261577	30.283365000000003	62.11243	0.16508	0.5413399999999999	0.308736	0.789734	15.389021	1.0	9.703998	16.360295	4.0	0.34787399999999996	0.257786	4.0	18.511731	2.038333	2.0	23.594768	9.344151	4.0	97.583725	66.307919	4.0	0.012896000000000001	6.779955999999999	1.0	29.282032	4.346433	2.0	50.264396000000005
7867.0	2.0	99.003805	76.384213	8.990688	75.648648	0.287934	0.8414459999999999	0.652911	0.981665	0.945033	4.0	68.500431	15.850062	3.0	0.031512	0.8753209999999999	6.0	31.088974	0.6658430000000001	3.0	91.66844	1.800157	4.0	25.108175	28.159715000000002	4.0	0.079161	3.684537	1.0	76.79936	16.333032	1.0	64.694027
7988.0	2.0	93.653361	28.151047	26.482165999999996	83.23596500000001	0.6826180000000001	0.217185	0.934724	0.162465	76.286736	3.0	13.756935999999998	17.150742	6.0	0.049087	0.176517	4.0	1.9829830000000002	0.362742	3.0	84.791021	9.804427	6.0	83.825758	70.240426	4.0	0.090306	6.861328	1.0	23.541833999999998	12.130579	3.0	74.115257
8025.0	2.0	75.927561	71.94265899999999	34.25665	49.721571999999995	0.333367	0.5274260000000001	0.533767	0.603831	26.361196999999997	5.0	1.6606880000000002	0.805137	1.0	0.039329	3.239778	1.0	18.259341	0.511653	1.0	58.119673999999996	23.160591	5.0	34.968596000000005	10.948205999999999	1.0	0.028704	3.660215	3.0	86.486649	8.353131	3.0	25.013867
8030.0	2.0	39.936103	48.842958	47.359991	93.14483299999999	0.556527	0.536652	0.772042	0.187893	27.26306	1.0	92.48949499999999	12.499789	1.0	0.020751	0.8450280000000001	5.0	80.32511	0.8488370000000001	1.0	2.6567830000000003	2.3735020000000002	5.0	73.86393699999999	24.665841	5.0	0.023856	13.094121000000001	1.0	30.052245000000003	20.527745	1.0	25.424497
8042.0	2.0	97.746524	85.609246	39.895209	66.216775	0.156886	0.180026	0.7833680000000001	0.23219	67.643653	3.0	69.10682800000001	6.6187119999999995	1.0	0.276708	1.4749290000000002	5.0	57.360845999999995	5.4756800000000005	6.0	16.290764000000003	14.509894000000001	1.0	13.821472	31.311870000000003	4.0	0.07849400000000001	13.691781	1.0	86.861487	24.591735	2.0	80.123711
8053.0	2.0	77.10734599999999	72.047155	53.77778000000001	35.391325	0.617913	0.20606100000000002	0.662257	0.690567	40.230458	3.0	55.925768000000005	1.4575790000000002	3.0	0.361647	5.510518	3.0	85.64233399999999	2.7042330000000003	6.0	12.887053	21.776634	3.0	45.930839	22.517433	4.0	0.036902	14.701575	3.0	81.12037099999999	5.607899	4.0	13.964061
8066.0	2.0	90.827388	92.313475	67.64246800000001	95.78106899999999	0.177535	0.148493	0.343231	0.31651799999999997	35.705560999999996	1.0	10.175842999999999	4.29248	6.0	0.014859	2.454177	2.0	39.937958	2.5257080000000003	6.0	14.403917999999999	10.849491	6.0	36.697562	10.820383999999999	4.0	0.025843	14.170442000000001	1.0	12.295615	10.164956	4.0	2.411667
8496.0	2.0	8.709991	29.951425	96.991344	40.959537	0.8612770000000001	0.131604	0.630875	0.170303	5.910976	6.0	36.123565	2.185166	1.0	0.013819	4.388815	3.0	43.692789000000005	3.108917	1.0	2.195235	1.2737530000000001	6.0	23.204914000000002	20.397973999999998	6.0	0.011276999999999999	18.46032	3.0	49.53783	2.965364	2.0	25.05167
8606.0	2.0	97.90688	48.893651	43.828303000000005	30.040718	0.739924	0.905388	0.5172140000000001	0.693192	59.94335400000001	5.0	62.471802000000004	5.451203	6.0	0.037517	1.792978	4.0	83.13614100000001	5.4600349999999995	2.0	2.209373	16.021255	4.0	39.718869	42.264536	6.0	0.090616	6.773144	1.0	55.422132999999995	21.632254	3.0	38.600711
8656.0	2.0	92.721864	47.761399	5.9451339999999995	46.851889	0.582266	0.395383	0.600437	0.967397	58.849323999999996	1.0	82.721748	24.462235999999997	6.0	0.016724	2.932461	6.0	17.839729000000002	0.095501	1.0	35.455962	20.079506	2.0	6.706632000000001	43.35406	5.0	0.024806	16.83318	1.0	43.093323	0.506558	3.0	93.584192
8751.0	2.0	93.949596	84.283126	14.057061	59.917901	0.302519	0.100688	0.8326870000000001	0.301438	57.945025	6.0	32.348661	20.189238	2.0	0.017899	3.494067	6.0	98.510102	1.763195	5.0	24.532672	8.942822999999999	6.0	95.324117	9.839564999999999	4.0	0.021075	14.101847	5.0	36.25653	8.907641	6.0	68.125989
8785.0	2.0	23.393741000000002	73.38951	26.084986999999998	13.122347	0.6727489999999999	0.419774	0.19778099999999998	0.742397	52.060967	6.0	30.478582	1.867662	6.0	0.030160000000000003	6.053864	5.0	4.125187	2.447681	5.0	5.795823	24.009674	3.0	36.727470000000004	64.259344	1.0	0.317733	12.6173	4.0	36.850953000000004	11.005613	4.0	98.683004
8788.0	2.0	47.378935	70.374627	38.785444	82.347374	0.9044479999999999	0.238869	0.665561	0.86919	1.569069	1.0	20.147902	11.99306	3.0	0.077711	1.637885	1.0	10.074292999999999	4.766108999999999	1.0	94.425501	8.940717999999999	4.0	34.197881	54.92333299999999	3.0	0.016876	2.761002	6.0	42.368826	19.525994	1.0	61.433586
8826.0	2.0	14.970382999999998	59.50816700000001	54.892293	84.97960400000001	0.49871800000000005	0.190174	0.215871	0.199601	62.575763	1.0	75.891367	23.268591	3.0	0.019069	0.577264	3.0	81.035195	2.3597650000000003	3.0	1.313703	22.765454000000002	2.0	89.090035	35.683108000000004	4.0	0.028457999999999997	5.814681	6.0	62.292815000000004	18.460299	6.0	37.601623
8932.0	2.0	27.573453000000004	87.280192	56.552578000000004	3.5887239999999996	0.58637	0.9498139999999999	0.644748	0.388031	59.675206	3.0	32.755358	10.649502	1.0	0.07263	3.202928	6.0	88.35014	1.377438	3.0	4.043584	6.490981	6.0	29.146095000000003	15.252822	2.0	0.256396	7.502403999999999	1.0	35.361963	10.12019	5.0	25.39474
9073.0	2.0	66.50341	75.300432	52.719384	51.286443	0.11963299999999999	0.15907000000000002	0.472154	0.271997	8.221205	5.0	29.127473	10.153135	1.0	0.21754099999999998	2.0764560000000003	3.0	17.329036	4.333071	5.0	91.160001	6.020501	5.0	63.45623199999999	27.729952	5.0	0.020301	13.608479999999998	1.0	80.603803	0.669875	3.0	49.457089
9106.0	2.0	46.459445	37.401212	22.83111	96.318147	0.143242	0.13311099999999998	0.9150809999999999	0.456095	32.928721	6.0	10.860449000000001	7.170208000000001	5.0	0.011359000000000001	4.109599	5.0	34.957118	0.33033	3.0	4.0151769999999996	24.047035	2.0	70.947666	6.4945059999999994	5.0	0.07625599999999999	8.157133	1.0	66.12221600000001	13.252848	6.0	99.80088
9171.0	2.0	90.6779	75.793585	26.652446	53.811240000000005	0.366842	0.43808	0.498391	0.548557	25.987814	3.0	16.189655	7.474773	1.0	0.050398	1.3413190000000002	3.0	62.502828	2.311556	1.0	15.348847	16.652691	6.0	46.597726	41.372046000000005	4.0	0.015174000000000002	1.3600889999999999	1.0	11.902533	10.734896	2.0	83.75556
9194.0	2.0	60.229815	85.047285	41.537032	32.490726	0.763235	0.925483	0.9797299999999999	0.6272449999999999	12.745128999999999	1.0	36.71228	9.427463000000001	1.0	0.179726	4.532498	4.0	2.590406	3.709264	1.0	41.797007	9.59759	3.0	12.881478999999999	21.204985999999998	1.0	0.015637	6.389824	4.0	46.084357000000004	14.496325	2.0	58.516649
9444.0	2.0	23.475369	66.604575	73.980091	14.714989000000001	0.7821	0.41042799999999996	0.880339	0.9332219999999999	74.553524	1.0	45.113811	13.977395999999999	5.0	0.018937	5.259157	6.0	72.87361999999999	2.845935	1.0	2.8681509999999997	19.565001000000002	3.0	15.997906	18.889457	5.0	0.065647	12.706282	4.0	52.839128	4.191561	5.0	85.130933
9530.0	2.0	59.175837	62.888511	28.732291999999998	62.333110999999995	0.148874	0.34476	0.8683790000000001	0.364071	9.638272	5.0	33.242049	19.305802	2.0	0.013175	6.044497	1.0	55.513403000000004	5.160689	4.0	17.570444000000002	23.878232999999998	3.0	8.547958	77.522068	3.0	0.12011300000000001	17.706146	5.0	33.950726	1.583435	4.0	56.095515
9639.0	2.0	11.962394	59.426258999999995	4.512715	17.193535	0.664529	0.226622	0.361665	0.629764	45.444508	3.0	29.098498	4.224101	3.0	0.024588	4.3631	2.0	29.730827	5.135468	6.0	11.301119	22.557364	4.0	96.299849	1.8434169999999999	6.0	0.043633	11.292558999999999	5.0	63.788889000000005	16.904605	5.0	49.499755
9796.0	2.0	59.43328	61.72047	39.640029	90.25532	0.20173	0.17576	0.261804	0.96391	34.568899	5.0	87.236401	17.631662	5.0	0.034495	1.2746950000000001	3.0	49.892042	0.41438800000000003	5.0	1.6907729999999999	0.518382	1.0	36.952399	13.687067	6.0	0.031363999999999996	15.051393	2.0	4.066907	7.851278	3.0	33.387656
9815.0	2.0	92.965347	91.839662	80.922739	24.389195	0.788374	0.105511	0.767308	0.801212	26.021786	3.0	1.9838529999999999	14.580712	3.0	0.011174	2.8306720000000003	6.0	2.113523	0.387228	6.0	61.074402	2.4029580000000004	3.0	53.313803	20.060331	2.0	0.067224	2.4725900000000003	2.0	16.628929	14.392623	4.0	56.629342
9822.0	2.0	14.483988	55.49718299999999	12.099946000000001	70.272076	0.6855720000000001	0.276913	0.758101	0.45730699999999996	38.68878	6.0	26.567422999999998	6.273199	1.0	0.041424	4.782451	4.0	93.259289	3.2806089999999997	6.0	8.009642	10.322897	2.0	28.002340000000004	9.486423	5.0	0.010742	9.592775999999999	4.0	33.275553	20.631518	2.0	2.201499
9855.0	2.0	58.591464	39.838041	28.848917	88.120965	0.701937	0.43435200000000007	0.191424	0.164668	36.278766999999995	2.0	5.118581	20.170834	4.0	0.790715	4.847041	6.0	3.905852	3.920667	6.0	23.691177	18.759898	3.0	86.203816	29.338946999999997	6.0	0.060422000000000003	16.726139	3.0	90.35115	16.118478	1.0	10.391293
9875.0	2.0	75.898388	81.73223399999999	77.50994399999999	84.606973	0.296246	0.343575	0.203243	0.8596209999999999	50.574372	6.0	4.735924	14.654910999999998	2.0	0.035847000000000004	0.11067300000000001	5.0	62.02154399999999	1.368463	1.0	24.314843	12.422494	1.0	68.49117199999999	61.97787099999999	5.0	0.013281	5.341586	1.0	4.490042	16.927084	5.0	28.067216
9883.0	2.0	51.317221	88.077414	49.641502	76.65820500000001	0.175276	0.554267	0.754269	0.9795290000000001	55.114203	3.0	73.87183399999999	15.317179000000001	3.0	0.011682	1.8389360000000001	6.0	12.270813	0.195731	1.0	50.204164	8.25261	2.0	50.249006	23.942025	2.0	0.033169	3.6875089999999995	1.0	81.654601	19.783884	3.0	92.422849
9890.0	2.0	68.094909	16.399199	70.109161	65.374236	0.118853	0.380414	0.6163529999999999	0.338499	10.872154	6.0	4.621449	8.444114	3.0	0.16735799999999998	0.9683120000000001	1.0	51.150851	5.29502	3.0	10.60563	4.435897	2.0	53.522833	21.521287	5.0	0.011138	1.482115	3.0	98.694097	17.310482999999998	5.0	57.943093000000005
9955.0	2.0	41.627004	94.195894	59.734238	66.171777	0.113802	0.879724	0.914393	0.42821400000000004	40.815813	3.0	4.965228	20.141527	2.0	0.444147	5.373735	3.0	74.271011	3.147903	1.0	63.010288	17.554031	5.0	39.925044	53.83292900000001	6.0	0.054797000000000005	12.683222	1.0	71.87315699999999	14.205906	2.0	37.913629
79.0	2.0	35.290724	41.466313	16.33851	24.032221	0.203934	0.22433899999999998	0.741908	0.16550299999999998	25.732535000000002	2.0	82.16213	5.4602260000000005	4.0	0.437967	4.585184	1.0	2.861252	1.76747	1.0	90.62253299999999	13.069557000000001	6.0	44.19024	46.973503	5.0	0.029875	1.6897810000000002	1.0	14.259519000000001	8.233547999999999	3.0	6.555039999999999
296.0	2.0	25.050034	40.285498	10.360619	29.930073999999998	0.5729920000000001	0.720878	0.583533	0.808457	70.644441	1.0	1.081867	9.719706	1.0	0.094778	2.84448	2.0	37.130382	2.578497	1.0	17.349317000000003	5.093929	3.0	85.062267	7.188499	3.0	0.0147	0.241802	5.0	85.232522	0.6985319999999999	4.0	83.635397
418.0	2.0	11.797427	92.596905	82.489138	94.62317900000001	0.332926	0.394423	0.7825840000000001	0.679932	76.28271	6.0	66.136601	10.652574000000001	6.0	0.035064	4.978315	1.0	76.551061	1.111638	1.0	7.3393809999999995	11.781983	6.0	7.08242	5.802459	2.0	0.016599000000000003	12.865419000000001	5.0	65.700683	9.924843	1.0	69.164383
439.0	2.0	98.022251	26.518801	4.313546	60.853302	0.395414	0.50216	0.310921	0.315796	15.34855	3.0	42.729304	23.5683	3.0	0.769369	2.224883	1.0	71.18888299999999	1.045117	6.0	37.553079	23.352263	5.0	61.887415000000004	70.25135999999999	1.0	0.028902999999999998	4.261544000000001	5.0	10.914878	25.193068	5.0	48.65562
453.0	2.0	73.15008399999999	79.586396	33.043704999999996	8.475599	0.770858	0.365562	0.7236520000000001	0.441162	76.303024	2.0	3.1696470000000003	24.743326	2.0	0.036101999999999995	4.114269	6.0	79.578663	3.0246169999999997	1.0	16.932226999999997	12.243724	6.0	5.284096	38.338561999999996	1.0	0.012071	16.616123	4.0	85.934762	13.193189000000002	3.0	58.14099399999999
492.0	2.0	10.356512	88.54932099999999	96.297312	5.387983999999999	0.240677	0.58867	0.845548	0.962175	15.397935999999998	3.0	34.237988	2.567729	6.0	0.026522000000000004	6.127034	3.0	63.753216	3.8513879999999996	1.0	12.874928	11.761547	1.0	65.526436	28.080515999999996	6.0	0.11708099999999999	18.262842000000003	5.0	6.410894	14.796925	5.0	93.112204
533.0	2.0	34.66757	49.784394	29.299241	69.541913	0.138211	0.12023800000000001	0.90823	0.39556199999999997	9.140883	5.0	94.63565600000001	0.28021399999999996	1.0	0.013019	4.147399	2.0	35.550327	5.792326	4.0	5.248213	22.040454	4.0	91.12424	49.054624	4.0	0.02316	18.779010999999997	1.0	14.225032999999998	19.913953	3.0	28.528771999999996
539.0	2.0	33.538340000000005	95.465455	2.570732	66.257202	0.6794399999999999	0.182307	0.42227600000000004	0.364483	77.740101	4.0	51.527874	18.688359	3.0	0.943358	4.972987	2.0	1.165089	4.378899	2.0	15.248682	10.111081	2.0	10.998631	13.252364000000002	3.0	0.058023000000000005	14.857553	4.0	3.087514	12.960305	6.0	52.518632999999994
575.0	2.0	4.413914	63.093302	12.016108000000001	13.143993	0.58131	0.40865	0.666702	0.563454	49.229534	3.0	38.325559000000005	2.226627	3.0	0.012924000000000001	6.193064	3.0	48.700367	3.03012	5.0	6.113003	7.63755	2.0	75.35889399999999	24.628553	5.0	0.094846	0.22489	5.0	75.121363	9.107764	4.0	59.815929000000004
638.0	2.0	78.96239200000001	82.300416	43.917999	2.907955	0.163976	0.369284	0.9901989999999999	0.147349	6.960038000000001	3.0	69.271928	3.858766	5.0	0.056413	0.559582	1.0	8.23825	4.623424	3.0	17.207257000000002	24.621806	4.0	29.371017	25.040469	4.0	0.01803	19.046533	1.0	14.769629	0.308268	2.0	88.96216700000001
645.0	2.0	54.905983	92.846674	3.98158	19.092273000000002	0.8608399999999999	0.320377	0.309741	0.310734	35.770617	5.0	80.184863	21.071223	2.0	0.012912	5.224386	6.0	49.385669	4.096703	2.0	6.947381	15.222477	3.0	61.53096899999999	2.5226290000000002	5.0	0.024798	18.526908	3.0	89.68066800000001	18.182863	1.0	98.505103
685.0	2.0	49.513092	73.136995	86.03318399999999	60.611703000000006	0.693509	0.47435600000000006	0.727191	0.745214	22.197658999999998	6.0	49.724325	16.829307999999997	5.0	0.016748	3.919489	5.0	92.53457	4.564603	3.0	6.680038000000001	1.529354	1.0	66.09196999999999	6.030335	6.0	0.011571	18.133509	4.0	21.915767000000002	9.278511	2.0	96.031991
707.0	2.0	70.27861999999999	97.615583	57.036923	68.576516	0.712421	0.832566	0.275376	0.31092	73.602649	2.0	7.070278999999999	13.379332999999999	3.0	0.036405	5.534229	6.0	62.483364	1.8388810000000002	2.0	2.1480490000000003	17.301279	1.0	36.86252	21.71826	4.0	0.0224	14.750491	4.0	53.35421899999999	15.360957	2.0	70.626917
727.0	2.0	57.698375	72.77520600000001	80.27175	86.134222	0.914458	0.128804	0.9531360000000001	0.689281	4.487587	4.0	2.9758259999999996	2.761031	3.0	0.038097000000000006	1.490162	3.0	5.0048330000000005	0.734413	1.0	6.150459	12.570659	3.0	73.109269	19.405244	3.0	0.019841	1.833459	1.0	71.668138	7.79903	4.0	48.457112
754.0	2.0	13.126052	50.702307	41.697321	66.128483	0.182578	0.135982	0.917803	0.525837	46.885896	1.0	31.239688	21.216959	2.0	0.033775	2.334131	4.0	39.781040000000004	2.228733	2.0	3.739294	8.409331	4.0	33.208254	18.298579	1.0	0.05245	9.343997	6.0	29.180923999999997	18.387935	2.0	90.484197
772.0	2.0	74.39569399999999	11.915866000000001	51.136426	42.885337	0.42568599999999995	0.153679	0.466012	0.353784	4.95496	2.0	10.47332	14.969698999999999	5.0	0.238961	3.1692270000000002	4.0	2.149058	1.935717	4.0	51.746736999999996	5.160071	5.0	96.30112	43.995652	6.0	0.020188	18.836998	1.0	45.174754	14.519376000000001	5.0	62.895925
783.0	2.0	95.428225	52.812438	63.158826	44.847158	0.918266	0.152542	0.375315	0.386101	17.192201	2.0	58.56961	14.255049	1.0	0.0477	3.19716	1.0	10.191842	3.252999	6.0	14.614343	12.667036999999999	2.0	46.980740999999995	11.698672	4.0	0.056652999999999995	7.256494	5.0	95.563255	2.316374	3.0	67.405362
880.0	2.0	89.44372800000001	60.531677	10.696863	22.908732999999998	0.649442	0.413418	0.35580100000000003	0.737803	21.542491000000002	4.0	53.864585999999996	11.044259	2.0	0.054321	1.565956	1.0	89.800212	1.794809	6.0	2.637892	22.526351000000002	1.0	18.629735	32.732751	2.0	0.519935	7.092006	6.0	31.043664	0.579277	2.0	21.148562
970.0	2.0	34.927875	88.009569	19.730529	2.607986	0.34814	0.682802	0.279439	0.36990500000000004	1.395127	4.0	98.822469	3.5098870000000004	4.0	0.020433	5.147696	5.0	76.732214	2.526822	2.0	76.720019	7.478110000000001	2.0	81.203498	72.044125	5.0	0.014402000000000002	2.041957	1.0	33.489325	10.60604	4.0	34.175561
1003.0	2.0	80.942543	73.816399	82.81908	65.75679000000001	0.28381	0.502579	0.485461	0.553304	11.105852	6.0	1.3596549999999998	11.359328	3.0	0.8734	5.32183	5.0	3.280753	5.5165169999999994	1.0	5.7601830000000005	10.990953999999999	5.0	67.789321	13.871788	6.0	0.01227	12.562267	6.0	21.17118	0.577966	5.0	95.003263
1041.0	2.0	85.865779	82.998787	94.751367	1.110148	0.213821	0.17219500000000001	0.27744	0.160071	71.93505400000001	3.0	36.977294	3.3047370000000003	2.0	0.011639	5.085051999999999	4.0	97.646603	4.688675	5.0	21.409712	18.758255	3.0	42.724501000000004	73.424178	4.0	0.08867699999999999	4.4268849999999995	1.0	99.90393900000001	11.712323	5.0	48.56992
1050.0	2.0	33.356372	99.528402	12.070095	91.019899	0.872453	0.11595899999999999	0.425678	0.547728	9.538544	6.0	34.767312	21.074333	5.0	0.015961000000000003	2.9808310000000002	3.0	17.747289000000002	4.756062	2.0	14.973032	15.471046	4.0	77.981273	33.665421	2.0	0.011313	12.996407000000001	1.0	9.521685	19.594841	3.0	44.873574
1095.0	2.0	37.632946000000004	90.71585300000001	20.3013	81.969127	0.482491	0.5528	0.14651	0.17557999999999999	36.096725	1.0	22.30189	9.403925	3.0	0.01468	2.265214	1.0	39.461884999999995	1.43764	2.0	1.404626	12.097779	5.0	47.15763	37.972088	6.0	0.053328	9.495085000000001	2.0	79.853213	13.055765	5.0	39.498052
1247.0	2.0	65.717044	32.406123	73.06045	97.003238	0.151159	0.18051199999999998	0.5354140000000001	0.799229	40.496864	3.0	28.015504999999997	16.731353	5.0	0.14565999999999998	2.006967	2.0	79.01097800000001	2.164641	4.0	1.7702220000000002	0.628129	1.0	95.42008	10.108161	1.0	0.010298	12.094375	5.0	39.636134000000006	10.760646000000001	5.0	30.013393
1386.0	2.0	80.604095	94.14900300000001	90.48209	8.077991	0.747373	0.266332	0.921633	0.545325	5.749882	5.0	22.662791	14.031326000000002	2.0	0.010931	6.055804	6.0	74.62558299999999	2.456187	4.0	1.8145639999999998	5.767002	4.0	78.13777900000001	27.939992999999998	3.0	0.227505	0.294496	2.0	89.232562	24.356762	5.0	97.387935
1436.0	2.0	4.8537230000000005	91.253067	82.613916	13.178979	0.386772	0.139553	0.6400100000000001	0.44680699999999995	8.794239	5.0	94.52262900000001	1.663211	6.0	0.049075	1.748436	6.0	80.95146899999999	0.650029	3.0	7.553953999999999	1.545018	6.0	56.831212	11.785324000000001	5.0	0.09047999999999999	7.200194000000001	2.0	85.147347	18.218365	6.0	43.837728999999996
1450.0	2.0	9.154236000000001	38.411638	88.721496	40.771341	0.47446800000000006	0.27069299999999996	0.751287	0.375698	63.86493299999999	1.0	4.318377	11.001075	4.0	0.011225	6.1247739999999995	5.0	62.098052	0.8676649999999999	5.0	5.721513	12.667933	1.0	40.227371000000005	12.495254	5.0	0.036052999999999995	8.535359	3.0	95.556273	7.977309	2.0	81.84928199999999
1587.0	2.0	66.78322299999999	82.75062700000001	25.130745	85.924421	0.171726	0.126246	0.899062	0.23993699999999998	51.958755	2.0	16.589495	19.864872000000002	6.0	0.014447999999999999	0.7314069999999999	2.0	6.0323080000000004	3.4975089999999995	3.0	25.757904999999997	9.350336	3.0	59.785939	57.172059	2.0	0.014931999999999999	13.14395	4.0	27.376251	5.147172	5.0	91.47496
1600.0	2.0	58.747591	99.83967	42.935476	48.553388	0.234145	0.899857	0.14130299999999998	0.7148180000000001	53.291298	6.0	99.839741	19.692369	1.0	0.020579	4.193588	1.0	73.742899	3.854735	4.0	1.8236189999999999	7.753575	4.0	82.20558	7.103547	6.0	0.029922000000000004	5.646333	2.0	69.13244	3.822708	4.0	3.6809550000000004
1632.0	2.0	44.131879	65.189138	76.850391	49.580853000000005	0.17879	0.377413	0.845625	0.253176	59.617777000000004	2.0	60.958767	22.259451000000002	6.0	0.016382	4.204173	6.0	49.153504	3.4943120000000003	1.0	1.500392	22.801123999999998	6.0	82.475127	58.084954	5.0	0.011608	8.041966	6.0	2.612623	16.485120000000002	3.0	67.847895
1683.0	2.0	65.675276	59.207345999999994	22.594324	79.785739	0.529994	0.313055	0.283611	0.898869	59.459633999999994	3.0	5.859526	22.459158	6.0	0.043336	4.024684	1.0	21.768410999999997	0.9480780000000001	1.0	48.476017999999996	4.884972	5.0	65.125652	10.765417999999999	4.0	0.025702999999999997	17.536189999999998	2.0	2.5947150000000003	11.718815	3.0	52.418785
1838.0	2.0	71.38663100000001	85.716842	88.478049	67.251162	0.597122	0.8037340000000001	0.495095	0.9617979999999999	8.576456	1.0	85.880348	25.162545	1.0	0.025498	0.10746199999999999	5.0	59.051643999999996	0.085647	3.0	72.050104	13.998184	1.0	60.15479200000001	15.50576	5.0	0.041858	1.999047	2.0	99.4626	13.853416000000001	4.0	61.992793000000006
2156.0	2.0	25.945809	17.402035	35.114819	22.945323000000002	0.6649609999999999	0.231373	0.485407	0.908733	35.071732	2.0	70.545948	11.946375999999999	5.0	0.012372	6.087982	5.0	99.607067	6.190745	1.0	2.606667	17.71711	5.0	75.472598	32.503096	3.0	0.011413	2.647214	3.0	46.144673	16.398916	3.0	79.547774
2181.0	2.0	81.38116600000001	36.678004	20.166523	79.607276	0.14238299999999998	0.553236	0.409604	0.25621700000000003	39.858323999999996	4.0	3.522511	5.511191999999999	3.0	0.10652	4.627651999999999	6.0	6.464002	1.658247	3.0	34.13713	14.694664000000001	1.0	22.688179	42.567681	6.0	0.014478999999999999	5.831594	2.0	24.840975	9.505647	4.0	29.062492
2218.0	2.0	3.987305	79.79891500000001	42.190704	63.23690500000001	0.60234	0.705964	0.773749	0.408123	15.047254999999998	1.0	5.161204	11.70237	3.0	0.031367	2.163468	6.0	74.810468	0.804134	5.0	2.164373	4.258135	1.0	94.279279	5.448091000000001	3.0	0.014681	18.061141	5.0	73.873797	20.111021	4.0	37.888836
2266.0	2.0	54.64691800000001	10.928804	27.648459999999996	38.731624	0.9577559999999999	0.11999100000000001	0.616287	0.119245	40.67067	5.0	63.743614	3.322255	3.0	0.025015	5.442508999999999	5.0	38.96767	1.721383	6.0	1.305445	7.389272	5.0	21.748696	13.456395	2.0	0.011184999999999999	11.457797	6.0	38.365864	9.657813	3.0	2.057052
2413.0	2.0	37.275544000000004	72.476738	80.281403	11.387210000000001	0.866209	0.35077600000000003	0.8338469999999999	0.632617	63.199526	4.0	68.33338499999999	23.999313	2.0	0.011420999999999999	2.265727	2.0	85.88180899999999	3.049613	1.0	7.9736080000000005	11.425572	2.0	19.115696	54.18655	1.0	0.015458000000000001	1.2643	2.0	87.99270899999999	24.865983	2.0	55.789504
2493.0	2.0	75.506462	21.271772	55.290859	23.290038	0.7330939999999999	0.228669	0.291486	0.60663	34.498385999999996	1.0	12.745148	3.8147910000000005	1.0	0.063251	2.403263	4.0	4.639576	2.985784	1.0	55.67463000000001	10.314737	5.0	78.54355600000001	0.78865	5.0	0.025599	2.981776	5.0	99.38959200000001	4.773985	2.0	26.225533000000002
2528.0	2.0	41.708014	94.772475	68.825404	13.43645	0.30693000000000004	0.10379200000000001	0.79295	0.374371	16.423147	6.0	31.415311	9.714567	3.0	0.23856999999999998	0.449329	6.0	76.462124	5.806819	2.0	42.379088	0.35068299999999997	2.0	5.020934	74.49524100000001	6.0	0.066995	0.572886	1.0	62.230920999999995	18.238653	6.0	67.605151
2547.0	2.0	11.474141	24.081354	76.18595400000001	25.379781	0.271552	0.346615	0.9786100000000001	0.43904399999999993	71.772409	1.0	34.546334	20.843944	5.0	0.011769	5.377174	3.0	74.41767	3.9141779999999997	2.0	2.7374080000000003	7.668882000000001	2.0	22.824426000000003	14.617582	6.0	0.016986	13.061775	3.0	4.327075	13.616381	4.0	53.541635
2578.0	2.0	85.584324	74.823858	3.504894	98.628125	0.148999	0.330758	0.398181	0.5805939999999999	37.117205	2.0	16.373510999999997	4.585666000000001	5.0	0.053946	3.7373839999999996	1.0	3.105141	1.580785	2.0	66.89225400000001	11.716542	5.0	23.61477	57.708668	2.0	0.047406000000000004	14.819714999999999	6.0	8.044499	11.711149	6.0	65.95650699999999
2722.0	2.0	41.515619	36.60368	46.838074	86.877888	0.7239479999999999	0.297646	0.253373	0.450133	64.740291	4.0	6.866636	21.240651	6.0	0.020756999999999998	2.5376790000000002	1.0	85.91028299999999	0.18773299999999998	2.0	1.483164	22.172371	1.0	3.0747139999999997	27.334571	4.0	0.014988999999999999	6.687073	2.0	56.75102	20.402596	5.0	14.278688
2866.0	2.0	9.370719	16.376686	7.996785000000001	40.080424	0.30683299999999997	0.296313	0.720052	0.6125189999999999	65.379788	6.0	30.607347999999998	18.809366	3.0	0.040744	4.1461809999999995	6.0	11.759174	0.0743	3.0	55.116997999999995	22.988485999999998	6.0	53.43545699999999	75.888305	2.0	0.011733	12.643702000000001	4.0	65.80323100000001	1.225323	6.0	45.405205
2885.0	2.0	5.019583	75.376127	31.070533	19.235570000000003	0.915568	0.206148	0.7594270000000001	0.290648	14.556932000000002	3.0	23.068641	5.744813	6.0	0.07252	1.307389	3.0	65.532887	6.260364	2.0	11.454925	23.343712	1.0	35.279965999999995	16.565524	2.0	0.010657	6.257942	6.0	57.219922	8.093764	1.0	71.7155
2955.0	2.0	69.657023	47.488175	39.313177	15.807785	0.281556	0.221586	0.678453	0.46662299999999995	7.481764	3.0	96.36559399999999	22.251224	2.0	0.01166	0.651687	3.0	28.946540000000002	1.947229	1.0	58.28361999999999	12.008479	3.0	73.347946	24.581797	1.0	0.022241999999999998	1.361921	5.0	95.383628	13.095697	2.0	62.980557
2968.0	2.0	19.731126999999997	87.344497	24.740319	82.61375100000001	0.6968949999999999	0.485538	0.25498200000000004	0.773939	75.317858	1.0	37.720561	6.218707	6.0	0.033635000000000005	3.014001	4.0	23.04655	2.915153	1.0	5.149774	21.779119	4.0	42.154061	4.946305000000001	3.0	0.019294	7.452183	6.0	59.832564	9.514757000000001	1.0	52.477658
2993.0	2.0	53.977165	42.486171999999996	31.193004	19.336729000000002	0.21265799999999999	0.11548299999999999	0.943154	0.449825	12.104614999999999	6.0	28.214438	23.542498000000002	3.0	0.015857	0.8280930000000001	2.0	37.66662	0.857891	2.0	39.973325	6.413296	4.0	46.11935	38.380421999999996	1.0	0.084842	3.201232	3.0	54.031046999999994	4.0233099999999995	2.0	71.01361700000001
3063.0	2.0	27.75007	85.327744	34.700706	37.358179	0.857525	0.204674	0.40579699999999996	0.670296	66.652538	5.0	80.955242	11.692563	4.0	0.042398000000000005	1.659505	6.0	80.371235	2.804977	2.0	2.1884490000000003	20.306008	6.0	9.610469	52.815226	5.0	0.021769999999999998	4.526086	6.0	34.95564	17.470126	4.0	57.636718
3110.0	2.0	96.683673	45.931613	43.995796	83.633785	0.63121	0.419433	0.254511	0.34632399999999997	45.753933	2.0	11.296742	7.233877000000001	5.0	0.583012	6.178367	1.0	62.523247999999995	1.6652580000000001	5.0	26.816847999999997	13.633281	5.0	6.065016	46.186853	6.0	0.028682999999999997	19.004588000000002	1.0	78.103081	7.345885000000001	3.0	17.361841000000002
3175.0	2.0	11.563449	51.192882	4.855674	67.784126	0.612589	0.432985	0.394428	0.385956	16.549395	4.0	64.926736	7.371061999999999	2.0	0.118023	1.8684180000000001	6.0	42.064257	2.4456189999999998	2.0	1.775175	8.426399	1.0	25.516831	42.004665	1.0	0.057058000000000005	8.951015	5.0	89.25366700000001	10.615602	5.0	53.302792000000004
3229.0	2.0	62.134935	25.175432	27.214954	87.29555500000001	0.287271	0.35081	0.740156	0.372292	7.1889	2.0	27.926797999999998	24.518826	5.0	0.010081	5.916526999999999	2.0	40.681794000000004	3.977835	6.0	1.446909	15.364336999999999	4.0	63.650631999999995	10.608616	6.0	0.050854	1.9582060000000001	6.0	95.64108399999999	21.915208	4.0	30.963414
3257.0	2.0	19.098201	95.879153	5.091957	66.776678	0.331361	0.135214	0.9825659999999999	0.6022350000000001	14.633037	2.0	39.659298	23.463368	4.0	0.013087	5.7525059999999995	5.0	37.947798	3.184864	3.0	74.305717	23.134358	3.0	6.292091	57.339936	1.0	0.026494	17.734691	4.0	34.634168	21.838774	1.0	39.702532
3282.0	2.0	94.327182	96.397749	41.246635999999995	81.033887	0.9150209999999999	0.609577	0.529558	0.998926	43.942234	3.0	72.084468	1.215067	1.0	0.013994	3.62282	4.0	63.138833999999996	4.8892690000000005	5.0	4.523037	18.895210000000002	2.0	52.075808	2.71751	2.0	0.011089	11.042064	5.0	81.37350699999999	10.631149	6.0	13.283949
3321.0	2.0	34.959855	81.51227800000001	6.119725	67.334609	0.750847	0.686974	0.5362	0.434126	35.215419	1.0	5.095193	8.510461	3.0	0.028477999999999996	0.678912	4.0	15.776658	0.8029390000000001	5.0	2.4554009999999997	7.935878	6.0	81.347061	57.765719999999995	5.0	0.012074	2.527499	3.0	96.539996	20.468652	6.0	34.093153
3467.0	2.0	42.758086	53.365286	21.081729	90.10085	0.763484	0.39261	0.683008	0.549148	27.524812	6.0	44.068576	25.223563000000002	1.0	0.010787	2.334668	3.0	8.057872999999999	0.62369	1.0	7.901988	21.685236	2.0	36.66695	69.947675	3.0	0.022886	7.928928	1.0	30.327907	16.555019	1.0	43.431751
3483.0	2.0	5.455543	93.05638	18.976159	3.006016	0.455849	0.137613	0.774359	0.889323	38.477340000000005	3.0	34.945252	24.341276	2.0	0.010637	5.672934	5.0	39.124642	0.982485	1.0	68.36415600000001	15.542421	2.0	60.782109	67.59947	4.0	0.021955000000000002	6.832069000000001	4.0	20.035505999999998	12.022859	4.0	57.229223
3537.0	2.0	32.198151	98.54343100000001	45.515369	75.771839	0.786622	0.113195	0.957478	0.18766	75.303917	3.0	19.560510999999998	7.3807350000000005	1.0	0.066229	3.5199089999999997	6.0	61.685058	0.321948	6.0	8.955528999999999	8.184502	2.0	60.970865	58.876895	4.0	0.102877	16.699113	4.0	96.28616099999999	23.033981	2.0	82.209252
3742.0	2.0	80.486283	87.85790300000001	39.603819	16.996318	0.272455	0.35231799999999996	0.379135	0.313628	45.747063	6.0	2.5434740000000002	20.001209	6.0	0.14484	0.118547	4.0	20.230473	2.508892	2.0	88.81633000000001	10.613724000000001	4.0	39.310077	44.278055	2.0	0.021339	4.461782	1.0	62.132948999999996	4.43656	5.0	43.469631
3788.0	2.0	33.156797999999995	14.146509	19.317576000000003	3.6670279999999997	0.790894	0.12626099999999998	0.35375999999999996	0.423724	35.448451	4.0	4.658995	18.360637	3.0	0.011196	5.3545419999999995	1.0	13.821045999999999	5.711093	3.0	92.777578	5.177078	3.0	73.32059	17.740397	4.0	0.019946000000000002	15.928652	3.0	1.856032	1.463807	5.0	17.053685
3790.0	2.0	70.29581	49.589431	71.329871	96.10146800000001	0.319291	0.108635	0.138481	0.705348	50.499691	4.0	6.105992	14.560757999999998	6.0	0.398421	1.528402	1.0	92.287291	2.5060599999999997	6.0	53.749042	3.177413	1.0	14.333539000000002	16.556831	4.0	0.018119999999999997	10.016156	2.0	1.603674	24.252372	2.0	70.264452
3803.0	2.0	97.46735600000001	71.27493199999999	45.132626	15.74228	0.477609	0.176677	0.15289	0.207792	46.88123	3.0	34.376385	7.565264	4.0	0.180254	3.006883	6.0	36.159074	0.167489	1.0	1.8763290000000001	6.358989	5.0	7.651314999999999	69.488762	3.0	0.010012	12.023506	1.0	76.992725	9.643054	4.0	10.144751
3868.0	2.0	85.03933599999999	20.447871	3.569774	22.600881	0.313693	0.200828	0.327921	0.462667	11.669943	6.0	18.293051000000002	21.238307	2.0	0.016263999999999997	5.498922	1.0	96.74159	1.806141	1.0	43.806022999999996	4.713068	6.0	70.69595100000001	15.037602	1.0	0.015377000000000002	2.4919759999999997	1.0	91.64104300000001	8.602703	4.0	96.587131
3874.0	2.0	76.261318	86.887938	84.554957	8.689288000000001	0.660714	0.3794	0.354887	0.5885640000000001	63.302783	3.0	46.777275	22.159959	6.0	0.013888	3.358668	4.0	16.574276	2.032289	1.0	5.630115	4.7746319999999995	6.0	65.132038	47.405684	4.0	0.012891	2.613039	6.0	16.35727	15.003917999999999	5.0	1.110784
4060.0	2.0	73.75493399999999	42.065395	39.416343	89.881361	0.391002	0.335621	0.673317	0.38602600000000004	43.635056	5.0	76.295794	18.78837	4.0	0.124463	4.187714	4.0	1.614943	2.8147849999999996	1.0	11.266537	24.083423	5.0	80.636744	74.995767	5.0	0.018354	6.537969	4.0	93.60660899999999	15.75198	2.0	46.070098
4162.0	2.0	45.023908	84.80924399999999	39.421151	39.947482	0.5017659999999999	0.251716	0.682304	0.209373	65.463015	1.0	57.375112	20.290447	3.0	0.010896	3.982935	3.0	18.749023	5.589804	1.0	15.178915	7.466727000000001	5.0	9.655026	8.386021000000001	3.0	0.010375	1.9311580000000002	5.0	11.568092	20.357254	6.0	63.733814
4184.0	2.0	67.269696	36.909222	23.232464999999998	27.958664000000002	0.291302	0.11599000000000001	0.157926	0.26053200000000004	66.484359	5.0	13.577817999999999	24.778345	1.0	0.032873	1.5312270000000001	4.0	12.628653	0.21656999999999998	4.0	7.777636	21.480103	3.0	36.182545000000005	16.237328	5.0	0.011082	13.113499	6.0	12.551	2.859294	4.0	24.371041
4227.0	2.0	36.842819	85.384896	23.984117	68.447151	0.350667	0.21432600000000002	0.269631	0.395412	59.133083	4.0	13.109081	17.446887	5.0	0.12319000000000001	1.187737	6.0	12.751017	4.14721	1.0	15.387507999999999	2.3063849999999997	5.0	80.244336	74.942454	6.0	0.015106999999999999	1.499556	6.0	80.69941999999999	5.3573010000000005	5.0	17.99558
4394.0	2.0	60.193495	15.028904999999998	97.868688	95.183386	0.41899200000000003	0.123796	0.562869	0.46738599999999997	38.301459	1.0	47.771784000000004	4.573601	6.0	0.380569	2.967041	4.0	57.330638	0.09994	2.0	87.887055	14.391846	3.0	28.120515	8.915925	6.0	0.035056	12.493893	5.0	59.199714	1.241609	3.0	23.690410999999997
4538.0	2.0	16.64796	81.666578	8.819891	85.90339	0.278444	0.14962	0.509208	0.42244	19.860886999999998	2.0	29.950718	9.130162	2.0	0.023589	1.496032	4.0	5.2210220000000005	5.626156	3.0	11.509927000000001	7.792723	2.0	23.747723999999998	27.467230999999998	1.0	0.043713999999999996	11.076046	1.0	79.689882	12.112776	6.0	72.182659
4638.0	2.0	45.31051	48.980344	92.59785699999999	89.313793	0.33032100000000003	0.305664	0.962067	0.738703	61.583296	1.0	24.754163000000002	24.929879	2.0	0.038512	0.868765	1.0	82.559116	5.835641000000001	1.0	85.817448	4.679614	6.0	55.443149	71.46199399999999	6.0	0.061532	15.768185999999998	2.0	8.877212	6.109816	3.0	85.610291
4723.0	2.0	78.69494300000001	50.369997	31.420575	22.686609	0.9786870000000001	0.5426850000000001	0.24056599999999997	0.9464530000000001	0.9724809999999999	4.0	17.220809	7.848603	3.0	0.025294	1.111275	1.0	53.380917000000004	0.503688	2.0	89.644094	3.4695720000000003	2.0	84.831344	12.122532000000001	5.0	0.022072	18.951141	1.0	3.435394	1.103165	6.0	42.840996000000004
4811.0	2.0	37.476712	69.731802	43.148338	57.956752	0.754396	0.117297	0.908623	0.23573400000000003	17.441119	5.0	11.145679	24.115567000000002	4.0	0.069159	0.693281	6.0	65.220564	0.229767	1.0	86.636492	0.577484	1.0	79.574566	57.674623	3.0	0.020943	5.000383	2.0	47.524667	17.838219	5.0	36.290181
4857.0	2.0	20.234443	89.42445699999999	52.067452	83.058037	0.125885	0.325439	0.73077	0.510328	19.957414	3.0	77.969471	19.656764000000003	5.0	0.028636	2.952091	1.0	84.499964	1.589138	2.0	13.490110999999999	19.519962	6.0	67.650737	34.559746999999994	6.0	0.013874000000000001	12.060907	3.0	27.749088	0.629024	6.0	59.335547999999996
4946.0	2.0	65.456475	51.724543	83.736244	55.134042	0.832485	0.199382	0.8822770000000001	0.478229	25.73026	3.0	15.479551	15.025267000000001	4.0	0.059487	5.231571	5.0	97.60728	0.7217779999999999	5.0	2.65833	23.330249	4.0	10.540381	30.316269000000002	6.0	0.014809000000000001	9.165806	4.0	7.506543	17.644887	5.0	33.192657000000004
4974.0	2.0	60.617295	72.96623100000001	15.879121	66.294549	0.348552	0.14046199999999998	0.5125149999999999	0.224911	3.156169	1.0	6.7716520000000004	4.473735	4.0	0.010256	1.7882580000000001	4.0	62.352298	0.072673	2.0	62.04764399999999	13.893035000000001	4.0	45.693331	36.106476	4.0	0.011356999999999999	12.843369000000001	3.0	96.799265	1.672985	6.0	98.809079
5011.0	2.0	8.113325	73.312913	80.434913	12.702363	0.36141100000000004	0.267175	0.580661	0.41832299999999994	1.016197	2.0	66.358424	20.345688	3.0	0.03959	5.678319	6.0	33.130393	1.3368120000000001	2.0	67.572012	12.773399000000001	5.0	43.829577	77.36762900000001	2.0	0.025506	8.40369	4.0	25.154064	19.113196	4.0	4.256497
5060.0	2.0	20.076458	96.54548299999999	39.802165	73.55812	0.7579279999999999	0.241569	0.325833	0.7379359999999999	7.869508000000001	5.0	91.75578	13.535179999999999	3.0	0.033764999999999996	0.28268699999999997	4.0	63.175677	0.109928	1.0	81.59568	10.656561	6.0	7.420619	18.045307	6.0	0.033175	2.615207	1.0	75.936148	2.192371	5.0	8.636902000000001
5132.0	2.0	91.745836	51.322046	2.639118	73.648622	0.971968	0.121255	0.755961	0.65057	34.901074	5.0	20.453834	13.467623000000001	6.0	0.01047	4.211745	4.0	93.793592	5.565725	2.0	17.218418	22.673157	3.0	19.391678	5.658265	2.0	0.185773	14.677222	4.0	86.862641	7.36716	6.0	7.270035000000001
5171.0	2.0	88.999172	26.843891999999997	11.568769999999999	34.330405	0.189711	0.146918	0.902402	0.77412	61.634326	5.0	2.4185470000000002	5.366218	4.0	0.064697	2.608864	2.0	28.77115	6.0204949999999995	6.0	79.544354	12.788418	1.0	43.565835	45.561621	4.0	0.010075	9.753895	3.0	8.456478	1.9038	6.0	89.150265
5180.0	2.0	22.770583	59.158867	74.844494	55.05882	0.888442	0.477947	0.9906950000000001	0.801491	74.44496099999999	6.0	41.718666	8.926599000000001	5.0	0.015633	1.7136	3.0	28.269	4.086379	6.0	2.5942979999999998	8.189578	6.0	84.753274	28.506726	4.0	0.012513	16.569643	6.0	66.493585	8.334452	6.0	99.82002
5197.0	2.0	87.342961	41.926744	10.80038	86.78800600000001	0.157868	0.177205	0.54761	0.7060960000000001	51.796288	5.0	30.193078000000003	1.558115	1.0	0.040205	1.696649	6.0	88.54265799999999	3.556072	3.0	3.0022919999999997	19.084293	2.0	77.038361	71.894587	2.0	0.078511	11.898238000000001	1.0	96.660964	18.417555	2.0	18.110457
5244.0	2.0	98.559595	79.715082	48.410526000000004	9.250595	0.246633	0.643782	0.536736	0.643528	74.854796	4.0	59.785325	4.774797	1.0	0.015616	0.27320500000000003	5.0	8.992981	4.814254	2.0	68.628763	11.69166	2.0	39.166171999999996	3.543313	1.0	0.021292	0.300951	6.0	67.326444	3.841672	5.0	90.85999699999999
5266.0	2.0	75.369964	85.45080899999999	79.639465	72.42208199999999	0.211667	0.222483	0.569136	0.29279099999999997	7.597244	2.0	93.206887	8.906389	4.0	0.030320999999999997	0.9129209999999999	1.0	7.523061	4.963875	3.0	73.622632	14.797248000000002	1.0	2.482949	12.927332	2.0	0.051465	0.548888	5.0	16.148709	13.14696	6.0	89.719347
5543.0	2.0	42.643143	91.401331	83.820647	76.436243	0.675026	0.548679	0.468764	0.706642	23.543186	5.0	6.012682	18.756493	6.0	0.846701	1.9127189999999998	1.0	20.717392999999998	0.5047520000000001	2.0	90.262236	24.085844	3.0	68.580096	29.233690000000003	5.0	0.016173	2.421025	5.0	5.670878	23.048891	2.0	53.330412
5575.0	2.0	89.72336800000001	85.073572	29.290646000000002	86.571426	0.49852299999999994	0.172036	0.676325	0.7493270000000001	18.359717	3.0	51.445275	23.882912	1.0	0.025498	5.203501999999999	5.0	82.989774	1.946589	6.0	4.148919	6.190442	6.0	96.496581	32.102633000000004	2.0	0.014688999999999999	18.111995	2.0	7.754557000000001	4.295166	3.0	71.82027
5652.0	2.0	51.359675	72.500939	71.831812	75.417226	0.5222319999999999	0.70975	0.8356709999999999	0.724705	71.724522	3.0	73.38696800000001	14.790834	3.0	0.024619	3.500221	2.0	71.934783	1.173209	5.0	2.022989	13.223023999999999	4.0	22.174162	1.6412509999999998	5.0	0.017789	1.46602	1.0	74.762904	18.269997	2.0	9.730514
5660.0	2.0	21.804194	59.163593000000006	46.755685	70.45928	0.441287	0.349394	0.196378	0.553196	11.166468	4.0	66.168139	16.569976999999998	4.0	0.641424	0.609627	4.0	18.669029000000002	3.2261580000000003	2.0	3.91304	10.857494	1.0	61.421891	53.16500500000001	3.0	0.01098	9.379339	1.0	69.838963	22.760735	5.0	96.815904
5720.0	2.0	98.157855	57.665971	2.232615	63.887038000000004	0.271681	0.8364010000000001	0.507899	0.211304	5.127248000000001	4.0	45.163524	22.78333	5.0	0.021647	4.366996	6.0	22.662209	1.389928	4.0	21.226449	11.724314999999999	2.0	34.592087	12.768205	3.0	0.019854	12.962926	6.0	39.059651	1.583917	5.0	53.326657999999995
5770.0	2.0	33.314775	78.306012	14.2026	80.56436	0.190223	0.8277559999999999	0.948569	0.892143	1.049082	3.0	29.888428	9.368345	1.0	0.09654299999999999	1.0732629999999999	4.0	96.48584100000001	1.2929950000000001	2.0	83.413084	16.325169	6.0	98.879554	66.70449	2.0	0.019303	7.6123449999999995	2.0	12.336882000000001	7.200703	5.0	78.718887
5928.0	2.0	30.599269	68.13989699999999	29.30619	21.598520999999998	0.748501	0.776502	0.45306599999999997	0.287234	71.31356	1.0	45.178891	13.205662	3.0	0.039304	2.258206	4.0	45.335364	4.884297	5.0	3.462646	0.43268100000000004	6.0	24.302315	16.102854	6.0	0.022555000000000002	15.573127	5.0	54.314191	13.058953	6.0	15.138072
5985.0	2.0	97.349166	98.597102	73.645545	22.965017	0.12845399999999998	0.197257	0.720949	0.15219100000000002	51.890808	2.0	70.927635	14.060260999999999	1.0	0.099951	0.884599	1.0	10.441757	1.045935	4.0	32.467744	1.7632310000000002	4.0	41.695343	22.500529999999998	6.0	0.015983	0.809403	3.0	38.432865	10.407825	6.0	8.049696
6025.0	2.0	3.163879	37.065794	59.572227000000005	80.676574	0.13825199999999999	0.28373899999999996	0.35484	0.26309499999999997	36.065279	4.0	50.503135	6.065137	4.0	0.010013	2.864348	1.0	97.554838	3.587939	1.0	5.73296	22.221870000000003	5.0	85.110974	9.839482	4.0	0.015663999999999997	2.27601	3.0	65.095435	23.207998999999997	4.0	75.887114
6246.0	2.0	9.175483	99.448673	5.359198999999999	87.167393	0.34591	0.278485	0.682057	0.887524	74.652293	6.0	62.945437	9.172808	3.0	0.08174	4.086975	5.0	1.6141729999999999	2.044172	4.0	10.377257	22.748716	3.0	20.636070999999998	34.494639	4.0	0.048208	15.907442000000001	3.0	77.19829	6.361954	4.0	49.624082
6320.0	2.0	28.937996000000002	57.527793	52.374992	15.92329	0.539166	0.14438	0.727999	0.522084	55.090996	6.0	68.092123	4.636723	4.0	0.017152	3.50365	6.0	65.68249499999999	5.921447	1.0	10.83184	12.069485	5.0	32.815663	53.991246999999994	1.0	0.025898	15.357880999999999	1.0	75.793491	19.660942000000002	2.0	45.632594
6350.0	2.0	35.739073	81.241407	37.425415	3.095082	0.6078399999999999	0.666285	0.15218299999999998	0.42971899999999996	29.643712	5.0	63.652822	24.05529	4.0	0.010661	6.11674	3.0	95.027178	5.287543	2.0	1.689591	16.835653	5.0	16.444793	41.017788	5.0	0.067454	1.8686490000000002	3.0	45.59472	13.289703	2.0	47.665244
6365.0	2.0	83.639787	71.282623	18.330768	52.478968	0.182527	0.187672	0.41639	0.595217	43.181181	6.0	49.727146000000005	3.2754060000000003	2.0	0.065339	0.22782800000000003	2.0	10.854011	2.094764	3.0	37.291243	12.175028999999999	5.0	31.422169	44.681446	2.0	0.019286	0.839073	4.0	83.228718	5.605462	6.0	95.75351500000001
6413.0	2.0	55.436814	71.030321	12.791871	70.793152	0.24591	0.6763640000000001	0.562385	0.308475	51.611926000000004	3.0	92.84527800000001	16.777186	2.0	0.03094	4.177674	5.0	1.8207849999999999	3.122525	1.0	3.101123	5.501011	6.0	20.550773	20.825941	4.0	0.022025	9.035287	6.0	18.743973999999998	1.9803400000000002	6.0	88.59914300000001
6473.0	2.0	88.529526	90.771176	3.956907	78.22864	0.526211	0.554016	0.27971	0.572527	18.685382999999998	1.0	8.196928999999999	21.369861	1.0	0.054393	0.352404	1.0	8.11742	2.628112	1.0	2.659663	15.167822	1.0	92.293522	14.322354	1.0	0.6438699999999999	4.753269	1.0	90.930325	3.014734	6.0	87.563098
6481.0	2.0	65.67504	79.08377	7.390516000000001	39.875405	0.814627	0.730029	0.417407	0.8379280000000001	34.501721999999994	2.0	7.445593	23.769454	6.0	0.021822	4.317976	2.0	35.164856	3.4650410000000003	1.0	37.70827	9.060428	3.0	20.404425	45.829325	2.0	0.051473000000000005	17.824767	1.0	55.322976000000004	0.732172	5.0	79.887247
6537.0	2.0	74.452263	45.843838	87.068392	81.816466	0.641084	0.334219	0.41595699999999997	0.789313	18.221985	1.0	79.449741	18.336495000000003	1.0	0.032936	0.302467	5.0	52.396776	3.53422	6.0	24.167819	22.393381	2.0	51.168963	41.662923	4.0	0.023826	10.44262	1.0	89.276234	9.628399	6.0	94.314021
6539.0	2.0	23.870707	44.140888000000004	59.384972	95.341791	0.42858100000000005	0.10909400000000001	0.108063	0.8982700000000001	19.619365	6.0	62.533770999999994	16.995723	1.0	0.12713	0.070858	5.0	81.020262	1.9215229999999999	4.0	10.629795	14.304920999999998	2.0	27.960054	7.281351	2.0	0.011526	4.218736	2.0	70.791387	7.2324600000000006	6.0	23.612748999999997
6553.0	2.0	57.471025	35.096869	33.204268	1.4923549999999999	0.501675	0.8239209999999999	0.548315	0.576443	53.993308	6.0	77.651842	12.932214	6.0	0.018269	3.220943	2.0	65.352948	6.197366000000001	6.0	1.3373629999999999	10.499403	1.0	75.610963	43.603947999999995	3.0	0.010912999999999999	18.247429999999998	6.0	44.397312	18.936573000000003	4.0	27.785339
6639.0	2.0	50.227005	94.983721	3.556423	7.61955	0.8441139999999999	0.18785	0.273081	0.767586	43.699360999999996	3.0	16.071386999999998	19.382081	4.0	0.064265	3.3995830000000002	3.0	90.467798	6.107094	3.0	21.023907	22.969503	4.0	58.5629	2.331849	2.0	0.053131	3.933868	5.0	7.919072	23.09514	3.0	64.648607
6659.0	2.0	85.305263	69.759644	14.652919	68.08196099999999	0.156604	0.871149	0.22759000000000001	0.664555	46.158840999999995	6.0	1.5010620000000001	22.271670999999998	1.0	0.01927	1.760456	1.0	7.884428	4.343565	4.0	5.845468	12.274598	4.0	24.147817	53.683976	5.0	0.014672999999999999	13.783198	6.0	8.446251	3.0072	5.0	42.634996
6671.0	2.0	18.176995	55.973024	41.25889	32.091208	0.864734	0.37856599999999996	0.28078200000000003	0.5685479999999999	2.051167	3.0	40.702666	5.218178	5.0	0.39823000000000003	4.219295	6.0	52.625479000000006	5.754543	1.0	4.4801150000000005	24.836054	4.0	52.203216	17.627616	6.0	0.020578	5.650077	4.0	58.063421999999996	1.403721	1.0	21.696375
6882.0	2.0	43.628386	93.710909	84.904465	70.095093	0.732699	0.170247	0.756925	0.199175	7.027850999999999	6.0	29.7032	9.937319	6.0	0.038064	0.120995	3.0	40.568672	0.551338	3.0	76.464656	21.57491	4.0	93.82788599999999	42.452762	3.0	0.01615	13.117769000000001	1.0	3.8416269999999995	12.829604	4.0	70.848281
6937.0	2.0	24.519435	55.037805000000006	28.893165999999997	96.721452	0.9300379999999999	0.420662	0.404091	0.167664	17.351126999999998	1.0	41.740708000000005	13.371623000000001	3.0	0.02543	1.219066	2.0	53.488914	1.772244	1.0	1.312022	0.784179	2.0	26.900021000000002	6.9334	6.0	0.131905	15.123107000000001	1.0	50.97121	23.661171	5.0	50.777026
7024.0	2.0	11.536537	77.408274	93.904779	19.897559	0.615991	0.138569	0.651814	0.978211	24.401944	4.0	9.936471000000001	15.505785999999999	5.0	0.013996999999999999	5.779177	4.0	20.243197	1.586907	1.0	85.387774	10.792760000000001	2.0	1.8519	40.929069	4.0	0.021647	17.376494	1.0	38.719176000000004	24.168105999999998	2.0	42.252956
7140.0	2.0	10.806986	77.049963	26.828222999999998	6.192201	0.5386850000000001	0.251104	0.28556	0.511858	55.911232	6.0	22.022832	5.35513	4.0	0.036735000000000004	0.7198220000000001	2.0	73.44225899999999	4.681712	1.0	10.109326	19.095979	4.0	68.080635	22.222295000000003	2.0	0.01563	17.156163	3.0	62.746803	19.444745	5.0	23.443583
7176.0	2.0	72.923105	94.870719	4.519254	24.830056	0.136786	0.233329	0.961887	0.654833	68.381825	5.0	29.520403	24.279578	1.0	0.014163999999999998	4.809376	4.0	65.009202	4.240994000000001	5.0	16.836688	22.227592	1.0	98.767566	32.99772	2.0	0.023767	18.16382	4.0	51.267078999999995	10.442953999999999	5.0	74.142548
7232.0	2.0	13.662657000000001	44.300814	13.127260999999999	15.061003	0.226307	0.30834	0.986634	0.39471100000000003	72.611633	1.0	88.820655	16.949661	6.0	0.034019	3.0276490000000003	4.0	81.707734	0.777283	1.0	43.589982	15.023226000000001	2.0	77.292386	5.295041	6.0	0.174527	15.913148999999999	6.0	3.539758	14.250939	3.0	91.993742
7240.0	2.0	42.037151	65.76472700000001	30.218253000000004	90.34081	0.946533	0.43704	0.859743	0.736532	59.456441000000005	5.0	15.038405	18.634957999999997	6.0	0.78368	4.129962	6.0	11.037291999999999	5.140748	2.0	3.841824	15.405604	3.0	57.573181000000005	21.02582	5.0	0.015905000000000002	3.2824139999999997	4.0	38.267533	24.208405	4.0	68.594263
7360.0	2.0	13.834349	92.94084699999999	4.122982	7.835062	0.274255	0.872259	0.489324	0.11404500000000001	4.735831	3.0	75.35840999999999	5.139809	3.0	0.020819	5.888962	5.0	36.448347	5.491007	1.0	34.043734	8.795689999999999	6.0	76.736665	1.860525	4.0	0.025503	12.105777	5.0	96.49685500000001	22.937392000000003	5.0	44.880055
7370.0	2.0	91.535263	33.435577	85.20670600000001	72.722667	0.6639079999999999	0.259521	0.9384809999999999	0.5374399999999999	7.532457000000001	6.0	31.150848999999997	20.244464999999998	1.0	0.010284	5.796702	1.0	19.505015	2.423131	6.0	5.0660099999999995	15.386726999999999	2.0	70.92661899999999	34.014468	5.0	0.04605	2.350152	4.0	28.465171	16.978827	2.0	52.221056
7503.0	2.0	81.682823	71.622065	33.933485	81.445088	0.9709479999999999	0.651541	0.47340299999999996	0.43393699999999996	77.623592	1.0	76.001537	21.100959	1.0	0.021733000000000002	2.850152	4.0	95.26652299999999	1.308951	3.0	3.476143	16.329479	5.0	47.747496000000005	11.130208999999999	5.0	0.011887	8.162771000000001	4.0	87.242143	11.427285000000001	5.0	74.280603
7522.0	2.0	84.413071	36.731549	18.940084	47.067828000000006	0.329493	0.263468	0.962261	0.38246199999999997	77.14177	5.0	33.275755	6.727958999999999	1.0	0.033565	0.8149390000000001	6.0	1.817855	0.7562949999999999	2.0	27.470940999999996	2.671467	5.0	94.099682	77.075296	6.0	0.070688	3.163233	3.0	25.132192	11.603595	6.0	97.536365
7539.0	2.0	58.053796999999996	67.856879	27.171978999999997	62.650803	0.234111	0.848635	0.542451	0.462966	45.5809	1.0	13.039619	15.276765	4.0	0.018288	1.0450110000000001	2.0	10.03251	0.077836	5.0	18.165456	16.312604	2.0	9.327382	1.842068	3.0	0.011826	18.124835	1.0	76.396537	0.9706819999999999	3.0	69.27166700000001
7575.0	2.0	37.648996999999994	93.044627	59.81515600000001	63.304880000000004	0.24098699999999998	0.624291	0.234735	0.93116	27.632254	1.0	8.356814	3.723825	6.0	0.11468900000000001	2.983622	1.0	33.065521999999994	1.271932	1.0	31.359951000000002	3.787835	2.0	59.01168199999999	23.45542	6.0	0.018142	2.229176	1.0	94.564541	4.980444	4.0	23.500235
7576.0	2.0	51.65314	66.10327	59.737016000000004	67.607677	0.930688	0.321418	0.719878	0.896223	25.70293	5.0	39.825088	15.070163	4.0	0.0125	5.1984580000000005	5.0	57.092891	0.080402	2.0	1.944843	23.575539000000003	6.0	21.199788	30.545889000000003	5.0	0.010423	11.139801	6.0	18.021755	11.999466	5.0	11.214113000000001
7603.0	2.0	2.149559	97.68737	83.435281	5.439337	0.16812	0.29033600000000004	0.861541	0.627015	73.639149	5.0	54.98945	7.309916	6.0	0.01067	6.130623	4.0	97.955694	1.4292719999999999	4.0	10.50565	10.033608000000001	4.0	69.523888	75.160386	1.0	0.036122	2.3393349999999997	1.0	58.68761899999999	21.74205	2.0	57.897038
7729.0	2.0	18.565465	80.122463	98.538951	99.33211899999999	0.551255	0.333588	0.976937	0.47864300000000004	32.440015	3.0	52.018586	3.717883	3.0	0.012015999999999999	3.301161	6.0	93.402149	6.213322	5.0	2.142609	12.593783	6.0	23.361001	34.878806	6.0	0.023214	12.540119	2.0	28.423102	5.481751999999999	1.0	50.191655
7778.0	2.0	93.19376	72.261577	30.283365000000003	62.11243	0.16508	0.5413399999999999	0.308736	0.789734	15.389021	1.0	9.703998	16.360295	4.0	0.34787399999999996	0.257786	4.0	18.511731	2.038333	2.0	23.594768	9.344151	4.0	97.583725	66.307919	4.0	0.012896000000000001	6.779955999999999	1.0	29.282032	4.346433	2.0	50.264396000000005
7867.0	2.0	99.003805	76.384213	8.990688	75.648648	0.287934	0.8414459999999999	0.652911	0.981665	0.945033	4.0	68.500431	15.850062	3.0	0.031512	0.8753209999999999	6.0	31.088974	0.6658430000000001	3.0	91.66844	1.800157	4.0	25.108175	28.159715000000002	4.0	0.079161	3.684537	1.0	76.79936	16.333032	1.0	64.694027
7988.0	2.0	93.653361	28.151047	26.482165999999996	83.23596500000001	0.6826180000000001	0.217185	0.934724	0.162465	76.286736	3.0	13.756935999999998	17.150742	6.0	0.049087	0.176517	4.0	1.9829830000000002	0.362742	3.0	84.791021	9.804427	6.0	83.825758	70.240426	4.0	0.090306	6.861328	1.0	23.541833999999998	12.130579	3.0	74.115257
8025.0	2.0	75.927561	71.94265899999999	34.25665	49.721571999999995	0.333367	0.5274260000000001	0.533767	0.603831	26.361196999999997	5.0	1.6606880000000002	0.805137	1.0	0.039329	3.239778	1.0	18.259341	0.511653	1.0	58.119673999999996	23.160591	5.0	34.968596000000005	10.948205999999999	1.0	0.028704	3.660215	3.0	86.486649	8.353131	3.0	25.013867
8030.0	2.0	39.936103	48.842958	47.359991	93.14483299999999	0.556527	0.536652	0.772042	0.187893	27.26306	1.0	92.48949499999999	12.499789	1.0	0.020751	0.8450280000000001	5.0	80.32511	0.8488370000000001	1.0	2.6567830000000003	2.3735020000000002	5.0	73.86393699999999	24.665841	5.0	0.023856	13.094121000000001	1.0	30.052245000000003	20.527745	1.0	25.424497
8042.0	2.0	97.746524	85.609246	39.895209	66.216775	0.156886	0.180026	0.7833680000000001	0.23219	67.643653	3.0	69.10682800000001	6.6187119999999995	1.0	0.276708	1.4749290000000002	5.0	57.360845999999995	5.4756800000000005	6.0	16.290764000000003	14.509894000000001	1.0	13.821472	31.311870000000003	4.0	0.07849400000000001	13.691781	1.0	86.861487	24.591735	2.0	80.123711
8053.0	2.0	77.10734599999999	72.047155	53.77778000000001	35.391325	0.617913	0.20606100000000002	0.662257	0.690567	40.230458	3.0	55.925768000000005	1.4575790000000002	3.0	0.361647	5.510518	3.0	85.64233399999999	2.7042330000000003	6.0	12.887053	21.776634	3.0	45.930839	22.517433	4.0	0.036902	14.701575	3.0	81.12037099999999	5.607899	4.0	13.964061
8066.0	2.0	90.827388	92.313475	67.64246800000001	95.78106899999999	0.177535	0.148493	0.343231	0.31651799999999997	35.705560999999996	1.0	10.175842999999999	4.29248	6.0	0.014859	2.454177	2.0	39.937958	2.5257080000000003	6.0	14.403917999999999	10.849491	6.0	36.697562	10.820383999999999	4.0	0.025843	14.170442000000001	1.0	12.295615	10.164956	4.0	2.411667
8496.0	2.0	8.709991	29.951425	96.991344	40.959537	0.8612770000000001	0.131604	0.630875	0.170303	5.910976	6.0	36.123565	2.185166	1.0	0.013819	4.388815	3.0	43.692789000000005	3.108917	1.0	2.195235	1.2737530000000001	6.0	23.204914000000002	20.397973999999998	6.0	0.011276999999999999	18.46032	3.0	49.53783	2.965364	2.0	25.05167
8606.0	2.0	97.90688	48.893651	43.828303000000005	30.040718	0.739924	0.905388	0.5172140000000001	0.693192	59.94335400000001	5.0	62.471802000000004	5.451203	6.0	0.037517	1.792978	4.0	83.13614100000001	5.4600349999999995	2.0	2.209373	16.021255	4.0	39.718869	42.264536	6.0	0.090616	6.773144	1.0	55.422132999999995	21.632254	3.0	38.600711
8656.0	2.0	92.721864	47.761399	5.9451339999999995	46.851889	0.582266	0.395383	0.600437	0.967397	58.849323999999996	1.0	82.721748	24.462235999999997	6.0	0.016724	2.932461	6.0	17.839729000000002	0.095501	1.0	35.455962	20.079506	2.0	6.706632000000001	43.35406	5.0	0.024806	16.83318	1.0	43.093323	0.506558	3.0	93.584192
8751.0	2.0	93.949596	84.283126	14.057061	59.917901	0.302519	0.100688	0.8326870000000001	0.301438	57.945025	6.0	32.348661	20.189238	2.0	0.017899	3.494067	6.0	98.510102	1.763195	5.0	24.532672	8.942822999999999	6.0	95.324117	9.839564999999999	4.0	0.021075	14.101847	5.0	36.25653	8.907641	6.0	68.125989
8785.0	2.0	23.393741000000002	73.38951	26.084986999999998	13.122347	0.6727489999999999	0.419774	0.19778099999999998	0.742397	52.060967	6.0	30.478582	1.867662	6.0	0.030160000000000003	6.053864	5.0	4.125187	2.447681	5.0	5.795823	24.009674	3.0	36.727470000000004	64.259344	1.0	0.317733	12.6173	4.0	36.850953000000004	11.005613	4.0	98.683004
8788.0	2.0	47.378935	70.374627	38.785444	82.347374	0.9044479999999999	0.238869	0.665561	0.86919	1.569069	1.0	20.147902	11.99306	3.0	0.077711	1.637885	1.0	10.074292999999999	4.766108999999999	1.0	94.425501	8.940717999999999	4.0	34.197881	54.92333299999999	3.0	0.016876	2.761002	6.0	42.368826	19.525994	1.0	61.433586
8826.0	2.0	14.970382999999998	59.50816700000001	54.892293	84.97960400000001	0.49871800000000005	0.190174	0.215871	0.199601	62.575763	1.0	75.891367	23.268591	3.0	0.019069	0.577264	3.0	81.035195	2.3597650000000003	3.0	1.313703	22.765454000000002	2.0	89.090035	35.683108000000004	4.0	0.028457999999999997	5.814681	6.0	62.292815000000004	18.460299	6.0	37.601623
8932.0	2.0	27.573453000000004	87.280192	56.552578000000004	3.5887239999999996	0.58637	0.9498139999999999	0.644748	0.388031	59.675206	3.0	32.755358	10.649502	1.0	0.07263	3.202928	6.0	88.35014	1.377438	3.0	4.043584	6.490981	6.0	29.146095000000003	15.252822	2.0	0.256396	7.502403999999999	1.0	35.361963	10.12019	5.0	25.39474
9073.0	2.0	66.50341	75.300432	52.719384	51.286443	0.11963299999999999	0.15907000000000002	0.472154	0.271997	8.221205	5.0	29.127473	10.153135	1.0	0.21754099999999998	2.0764560000000003	3.0	17.329036	4.333071	5.0	91.160001	6.020501	5.0	63.45623199999999	27.729952	5.0	0.020301	13.608479999999998	1.0	80.603803	0.669875	3.0	49.457089
9106.0	2.0	46.459445	37.401212	22.83111	96.318147	0.143242	0.13311099999999998	0.9150809999999999	0.456095	32.928721	6.0	10.860449000000001	7.170208000000001	5.0	0.011359000000000001	4.109599	5.0	34.957118	0.33033	3.0	4.0151769999999996	24.047035	2.0	70.947666	6.4945059999999994	5.0	0.07625599999999999	8.157133	1.0	66.12221600000001	13.252848	6.0	99.80088
9171.0	2.0	90.6779	75.793585	26.652446	53.811240000000005	0.366842	0.43808	0.498391	0.548557	25.987814	3.0	16.189655	7.474773	1.0	0.050398	1.3413190000000002	3.0	62.502828	2.311556	1.0	15.348847	16.652691	6.0	46.597726	41.372046000000005	4.0	0.015174000000000002	1.3600889999999999	1.0	11.902533	10.734896	2.0	83.75556
9194.0	2.0	60.229815	85.047285	41.537032	32.490726	0.763235	0.925483	0.9797299999999999	0.6272449999999999	12.745128999999999	1.0	36.71228	9.427463000000001	1.0	0.179726	4.532498	4.0	2.590406	3.709264	1.0	41.797007	9.59759	3.0	12.881478999999999	21.204985999999998	1.0	0.015637	6.389824	4.0	46.084357000000004	14.496325	2.0	58.516649
9444.0	2.0	23.475369	66.604575	73.980091	14.714989000000001	0.7821	0.41042799999999996	0.880339	0.9332219999999999	74.553524	1.0	45.113811	13.977395999999999	5.0	0.018937	5.259157	6.0	72.87361999999999	2.845935	1.0	2.8681509999999997	19.565001000000002	3.0	15.997906	18.889457	5.0	0.065647	12.706282	4.0	52.839128	4.191561	5.0	85.130933
9530.0	2.0	59.175837	62.888511	28.732291999999998	62.333110999999995	0.148874	0.34476	0.8683790000000001	0.364071	9.638272	5.0	33.242049	19.305802	2.0	0.013175	6.044497	1.0	55.513403000000004	5.160689	4.0	17.570444000000002	23.878232999999998	3.0	8.547958	77.522068	3.0	0.12011300000000001	17.706146	5.0	33.950726	1.583435	4.0	56.095515
9639.0	2.0	11.962394	59.426258999999995	4.512715	17.193535	0.664529	0.226622	0.361665	0.629764	45.444508	3.0	29.098498	4.224101	3.0	0.024588	4.3631	2.0	29.730827	5.135468	6.0	11.301119	22.557364	4.0	96.299849	1.8434169999999999	6.0	0.043633	11.292558999999999	5.0	63.788889000000005	16.904605	5.0	49.499755
9796.0	2.0	59.43328	61.72047	39.640029	90.25532	0.20173	0.17576	0.261804	0.96391	34.568899	5.0	87.236401	17.631662	5.0	0.034495	1.2746950000000001	3.0	49.892042	0.41438800000000003	5.0	1.6907729999999999	0.518382	1.0	36.952399	13.687067	6.0	0.031363999999999996	15.051393	2.0	4.066907	7.851278	3.0	33.387656
9815.0	2.0	92.965347	91.839662	80.922739	24.389195	0.788374	0.105511	0.767308	0.801212	26.021786	3.0	1.9838529999999999	14.580712	3.0	0.011174	2.8306720000000003	6.0	2.113523	0.387228	6.0	61.074402	2.4029580000000004	3.0	53.313803	20.060331	2.0	0.067224	2.4725900000000003	2.0	16.628929	14.392623	4.0	56.629342
9822.0	2.0	14.483988	55.49718299999999	12.099946000000001	70.272076	0.6855720000000001	0.276913	0.758101	0.45730699999999996	38.68878	6.0	26.567422999999998	6.273199	1.0	0.041424	4.782451	4.0	93.259289	3.2806089999999997	6.0	8.009642	10.322897	2.0	28.002340000000004	9.486423	5.0	0.010742	9.592775999999999	4.0	33.275553	20.631518	2.0	2.201499
9855.0	2.0	58.591464	39.838041	28.848917	88.120965	0.701937	0.43435200000000007	0.191424	0.164668	36.278766999999995	2.0	5.118581	20.170834	4.0	0.790715	4.847041	6.0	3.905852	3.920667	6.0	23.691177	18.759898	3.0	86.203816	29.338946999999997	6.0	0.060422000000000003	16.726139	3.0	90.35115	16.118478	1.0	10.391293
9875.0	2.0	75.898388	81.73223399999999	77.50994399999999	84.606973	0.296246	0.343575	0.203243	0.8596209999999999	50.574372	6.0	4.735924	14.654910999999998	2.0	0.035847000000000004	0.11067300000000001	5.0	62.02154399999999	1.368463	1.0	24.314843	12.422494	1.0	68.49117199999999	61.97787099999999	5.0	0.013281	5.341586	1.0	4.490042	16.927084	5.0	28.067216
9883.0	2.0	51.317221	88.077414	49.641502	76.65820500000001	0.175276	0.554267	0.754269	0.9795290000000001	55.114203	3.0	73.87183399999999	15.317179000000001	3.0	0.011682	1.8389360000000001	6.0	12.270813	0.195731	1.0	50.204164	8.25261	2.0	50.249006	23.942025	2.0	0.033169	3.6875089999999995	1.0	81.654601	19.783884	3.0	92.422849
9890.0	2.0	68.094909	16.399199	70.109161	65.374236	0.118853	0.380414	0.6163529999999999	0.338499	10.872154	6.0	4.621449	8.444114	3.0	0.16735799999999998	0.9683120000000001	1.0	51.150851	5.29502	3.0	10.60563	4.435897	2.0	53.522833	21.521287	5.0	0.011138	1.482115	3.0	98.694097	17.310482999999998	5.0	57.943093000000005
9955.0	2.0	41.627004	94.195894	59.734238	66.171777	0.113802	0.879724	0.914393	0.42821400000000004	40.815813	3.0	4.965228	20.141527	2.0	0.444147	5.373735	3.0	74.271011	3.147903	1.0	63.010288	17.554031	5.0	39.925044	53.83292900000001	6.0	0.054797000000000005	12.683222	1.0	71.87315699999999	14.205906	2.0	37.913629
