806.0	3.0	64.907309	4.93379	95.217926	90.1749	0.180047	0.5830069999999999	0.9359860000000001	0.45718000000000003	15.947335	6.0	3.778482	18.297416000000002	3.0	0.021725	0.9262379999999999	6.0	21.407125	1.8864759999999998	3.0	80.562689	18.629335	6.0	31.375053	60.782858999999995	4.0	0.635231	16.817162	2.0	89.43859499999999	2.800981	4.0	27.741076
1106.0	3.0	69.282127	9.430982	33.960394	27.178259000000004	0.260571	0.7386739999999999	0.977096	0.128162	27.837682	1.0	30.722479999999997	8.165296000000001	5.0	0.49191999999999997	2.506135	3.0	31.904373	1.1534659999999999	2.0	75.28259	22.72515	1.0	60.436060999999995	66.305099	3.0	0.261358	8.883892999999999	3.0	66.565714	7.239038000000001	2.0	22.839261999999998
1130.0	3.0	14.0835	3.560711	80.716054	27.626347999999997	0.580214	0.273579	0.869132	0.987684	60.829838	6.0	84.054689	4.716448000000001	4.0	0.010551000000000001	1.99839	1.0	73.70235699999999	3.455925	3.0	58.529749	2.168245	2.0	81.869297	6.130167	3.0	0.014578	18.839043	4.0	71.929222	5.459176	5.0	16.477013
1308.0	3.0	23.306696	9.676035	74.438098	82.54426099999999	0.329933	0.6518430000000001	0.194613	0.495433	21.493387	3.0	45.516071000000004	9.751408999999999	5.0	0.042571	1.458161	2.0	52.778496	4.521477	4.0	87.15919699999999	13.478584	6.0	30.203765	3.6468519999999995	3.0	0.011266	13.714623000000001	2.0	77.43484000000001	11.84965	4.0	74.32972600000001
1347.0	3.0	65.249454	19.222315	84.37517700000001	20.410395	0.12437899999999999	0.9949610000000001	0.6712	0.9621360000000001	17.914558	4.0	14.317995000000002	10.369767999999999	2.0	0.052182000000000006	5.66977	4.0	91.18815699999999	1.6968470000000002	6.0	28.015538	18.290282	3.0	57.797743000000004	33.260269	3.0	0.051553999999999996	2.450283	5.0	44.600519	20.334292	1.0	4.8333129999999995
1517.0	3.0	24.780751000000002	12.696685	31.250790999999996	75.312744	0.781293	0.9068200000000001	0.160073	0.550866	49.960257	3.0	30.737135	2.638025	6.0	0.019923	2.110785	3.0	25.847233	0.270336	5.0	69.369069	8.314983	1.0	82.92629000000001	64.54494	2.0	0.010602	16.675212	5.0	39.626053999999996	19.698495	6.0	73.235042
1821.0	3.0	76.958768	3.082353	77.537293	95.365326	0.969433	0.6117130000000001	0.515772	0.705815	12.574088	6.0	41.973543	10.569899000000001	2.0	0.010820999999999999	4.7914010000000005	2.0	99.418912	5.141367	1.0	71.216254	0.532977	5.0	34.207654999999995	46.461269	1.0	0.010762	15.407936999999999	3.0	68.28012700000001	25.263521	3.0	83.132317
2193.0	3.0	82.562484	2.003982	46.555514	60.080735	0.244448	0.720012	0.502093	0.8853139999999999	55.574211	2.0	68.404535	12.045428	2.0	0.24012199999999997	1.107508	5.0	9.304144	0.468293	4.0	34.487766	1.380467	4.0	79.23499699999999	12.993164	5.0	0.24308400000000002	9.936879	3.0	13.286957000000001	7.4522580000000005	4.0	51.826527
2873.0	3.0	1.4106969999999999	47.67515	36.637204	85.844974	0.401727	0.644373	0.155039	0.22174899999999997	18.264285	1.0	22.107364999999998	8.888985	5.0	0.040841	5.725727	2.0	45.525524	2.839629	5.0	51.476255	3.421828	3.0	70.753344	46.98914	2.0	0.017521000000000002	11.45983	5.0	95.475726	22.186270999999998	5.0	79.67249100000001
2937.0	3.0	75.981716	10.311195	99.565435	14.517701999999998	0.22671799999999998	0.63874	0.192277	0.23314000000000001	1.032298	2.0	50.191181	7.828542	3.0	0.015011000000000002	2.752406	3.0	68.932571	0.501236	6.0	90.22107700000001	14.992589	4.0	98.525786	77.228075	3.0	0.022675	17.705451999999998	4.0	39.106828	8.913772999999999	1.0	37.844433
3538.0	3.0	1.634551	7.169617	46.208467	21.790369000000002	0.9453860000000001	0.9308799999999999	0.8813540000000001	0.17463499999999998	55.621524	4.0	70.199955	8.925723	2.0	0.010751	4.290234	1.0	57.844505000000005	1.5469870000000001	4.0	14.266367	3.7523809999999997	2.0	54.035011	46.140211	2.0	0.088443	8.990618	5.0	19.825305	22.762397	4.0	47.040651000000004
4132.0	3.0	16.856270000000002	3.949322	72.355589	38.644802	0.207909	0.32956599999999997	0.544845	0.65888	6.9413789999999995	4.0	51.656508	14.184462	6.0	0.092386	3.696057	4.0	43.022369	4.4195459999999995	2.0	8.411166999999999	17.711788000000002	1.0	59.980086	12.383159	5.0	0.011248000000000001	8.82526	3.0	24.239227	25.136585999999998	4.0	28.162259000000002
4161.0	3.0	71.845342	5.865831	91.898269	59.346965000000004	0.23656300000000002	0.28986300000000004	0.8102590000000001	0.6843100000000001	5.782334	6.0	24.943331	4.836876999999999	2.0	0.012949	4.672452	1.0	82.300597	0.606757	6.0	31.716008000000002	17.284746	3.0	64.759893	39.471608	6.0	0.011906	15.346520000000002	6.0	44.431055	22.585304	2.0	47.740818
4274.0	3.0	34.946859	11.718205000000001	78.663946	26.82879	0.11616199999999999	0.6192810000000001	0.668879	0.514187	3.968146	2.0	31.680925	15.761757000000001	5.0	0.023677	1.822552	5.0	6.731481	1.597237	6.0	98.430972	21.548408	3.0	98.582975	38.848728	6.0	0.017544	6.166737	2.0	76.435875	18.575025	4.0	9.378066
4296.0	3.0	96.543702	7.844507000000001	33.115971	7.737353999999999	0.48489399999999994	0.372679	0.945522	0.282102	26.344972	2.0	92.535251	22.005819	4.0	0.015831	0.2005	2.0	84.07347299999999	0.94299	4.0	95.727376	17.103661	6.0	29.693219	54.472354	2.0	0.021505	10.587225	3.0	68.365291	12.16658	5.0	53.910743999999994
4446.0	3.0	99.019092	4.686617	93.31746700000001	20.037678	0.725	0.782442	0.18540399999999999	0.254396	44.203914000000005	6.0	8.949048	18.70857	2.0	0.036866	5.021918	6.0	85.32826899999999	2.574977	4.0	64.944553	8.862645	4.0	39.275672	1.518599	4.0	0.015415	10.346959	3.0	82.75680600000001	8.517772	3.0	44.357328
5039.0	3.0	81.767248	5.476075	30.205146000000003	4.5777220000000005	0.6281260000000001	0.8580030000000001	0.37477699999999997	0.178582	53.659859	1.0	15.728964000000001	13.362224	3.0	0.014832	0.651345	3.0	54.583253000000006	5.01213	1.0	57.34494300000001	18.227935000000002	4.0	24.913772	55.922273	5.0	0.12486099999999999	12.876868	2.0	84.04818	1.205483	1.0	28.1503
5047.0	3.0	41.868103999999995	10.753461999999999	90.034077	98.825455	0.716168	0.818971	0.362774	0.501336	56.525564	2.0	38.885098	19.747034	5.0	0.012303	4.881422	1.0	26.214593	4.915762	3.0	79.381062	15.040185000000001	3.0	72.667912	48.949971999999995	6.0	0.011615	5.367417	4.0	57.151239000000004	21.161248	6.0	28.045067
5481.0	3.0	46.518813	21.888948000000003	60.490368999999994	16.358962	0.418026	0.9268930000000001	0.668505	0.48068999999999995	54.744279000000006	3.0	6.882524	15.534554	6.0	0.036642	1.2253399999999999	5.0	40.594996	3.925323	1.0	43.291263	15.411508	3.0	56.352408	74.371686	6.0	0.011037	1.844752	3.0	73.657475	15.537064	1.0	92.144177
6126.0	3.0	55.252961	10.560055	47.569	99.210466	0.5828720000000001	0.815326	0.932011	0.749778	12.842311	1.0	83.521034	0.40643	1.0	0.031672000000000006	1.748318	5.0	32.086323	2.378674	4.0	49.923678	24.049339	1.0	1.288129	1.164725	4.0	0.014734	12.834685	6.0	81.957171	18.763203	5.0	94.10000699999999
6266.0	3.0	40.921102000000005	30.128996	67.247854	81.252734	0.8885700000000001	0.803826	0.733475	0.9299219999999999	55.225292	3.0	11.159999000000001	22.700855999999998	6.0	0.011201000000000001	2.952043	6.0	65.78988299999999	5.101963	1.0	36.550391	5.4539919999999995	2.0	40.869486	1.47505	3.0	0.011861	2.07445	3.0	7.849975	11.867103	6.0	32.165776
6510.0	3.0	18.68285	1.273929	18.670638	96.26147399999999	0.9740059999999999	0.289887	0.400521	0.6407229999999999	61.534854	3.0	7.790191	21.94363	4.0	0.017731	5.047251	3.0	91.894463	5.579855	1.0	21.434019	1.989269	1.0	62.745830000000005	27.283914000000003	1.0	0.018327	4.384115	6.0	71.036858	9.998513	4.0	83.861538
7583.0	3.0	27.801846	13.997260999999998	88.68664799999999	13.047721000000001	0.970534	0.730178	0.206683	0.5687300000000001	18.131262	4.0	98.534006	9.347036	4.0	0.014328	4.9896400000000005	4.0	82.664426	2.991822	6.0	33.038138000000004	20.947862	2.0	37.965859	8.075074	2.0	0.010145999999999999	16.656426	1.0	55.541074	8.842881	4.0	7.675068
8043.0	3.0	65.660948	37.732253	25.59076	65.449122	0.9069809999999999	0.925789	0.38166300000000003	0.426429	61.786663	5.0	64.242174	24.500557	3.0	0.012402	2.156592	2.0	50.443976	4.818561	6.0	91.282948	0.6851550000000001	5.0	48.444408	42.745796	5.0	0.011005	10.497471	2.0	90.715553	16.636641	4.0	43.909503
8220.0	3.0	53.720627	8.304282	49.425754	48.958055	0.844505	0.45183900000000005	0.834849	0.587892	58.357748	3.0	8.113273	21.666701	4.0	0.027885000000000004	0.089067	2.0	72.846	2.738009	1.0	5.575262	23.229432	2.0	18.789637	55.415362	4.0	0.056861	7.385219	1.0	67.514335	15.026128	5.0	65.000056
8784.0	3.0	67.517953	15.607106	71.978862	10.378289	0.800342	0.71109	0.468265	0.617683	76.55531500000001	1.0	85.620074	20.515632999999998	1.0	0.047582	0.754811	2.0	46.663003	1.078703	1.0	17.438578	12.069124	1.0	26.522674	20.724220000000003	1.0	0.059141	5.488151	1.0	94.790312	8.426597000000001	4.0	11.741474
9198.0	3.0	36.534591	17.307173000000002	50.28317	81.533406	0.33273600000000003	0.813712	0.8903469999999999	0.3804	34.777313	1.0	48.10293	13.315543	4.0	0.098746	1.8152720000000002	4.0	18.135101000000002	0.487475	4.0	59.213544999999996	15.711676999999998	1.0	33.771563	73.82697399999999	6.0	0.018890999999999998	9.143275	3.0	21.887221	24.278636	3.0	95.45817199999999
9754.0	3.0	88.309911	22.346610000000002	86.19852	37.65674	0.51522	0.899705	0.140942	0.378704	69.11229499999999	1.0	46.562034000000004	5.799455	5.0	0.038111	0.10975	6.0	24.01306	5.786139	1.0	69.265022	24.355992999999998	6.0	58.901752	25.991537	1.0	0.044177999999999995	10.793927	2.0	19.185194	6.106383999999999	4.0	59.11786899999999
9950.0	3.0	4.616478	48.896637	43.580362	47.618926	0.64235	0.6353340000000001	0.713358	0.980777	38.312271	2.0	57.580748	23.798921	3.0	0.050446	1.518316	1.0	37.655502	3.859599	2.0	30.746482	0.442204	4.0	63.376243	2.763505	1.0	0.011612	17.17606	3.0	49.745537	9.664703999999999	6.0	50.366962
806.0	3.0	64.907309	4.93379	95.217926	90.1749	0.180047	0.5830069999999999	0.9359860000000001	0.45718000000000003	15.947335	6.0	3.778482	18.297416000000002	3.0	0.021725	0.9262379999999999	6.0	21.407125	1.8864759999999998	3.0	80.562689	18.629335	6.0	31.375053	60.782858999999995	4.0	0.635231	16.817162	2.0	89.43859499999999	2.800981	4.0	27.741076
1106.0	3.0	69.282127	9.430982	33.960394	27.178259000000004	0.260571	0.7386739999999999	0.977096	0.128162	27.837682	1.0	30.722479999999997	8.165296000000001	5.0	0.49191999999999997	2.506135	3.0	31.904373	1.1534659999999999	2.0	75.28259	22.72515	1.0	60.436060999999995	66.305099	3.0	0.261358	8.883892999999999	3.0	66.565714	7.239038000000001	2.0	22.839261999999998
1130.0	3.0	14.0835	3.560711	80.716054	27.626347999999997	0.580214	0.273579	0.869132	0.987684	60.829838	6.0	84.054689	4.716448000000001	4.0	0.010551000000000001	1.99839	1.0	73.70235699999999	3.455925	3.0	58.529749	2.168245	2.0	81.869297	6.130167	3.0	0.014578	18.839043	4.0	71.929222	5.459176	5.0	16.477013
1308.0	3.0	23.306696	9.676035	74.438098	82.54426099999999	0.329933	0.6518430000000001	0.194613	0.495433	21.493387	3.0	45.516071000000004	9.751408999999999	5.0	0.042571	1.458161	2.0	52.778496	4.521477	4.0	87.15919699999999	13.478584	6.0	30.203765	3.6468519999999995	3.0	0.011266	13.714623000000001	2.0	77.43484000000001	11.84965	4.0	74.32972600000001
1347.0	3.0	65.249454	19.222315	84.37517700000001	20.410395	0.12437899999999999	0.9949610000000001	0.6712	0.9621360000000001	17.914558	4.0	14.317995000000002	10.369767999999999	2.0	0.052182000000000006	5.66977	4.0	91.18815699999999	1.6968470000000002	6.0	28.015538	18.290282	3.0	57.797743000000004	33.260269	3.0	0.051553999999999996	2.450283	5.0	44.600519	20.334292	1.0	4.8333129999999995
1517.0	3.0	24.780751000000002	12.696685	31.250790999999996	75.312744	0.781293	0.9068200000000001	0.160073	0.550866	49.960257	3.0	30.737135	2.638025	6.0	0.019923	2.110785	3.0	25.847233	0.270336	5.0	69.369069	8.314983	1.0	82.92629000000001	64.54494	2.0	0.010602	16.675212	5.0	39.626053999999996	19.698495	6.0	73.235042
1821.0	3.0	76.958768	3.082353	77.537293	95.365326	0.969433	0.6117130000000001	0.515772	0.705815	12.574088	6.0	41.973543	10.569899000000001	2.0	0.010820999999999999	4.7914010000000005	2.0	99.418912	5.141367	1.0	71.216254	0.532977	5.0	34.207654999999995	46.461269	1.0	0.010762	15.407936999999999	3.0	68.28012700000001	25.263521	3.0	83.132317
2193.0	3.0	82.562484	2.003982	46.555514	60.080735	0.244448	0.720012	0.502093	0.8853139999999999	55.574211	2.0	68.404535	12.045428	2.0	0.24012199999999997	1.107508	5.0	9.304144	0.468293	4.0	34.487766	1.380467	4.0	79.23499699999999	12.993164	5.0	0.24308400000000002	9.936879	3.0	13.286957000000001	7.4522580000000005	4.0	51.826527
2873.0	3.0	1.4106969999999999	47.67515	36.637204	85.844974	0.401727	0.644373	0.155039	0.22174899999999997	18.264285	1.0	22.107364999999998	8.888985	5.0	0.040841	5.725727	2.0	45.525524	2.839629	5.0	51.476255	3.421828	3.0	70.753344	46.98914	2.0	0.017521000000000002	11.45983	5.0	95.475726	22.186270999999998	5.0	79.67249100000001
2937.0	3.0	75.981716	10.311195	99.565435	14.517701999999998	0.22671799999999998	0.63874	0.192277	0.23314000000000001	1.032298	2.0	50.191181	7.828542	3.0	0.015011000000000002	2.752406	3.0	68.932571	0.501236	6.0	90.22107700000001	14.992589	4.0	98.525786	77.228075	3.0	0.022675	17.705451999999998	4.0	39.106828	8.913772999999999	1.0	37.844433
3538.0	3.0	1.634551	7.169617	46.208467	21.790369000000002	0.9453860000000001	0.9308799999999999	0.8813540000000001	0.17463499999999998	55.621524	4.0	70.199955	8.925723	2.0	0.010751	4.290234	1.0	57.844505000000005	1.5469870000000001	4.0	14.266367	3.7523809999999997	2.0	54.035011	46.140211	2.0	0.088443	8.990618	5.0	19.825305	22.762397	4.0	47.040651000000004
4132.0	3.0	16.856270000000002	3.949322	72.355589	38.644802	0.207909	0.32956599999999997	0.544845	0.65888	6.9413789999999995	4.0	51.656508	14.184462	6.0	0.092386	3.696057	4.0	43.022369	4.4195459999999995	2.0	8.411166999999999	17.711788000000002	1.0	59.980086	12.383159	5.0	0.011248000000000001	8.82526	3.0	24.239227	25.136585999999998	4.0	28.162259000000002
4161.0	3.0	71.845342	5.865831	91.898269	59.346965000000004	0.23656300000000002	0.28986300000000004	0.8102590000000001	0.6843100000000001	5.782334	6.0	24.943331	4.836876999999999	2.0	0.012949	4.672452	1.0	82.300597	0.606757	6.0	31.716008000000002	17.284746	3.0	64.759893	39.471608	6.0	0.011906	15.346520000000002	6.0	44.431055	22.585304	2.0	47.740818
4274.0	3.0	34.946859	11.718205000000001	78.663946	26.82879	0.11616199999999999	0.6192810000000001	0.668879	0.514187	3.968146	2.0	31.680925	15.761757000000001	5.0	0.023677	1.822552	5.0	6.731481	1.597237	6.0	98.430972	21.548408	3.0	98.582975	38.848728	6.0	0.017544	6.166737	2.0	76.435875	18.575025	4.0	9.378066
4296.0	3.0	96.543702	7.844507000000001	33.115971	7.737353999999999	0.48489399999999994	0.372679	0.945522	0.282102	26.344972	2.0	92.535251	22.005819	4.0	0.015831	0.2005	2.0	84.07347299999999	0.94299	4.0	95.727376	17.103661	6.0	29.693219	54.472354	2.0	0.021505	10.587225	3.0	68.365291	12.16658	5.0	53.910743999999994
4446.0	3.0	99.019092	4.686617	93.31746700000001	20.037678	0.725	0.782442	0.18540399999999999	0.254396	44.203914000000005	6.0	8.949048	18.70857	2.0	0.036866	5.021918	6.0	85.32826899999999	2.574977	4.0	64.944553	8.862645	4.0	39.275672	1.518599	4.0	0.015415	10.346959	3.0	82.75680600000001	8.517772	3.0	44.357328
5039.0	3.0	81.767248	5.476075	30.205146000000003	4.5777220000000005	0.6281260000000001	0.8580030000000001	0.37477699999999997	0.178582	53.659859	1.0	15.728964000000001	13.362224	3.0	0.014832	0.651345	3.0	54.583253000000006	5.01213	1.0	57.34494300000001	18.227935000000002	4.0	24.913772	55.922273	5.0	0.12486099999999999	12.876868	2.0	84.04818	1.205483	1.0	28.1503
5047.0	3.0	41.868103999999995	10.753461999999999	90.034077	98.825455	0.716168	0.818971	0.362774	0.501336	56.525564	2.0	38.885098	19.747034	5.0	0.012303	4.881422	1.0	26.214593	4.915762	3.0	79.381062	15.040185000000001	3.0	72.667912	48.949971999999995	6.0	0.011615	5.367417	4.0	57.151239000000004	21.161248	6.0	28.045067
5481.0	3.0	46.518813	21.888948000000003	60.490368999999994	16.358962	0.418026	0.9268930000000001	0.668505	0.48068999999999995	54.744279000000006	3.0	6.882524	15.534554	6.0	0.036642	1.2253399999999999	5.0	40.594996	3.925323	1.0	43.291263	15.411508	3.0	56.352408	74.371686	6.0	0.011037	1.844752	3.0	73.657475	15.537064	1.0	92.144177
6126.0	3.0	55.252961	10.560055	47.569	99.210466	0.5828720000000001	0.815326	0.932011	0.749778	12.842311	1.0	83.521034	0.40643	1.0	0.031672000000000006	1.748318	5.0	32.086323	2.378674	4.0	49.923678	24.049339	1.0	1.288129	1.164725	4.0	0.014734	12.834685	6.0	81.957171	18.763203	5.0	94.10000699999999
6266.0	3.0	40.921102000000005	30.128996	67.247854	81.252734	0.8885700000000001	0.803826	0.733475	0.9299219999999999	55.225292	3.0	11.159999000000001	22.700855999999998	6.0	0.011201000000000001	2.952043	6.0	65.78988299999999	5.101963	1.0	36.550391	5.4539919999999995	2.0	40.869486	1.47505	3.0	0.011861	2.07445	3.0	7.849975	11.867103	6.0	32.165776
6510.0	3.0	18.68285	1.273929	18.670638	96.26147399999999	0.9740059999999999	0.289887	0.400521	0.6407229999999999	61.534854	3.0	7.790191	21.94363	4.0	0.017731	5.047251	3.0	91.894463	5.579855	1.0	21.434019	1.989269	1.0	62.745830000000005	27.283914000000003	1.0	0.018327	4.384115	6.0	71.036858	9.998513	4.0	83.861538
7583.0	3.0	27.801846	13.997260999999998	88.68664799999999	13.047721000000001	0.970534	0.730178	0.206683	0.5687300000000001	18.131262	4.0	98.534006	9.347036	4.0	0.014328	4.9896400000000005	4.0	82.664426	2.991822	6.0	33.038138000000004	20.947862	2.0	37.965859	8.075074	2.0	0.010145999999999999	16.656426	1.0	55.541074	8.842881	4.0	7.675068
8043.0	3.0	65.660948	37.732253	25.59076	65.449122	0.9069809999999999	0.925789	0.38166300000000003	0.426429	61.786663	5.0	64.242174	24.500557	3.0	0.012402	2.156592	2.0	50.443976	4.818561	6.0	91.282948	0.6851550000000001	5.0	48.444408	42.745796	5.0	0.011005	10.497471	2.0	90.715553	16.636641	4.0	43.909503
8220.0	3.0	53.720627	8.304282	49.425754	48.958055	0.844505	0.45183900000000005	0.834849	0.587892	58.357748	3.0	8.113273	21.666701	4.0	0.027885000000000004	0.089067	2.0	72.846	2.738009	1.0	5.575262	23.229432	2.0	18.789637	55.415362	4.0	0.056861	7.385219	1.0	67.514335	15.026128	5.0	65.000056
8784.0	3.0	67.517953	15.607106	71.978862	10.378289	0.800342	0.71109	0.468265	0.617683	76.55531500000001	1.0	85.620074	20.515632999999998	1.0	0.047582	0.754811	2.0	46.663003	1.078703	1.0	17.438578	12.069124	1.0	26.522674	20.724220000000003	1.0	0.059141	5.488151	1.0	94.790312	8.426597000000001	4.0	11.741474
9198.0	3.0	36.534591	17.307173000000002	50.28317	81.533406	0.33273600000000003	0.813712	0.8903469999999999	0.3804	34.777313	1.0	48.10293	13.315543	4.0	0.098746	1.8152720000000002	4.0	18.135101000000002	0.487475	4.0	59.213544999999996	15.711676999999998	1.0	33.771563	73.82697399999999	6.0	0.018890999999999998	9.143275	3.0	21.887221	24.278636	3.0	95.45817199999999
9754.0	3.0	88.309911	22.346610000000002	86.19852	37.65674	0.51522	0.899705	0.140942	0.378704	69.11229499999999	1.0	46.562034000000004	5.799455	5.0	0.038111	0.10975	6.0	24.01306	5.786139	1.0	69.265022	24.355992999999998	6.0	58.901752	25.991537	1.0	0.044177999999999995	10.793927	2.0	19.185194	6.106383999999999	4.0	59.11786899999999
9950.0	3.0	4.616478	48.896637	43.580362	47.618926	0.64235	0.6353340000000001	0.713358	0.980777	38.312271	2.0	57.580748	23.798921	3.0	0.050446	1.518316	1.0	37.655502	3.859599	2.0	30.746482	0.442204	4.0	63.376243	2.763505	1.0	0.011612	17.17606	3.0	49.745537	9.664703999999999	6.0	50.366962
