298.0	4.0	99.304902	37.848884000000005	88.328903	65.693182	0.9954649999999999	0.103497	0.14278	0.725893	8.864612	4.0	40.17179	17.670565	4.0	25.866201	11.932667	2.0	87.426845	22.470758	3.0	55.984556000000005	6.288321	5.0	86.521013	22.013253	4.0	0.057133	0.26141	3.0	67.52842700000001	0.32905300000000004	6.0	69.35491800000001	22.737271	4.0	93.67071899999999
361.0	4.0	63.68604499999999	45.986395	46.891441	27.825955	0.734688	0.8724219999999999	0.804307	0.354637	1.8668240000000003	4.0	89.061285	16.995399	2.0	74.423587	22.993824	2.0	76.67061600000001	2.131495	2.0	47.973737	12.780961999999999	1.0	55.649846999999994	11.062339999999999	1.0	0.067156	3.98336	5.0	7.212963	0.761074	1.0	52.667308	12.119039	2.0	38.342993
408.0	4.0	75.363546	19.512051	96.075009	71.806351	0.718571	0.197668	0.147043	0.517035	14.993231	5.0	26.826156	4.004479	1.0	52.527297999999995	10.783093	1.0	88.71191400000001	1.2385389999999998	6.0	75.596568	13.304439000000002	1.0	82.530636	2.144141	3.0	0.255402	5.500106	1.0	31.087711	5.248313	5.0	79.99896600000001	21.334939000000002	3.0	68.13844499999999
422.0	4.0	96.788496	68.437361	46.179106	84.015812	0.720428	0.316732	0.312283	0.225858	10.47435	6.0	83.880344	19.281775	5.0	68.65287099999999	1.297782	1.0	46.274171	21.859731	4.0	79.88131899999999	5.408608	5.0	67.822476	19.568977	3.0	0.013888	0.921004	5.0	30.287166999999997	1.466947	2.0	59.672870999999994	15.608191	2.0	87.367026
774.0	4.0	66.99167800000001	92.375026	74.45063499999999	75.558261	0.875128	0.832564	0.232762	0.45455200000000007	13.898748999999999	5.0	37.00343	20.498873	6.0	15.226688000000001	5.7149410000000005	4.0	2.771961	9.822077	4.0	19.370952	12.452399	2.0	35.828953999999996	14.951075	6.0	0.060996	2.6991110000000003	4.0	3.182604	3.189044	4.0	42.56342	3.505435	2.0	50.407143
895.0	4.0	70.225903	78.51106899999999	92.596925	40.885862	0.209117	0.744328	0.157781	0.6458020000000001	23.263294000000002	2.0	78.58251899999999	13.948006	2.0	12.673287	3.0937509999999997	2.0	62.329184999999995	3.023645	5.0	71.958007	5.11661	2.0	84.454872	15.962214999999999	5.0	0.062787	5.204751	4.0	46.206522	0.130278	1.0	62.128409	24.601395999999998	6.0	8.534718
1166.0	4.0	98.373121	88.583097	60.039522999999996	56.990708999999995	0.21646700000000002	0.34672600000000003	0.168216	0.444723	19.843867000000003	4.0	95.316731	21.628239	6.0	77.746114	8.288355000000001	3.0	88.968733	2.697361	6.0	79.921011	25.088655	1.0	13.812268	5.438236	5.0	0.11028699999999998	5.375021	2.0	38.758931	3.156198	3.0	54.464227	1.552753	4.0	39.973986
1427.0	4.0	48.760373	79.65909	96.973353	81.382339	0.320127	0.653618	0.106699	0.790279	13.988048000000001	3.0	10.660671	8.402128999999999	3.0	25.289753	4.794465	3.0	72.55373399999999	6.811881	2.0	83.396331	2.680935	4.0	83.90227	20.333527	1.0	0.045866000000000004	0.714354	6.0	7.9746	3.938907	6.0	69.084082	19.679509	3.0	20.41156
1497.0	4.0	49.797827000000005	21.397228	74.132375	88.582426	0.359279	0.26164499999999996	0.336158	0.907192	4.55309	5.0	28.739951	6.27846	3.0	92.741791	20.417982000000002	3.0	63.615626	10.651247	4.0	68.858837	13.750062	3.0	10.416986999999999	22.830323999999997	2.0	0.026833999999999997	0.237252	5.0	91.126482	5.759055	6.0	25.563848	11.865768	3.0	29.037607
1532.0	4.0	76.32173399999999	32.320743	48.74671	36.626446	0.807791	0.6597189999999999	0.340804	0.767523	2.886061	6.0	56.791201	4.367891	3.0	71.30965	13.937133	6.0	30.836129	15.673979000000001	6.0	6.821317999999999	6.688052000000001	4.0	27.827875	14.309262	3.0	0.021478999999999998	2.80084	4.0	4.403706	4.522214	3.0	78.085236	6.463758	1.0	98.790453
1729.0	4.0	88.817099	37.713346	91.42204100000001	81.65559300000001	0.17243599999999998	0.438503	0.448723	0.748347	2.79483	6.0	69.76487	22.961753	6.0	78.46587	8.313395	4.0	7.181147	13.465432999999999	3.0	51.846508	11.447044	6.0	32.135473	24.170299	3.0	0.018331999999999998	3.062297	2.0	48.372384999999994	4.810022	1.0	7.499505999999999	9.389966000000001	1.0	51.026269
1866.0	4.0	19.037691	51.289034	38.944259	49.202359	0.150583	0.563624	0.395258	0.948458	12.661394	2.0	66.33905	2.164828	3.0	75.758267	13.066538000000001	3.0	64.986441	5.248201	5.0	3.186286	21.913439999999998	1.0	18.575758	20.771241	1.0	0.018508	0.72026	4.0	22.456101999999998	0.8723479999999999	4.0	31.624059999999997	24.057164999999998	5.0	58.717112
2092.0	4.0	27.294003000000004	47.578383	86.922719	83.835511	0.688811	0.679326	0.43019700000000005	0.731581	18.749696	2.0	41.328388000000004	15.424989000000002	2.0	82.346305	12.13991	1.0	4.259755	7.03313	6.0	55.596725	9.341987	1.0	26.991638000000002	3.978157	3.0	0.048639	4.0862050000000005	3.0	60.046203000000006	5.343504	3.0	85.736361	2.877955	4.0	99.843572
2316.0	4.0	7.622483	83.719826	70.408137	8.619978999999999	0.253373	0.195416	0.254886	0.750656	2.530214	1.0	87.50268100000001	8.384781	5.0	42.663287	6.513053	3.0	48.979673999999996	3.903916	6.0	63.697168000000005	0.8836620000000001	3.0	60.424965	17.871919000000002	1.0	0.025363999999999998	2.188397	2.0	66.299116	4.651928	6.0	9.893635	4.09351	6.0	22.151456
2587.0	4.0	25.194745	69.03596999999999	28.108379	85.790239	0.590438	0.21144200000000002	0.339986	0.322753	6.416939	3.0	56.667708	11.307639	4.0	37.451413	20.428121	1.0	54.71324499999999	22.829722	1.0	29.625006	16.670986	6.0	2.2626049999999998	17.622096	1.0	0.014445	1.315693	5.0	61.459978	5.228935	5.0	56.63515	6.201917	6.0	77.502328
3085.0	4.0	29.594590000000004	81.38261899999999	70.241045	90.132017	0.146045	0.6795220000000001	0.570293	0.201546	11.73575	4.0	20.060651	13.244375	6.0	50.097083000000005	2.626656	2.0	26.358161	21.030005	4.0	4.044023	4.614275	5.0	41.695792	12.119378	4.0	0.11083499999999999	3.613147	1.0	27.003028999999998	0.974457	5.0	82.80123	8.130460000000001	6.0	2.424285
3126.0	4.0	7.0212460000000005	63.590973	57.807966	26.653754	0.147017	0.127667	0.113327	0.5147109999999999	4.3260559999999995	4.0	79.25654399999999	17.756565	6.0	10.575069000000001	1.526141	5.0	83.950903	15.02261	3.0	27.583307	9.414686999999999	1.0	51.602888	24.116984	3.0	0.054688	5.1260010000000005	2.0	16.195510000000002	4.65835	5.0	18.354842	17.92549	6.0	22.040726
3283.0	4.0	51.78432	61.382876	98.624579	73.577667	0.794508	0.90704	0.18737	0.293507	21.152721	2.0	84.041783	12.832386	6.0	24.966376	0.814075	3.0	49.59901	3.252593	1.0	53.890080000000005	13.826165	2.0	15.063251999999999	11.33387	5.0	0.022003	5.932752	1.0	64.52605	2.8432630000000003	2.0	13.846285	3.488024	5.0	15.840384
3736.0	4.0	9.489291	93.756238	73.031759	74.046853	0.19658299999999998	0.383773	0.10195900000000001	0.103367	20.06697	2.0	65.073451	19.684372	6.0	58.372288	0.865448	2.0	23.935175	15.647768	5.0	57.119525	10.361222	1.0	82.863844	0.291331	3.0	0.060889	5.674258	2.0	10.422198	2.608347	4.0	36.363224	25.165475	6.0	16.212449
4117.0	4.0	78.043243	68.34944300000001	86.29628100000001	53.40558299999999	0.7877930000000001	0.11736300000000001	0.46886400000000006	0.319904	1.6737849999999999	3.0	16.530522	12.536458999999999	3.0	17.207599	12.725337	4.0	21.03367	15.249334	6.0	69.307227	11.932306	6.0	69.798742	13.532617000000002	1.0	0.026206	4.986731	4.0	7.494667999999999	0.23940100000000003	2.0	50.302103	21.019756	5.0	8.5812
4192.0	4.0	92.326921	88.037286	98.589877	51.688156	0.9607690000000001	0.41703199999999996	0.51305	0.7318	6.26031	3.0	74.286861	22.732998000000002	5.0	42.287946000000005	2.804986	4.0	87.10449399999999	16.364413	2.0	28.180307	1.232642	6.0	28.092121000000002	16.177007	2.0	0.101136	5.439721	3.0	3.925322	2.981872	4.0	22.386484	10.092787	1.0	62.363882
4377.0	4.0	72.462349	27.577491	39.845515999999996	89.789869	0.235577	0.351688	0.33453099999999997	0.928687	22.162842	4.0	86.730152	4.646871	1.0	19.536787	20.24051	4.0	2.956891	4.101838	5.0	45.753547	8.317464	5.0	77.934361	16.529932000000002	1.0	0.01206	0.37854499999999996	4.0	39.099897	0.542405	4.0	32.587323	23.902287	5.0	13.056859
4394.0	4.0	92.76893000000001	22.277883	74.198755	49.203163	0.627188	0.323284	0.533999	0.18750799999999998	6.675250999999999	4.0	20.653472	14.879032999999998	5.0	5.081599	11.920725	6.0	90.81535500000001	20.081916	5.0	62.734799	3.644061	5.0	86.477331	21.080023	4.0	0.011334	0.324509	3.0	7.617901	2.1938310000000003	1.0	31.226984	17.292771	6.0	28.2616
4413.0	4.0	41.612739000000005	35.641838	37.065277	22.744004	0.8973469999999999	0.314716	0.604567	0.7464890000000001	11.051224000000001	6.0	29.167834000000003	8.755448	4.0	55.532143000000005	22.121389	5.0	19.935187	18.757801	2.0	54.56652	5.90974	1.0	3.692457	13.57632	1.0	0.017912	0.788162	4.0	44.355958	4.2016860000000005	6.0	99.86934699999999	4.9845690000000005	2.0	48.510776
4420.0	4.0	42.598748	87.60856	29.650152000000002	70.536666	0.115781	0.25448699999999996	0.440812	0.505174	21.645959	4.0	82.98637099999999	9.902117	4.0	36.184913	10.219163	5.0	37.22544	2.583727	4.0	19.0128	15.411745000000002	2.0	38.254759	15.159678	6.0	0.041298	0.182051	2.0	36.801291	0.543538	3.0	63.60511700000001	13.771339999999999	6.0	20.860569
4463.0	4.0	41.893283000000004	40.700317999999996	84.603581	90.152485	0.951462	0.282441	0.9843290000000001	0.375136	13.052904	5.0	39.573285	16.780097	2.0	29.387034000000003	2.849863	4.0	16.887653	8.916428999999999	1.0	40.805246999999994	4.866517	4.0	84.322822	12.764641000000001	1.0	0.011391	3.8399589999999995	1.0	88.73408	4.47388	3.0	16.937015	11.92721	1.0	71.401999
4766.0	4.0	60.940948999999996	73.694078	99.473295	58.130652000000005	0.395864	0.137724	0.41385200000000005	0.6926260000000001	23.693949	5.0	3.310675	3.073979	6.0	85.28234499999999	12.538311	4.0	37.297774	3.635936	3.0	39.290839	21.15015	1.0	51.605844	23.006245	3.0	0.098944	0.438957	6.0	20.707591	4.12295	3.0	11.782173	13.794970999999999	3.0	19.468429
4922.0	4.0	95.90419	72.78352199999999	86.616652	61.921523	0.287335	0.128831	0.6420100000000001	0.223716	3.205422	5.0	21.156944	11.73719	6.0	27.798027	22.938577	2.0	12.335067	20.127925	5.0	42.99933	3.7414699999999996	2.0	47.978041999999995	2.468829	1.0	0.031649000000000004	0.594385	1.0	67.75695400000001	0.6067020000000001	1.0	71.924441	18.00796	5.0	51.97607
4965.0	4.0	35.077515999999996	31.286806	51.40957	78.305589	0.204305	0.101901	0.22410300000000002	0.45460600000000007	2.689141	1.0	96.235056	10.559733999999999	6.0	50.692461	8.27835	4.0	41.573895	2.194865	5.0	45.454177	3.043146	6.0	7.88707	12.267289	4.0	0.017672999999999998	0.215088	4.0	36.472621999999994	4.2290779999999994	3.0	49.744934	0.707495	5.0	89.361756
5318.0	4.0	26.791237	54.554871999999996	79.86029	89.21126	0.26971	0.105208	0.811886	0.172101	1.3552110000000002	4.0	66.781931	12.647534	4.0	61.63615	13.525765	1.0	63.331610999999995	2.359291	4.0	65.30893	11.861991	2.0	6.670382000000001	6.153728	1.0	0.011237	0.11003900000000001	6.0	41.65943	4.784753	1.0	88.048612	3.3998209999999998	2.0	87.202045
5341.0	4.0	61.513017000000005	91.545812	79.679106	83.672892	0.387322	0.8972760000000001	0.74546	0.219935	10.040312	6.0	12.814910000000001	19.675124	1.0	71.765783	18.392146	5.0	70.400786	7.2640460000000004	2.0	51.983981	0.49025100000000005	6.0	38.62552	9.057426	5.0	0.071935	0.41388800000000003	6.0	22.623655	3.6618180000000002	1.0	90.108478	17.961481	6.0	44.150183
5374.0	4.0	90.15091	48.102955	23.845136	31.36236	0.755886	0.347489	0.173072	0.282495	21.690310999999998	1.0	15.862245000000001	11.456442	5.0	71.167837	15.608954	4.0	80.988419	6.879874000000001	1.0	91.111846	9.6544	1.0	2.724999	13.916569	2.0	0.289037	4.3671809999999995	6.0	15.99414	5.3977319999999995	2.0	64.392815	24.762567	6.0	32.982696000000004
5659.0	4.0	65.213313	82.957639	92.939584	16.383670000000002	0.5966130000000001	0.5119819999999999	0.46074899999999996	0.16223900000000002	7.843592999999999	6.0	21.635323	12.806841	4.0	50.747121	1.0537459999999998	2.0	84.69841	5.807054	6.0	6.883516	9.866192	1.0	30.897236	2.9606310000000002	5.0	0.06873	0.28060799999999997	6.0	24.304446	1.5980860000000001	1.0	59.384187	20.728435	5.0	32.199442
5835.0	4.0	73.10843100000001	88.00667299999999	94.00360699999999	45.181272	0.849275	0.36459	0.581821	0.7413310000000001	7.615164	1.0	44.491338	20.572091	3.0	21.237666	1.898624	3.0	53.708273999999996	6.90552	6.0	17.323373	20.517822	3.0	26.680965999999998	13.823364999999999	1.0	0.011763	0.642098	1.0	81.29581999999999	4.534076	2.0	10.159118	14.882076999999999	5.0	3.789053
5885.0	4.0	95.800125	93.085306	56.050787	40.642345	0.429954	0.442226	0.176504	0.26821	10.159877	4.0	12.108255999999999	10.113278	4.0	78.988596	10.952552	6.0	7.840216000000001	21.240198	3.0	65.097491	0.498192	5.0	98.301066	11.7185	1.0	0.023298	2.827301	5.0	40.188715	3.2631419999999998	2.0	13.093645	24.220835	6.0	35.786035999999996
6090.0	4.0	33.761635	54.43696	90.501518	18.693773999999998	0.503247	0.682917	0.14571099999999998	0.801609	19.978220999999998	5.0	8.833886999999999	15.190281	5.0	27.151128999999997	1.473042	4.0	86.13006999999999	11.850178	3.0	8.860207	2.754093	3.0	36.361509999999996	23.086479999999998	4.0	0.012875	1.671617	2.0	71.378388	5.71354	2.0	69.879543	0.336843	5.0	40.103364
6117.0	4.0	96.050651	59.878190000000004	88.19434	80.12649300000001	0.695294	0.397323	0.408055	0.307922	1.8388380000000002	4.0	72.87134499999999	2.631856	1.0	28.731979	21.495428	4.0	68.898155	18.875363	6.0	6.972119	21.001304	4.0	15.415579000000001	16.808666	1.0	0.016831	0.19399	5.0	68.45733	3.246416	6.0	63.3937	10.893360000000001	4.0	72.97543399999999
6194.0	4.0	79.477222	86.848964	45.409335	94.257127	0.863116	0.142786	0.45251	0.399038	19.775472	3.0	19.641824	17.584058	5.0	24.16411	14.295892000000002	2.0	64.270623	2.633	6.0	63.075437	6.9235679999999995	5.0	22.185909	14.088678	6.0	0.01677	0.201473	1.0	22.532353	0.719362	2.0	71.398517	12.483299	4.0	46.230764
6445.0	4.0	14.861384	84.821862	44.720836	45.726496000000004	0.252225	0.575649	0.13137200000000002	0.571088	12.385676	3.0	2.695456	21.990083	5.0	99.396877	0.8644209999999999	3.0	1.671934	7.391305	4.0	69.673451	21.05721	6.0	43.038189	14.817076	5.0	0.015565	2.741613	3.0	39.373309000000006	1.8397459999999999	1.0	21.544982	0.350249	3.0	72.062434
6549.0	4.0	21.557314	82.067911	72.528216	61.32751999999999	0.130423	0.344781	0.288596	0.624336	9.591834	4.0	5.875985	18.04678	5.0	87.874185	16.073319	5.0	15.529372	7.768021000000001	4.0	72.07968100000001	5.613663	6.0	33.537952000000004	12.915419	4.0	0.038298	1.765623	6.0	30.279659000000002	5.424316999999999	6.0	5.4013919999999995	1.282232	2.0	32.401317
6649.0	4.0	44.973690999999995	98.836027	51.720622999999996	91.359892	0.437121	0.185823	0.5554180000000001	0.712228	13.204723000000001	1.0	53.050899	12.528407000000001	5.0	60.32515600000001	20.587578	1.0	38.974833000000004	18.181423000000002	4.0	56.394911	0.7945979999999999	5.0	65.071731	11.053525	1.0	0.011036	2.0259869999999998	1.0	60.248348	5.55542	1.0	21.351238000000002	2.2632470000000002	5.0	14.512265
6693.0	4.0	97.823489	22.991906	83.79148	99.955772	0.166352	0.897689	0.248648	0.32271	6.407572	6.0	41.100392	20.646097	2.0	49.800057	17.598717	2.0	70.873449	9.568342	4.0	28.082297999999998	15.48463	1.0	52.42675	14.888812	4.0	0.010227	1.121419	2.0	49.529419	4.43067	1.0	31.615382	15.548035999999998	4.0	75.33662700000001
6721.0	4.0	41.816969	41.373497	67.61024499999999	82.977689	0.15707100000000002	0.180777	0.12823800000000002	0.980261	1.152098	2.0	3.4877480000000003	18.075246	6.0	80.155045	20.885031	3.0	3.281328	10.738228999999999	3.0	75.432681	5.604664	5.0	99.382586	19.343028	4.0	0.051313	3.7532129999999997	2.0	93.389957	2.3517900000000003	3.0	17.25998	0.45411899999999994	1.0	45.968129
6758.0	4.0	45.206451	88.120448	94.63116099999999	74.79471600000001	0.743373	0.882446	0.24454499999999998	0.92406	22.083729	4.0	13.780173999999999	3.2794769999999995	4.0	41.286659	8.384738	2.0	9.374939	4.340567	4.0	83.391375	23.205517999999998	2.0	39.018933000000004	13.041741	3.0	0.011326000000000001	1.005339	2.0	73.483343	1.167518	3.0	93.435277	18.038701	2.0	16.785132
6818.0	4.0	93.987634	80.448695	89.23295	75.003563	0.544353	0.653216	0.470134	0.9212809999999999	12.911052999999999	3.0	87.83139	22.692507	3.0	2.0540689999999997	3.22249	2.0	48.725362	15.960698999999998	2.0	84.436272	0.328275	2.0	63.574757999999996	1.91104	1.0	0.188401	2.728132	2.0	22.161831	2.284684	5.0	96.032114	24.05183	6.0	22.667447
6930.0	4.0	36.310818	58.397734	37.046233	67.236448	0.701429	0.324436	0.134006	0.43556000000000006	4.973326999999999	3.0	11.855994	20.773889999999998	5.0	39.76332	2.218832	6.0	13.113095000000001	6.071904	3.0	93.528727	11.363507	1.0	8.392952000000001	24.123708999999998	4.0	0.016144	2.137787	5.0	28.270627	5.080716000000001	4.0	99.012636	23.456673000000002	3.0	73.84656700000001
6948.0	4.0	44.882489	64.56210300000001	62.6729	33.102672999999996	0.837189	0.407406	0.158297	0.44828	1.025517	6.0	79.057343	7.441235000000001	2.0	28.694343	7.760089	2.0	49.918855	13.616171	1.0	49.299008	0.501649	3.0	53.776031	13.675007	2.0	0.057333	5.569593	2.0	48.741448	1.536625	3.0	87.209321	15.881563	5.0	97.587
7144.0	4.0	83.662352	58.880826	52.171089	70.47501199999999	0.6367659999999999	0.777443	0.487964	0.667944	4.860837	6.0	27.648590999999996	18.087159	6.0	23.340587	16.411767	1.0	22.878460999999998	1.042498	3.0	64.732439	0.816437	6.0	79.836651	12.355635000000001	3.0	0.016506	0.7290270000000001	4.0	27.836784	4.318042	2.0	7.967494	4.553635	6.0	8.377018
7189.0	4.0	57.44601	37.246225	68.93117600000001	29.490112	0.20714200000000002	0.894611	0.10385899999999999	0.884182	9.508566	1.0	44.088497	10.304447999999999	3.0	20.365444	5.942455000000001	6.0	85.391994	0.532699	5.0	67.166952	2.998231	5.0	2.5497330000000002	8.709247999999999	5.0	0.07352	3.5031790000000003	5.0	45.665192	1.7865830000000003	3.0	1.273065	14.929107	6.0	41.469557
7377.0	4.0	58.250710999999995	22.004312	64.57633299999999	88.021683	0.591909	0.268396	0.122619	0.6115550000000001	10.577554	2.0	75.329628	13.280457	2.0	54.499403	3.3664050000000003	1.0	51.508546	4.734733	5.0	9.438195	9.596591	3.0	11.570818	22.127825	6.0	0.125854	2.860313	5.0	17.806207	5.786023	1.0	33.616352	18.154974	4.0	80.206009
7496.0	4.0	66.84039200000001	38.158243	64.02280999999999	54.46406700000001	0.611396	0.23655	0.94865	0.28744699999999995	23.743826000000002	3.0	58.694485	20.956953	1.0	63.899238000000004	15.5392	6.0	15.855164000000002	5.294594	6.0	59.272406999999994	12.201376	1.0	90.63294	5.943427	4.0	0.040182	0.103027	1.0	98.872536	0.300652	3.0	5.049851	7.848534	3.0	87.41428
7696.0	4.0	43.554619	85.15472199999999	66.184846	69.253003	0.334276	0.892194	0.18604300000000001	0.198544	24.064142	1.0	88.897538	7.9937320000000005	1.0	99.719226	9.792800999999999	6.0	34.2512	5.9926639999999995	1.0	90.33619	12.528167999999999	4.0	4.456947	11.5178	3.0	0.032289	1.126325	5.0	55.123293000000004	5.777354	3.0	93.379728	15.438946	3.0	32.074134
7802.0	4.0	55.752387	47.308643	23.786904999999997	7.86526	0.35523299999999997	0.177939	0.248219	0.13778800000000002	4.745647	4.0	66.70313900000001	17.311718	3.0	83.671758	7.260049	2.0	16.790019	9.006377	3.0	55.841729	7.6474910000000005	4.0	13.089692	4.183091	6.0	0.014265	0.37674	5.0	40.745783	0.476362	3.0	80.175404	0.8196680000000001	3.0	91.57735600000001
8558.0	4.0	31.515296999999997	98.88189100000001	83.037865	40.714317	0.954893	0.480729	0.28220300000000004	0.653976	20.712126	5.0	39.000276	14.399629999999998	3.0	41.945029	2.0106450000000002	1.0	59.273725	13.101106	6.0	3.9561010000000003	5.760135	4.0	49.832485	19.518743	3.0	0.016503999999999998	1.7397900000000002	3.0	1.141116	4.19721	6.0	93.683869	13.61181	4.0	7.541477
8672.0	4.0	58.281569999999995	98.549538	54.588302	57.05038100000001	0.168632	0.496879	0.9569629999999999	0.230332	13.706323999999999	6.0	12.554294	21.836545	1.0	39.890957	22.339762	5.0	80.38109	14.860468	3.0	96.275164	1.5409	4.0	25.240029	24.326767999999998	2.0	0.35625	5.881756	6.0	22.041173999999998	0.31604699999999997	5.0	81.370974	20.026551	4.0	84.91485300000001
8859.0	4.0	76.47443	70.767613	82.058992	88.293847	0.973741	0.16818	0.199309	0.24427600000000002	2.544309	2.0	22.819689	20.362354	4.0	40.850282	1.089996	4.0	14.942707	19.000044	6.0	61.319069999999996	24.181496	3.0	5.560251	15.9282	4.0	0.023487	1.7627990000000002	6.0	48.476802	3.580682	1.0	46.870461999999996	25.237572	2.0	24.234128
9250.0	4.0	93.803703	59.90314300000001	22.508948	75.689417	0.570647	0.996575	0.458951	0.23631300000000002	7.775721000000001	5.0	91.841431	15.545439000000002	6.0	82.074771	7.680747	6.0	55.424465000000005	8.314281	2.0	78.640714	19.354252	6.0	5.4418169999999995	22.222801	1.0	0.18341300000000002	1.414146	2.0	72.641768	3.2177759999999997	2.0	64.97244599999999	8.870188	5.0	88.11155600000001
9688.0	4.0	78.344487	38.311894	89.129199	42.322466999999996	0.49128999999999995	0.243851	0.234556	0.990713	21.909055	2.0	68.80641899999999	12.873886	4.0	58.734602	3.034418	4.0	37.956874	14.644297	4.0	24.232793	5.605993	1.0	31.634498999999998	13.363257	6.0	0.029842	4.404911	3.0	17.652406	0.755588	6.0	34.845420000000004	1.020653	4.0	90.210078
9719.0	4.0	4.034337	40.662043	99.052813	87.425715	0.178785	0.102352	0.30006900000000003	0.13636700000000002	4.9728959999999995	6.0	2.401405	6.968075999999999	6.0	39.351319000000004	6.344737	6.0	22.478054	18.519013	1.0	23.128946	11.563493	4.0	18.262532999999998	18.7034	4.0	0.151202	1.302693	3.0	52.528153	5.640588	3.0	62.15258299999999	22.364619	5.0	77.727935
