100.0	4.0	41.391853000000005	22.477594	31.343449	35.343208000000004	0.691303	0.406339	0.5934	0.451221	16.818576999999998	5.0	33.2147	0.765767	1.0	73.02906899999999	15.360952	5.0	94.276646	19.997712	5.0	62.259510999999996	13.329120999999999	6.0	12.981929	0.613176	1.0	0.013736000000000002	0.29665	5.0	70.628718	0.188926	5.0	71.04760300000001	17.451548000000003	5.0	42.050692
115.0	4.0	24.116139999999998	73.099882	68.500121	64.647072	0.104494	0.9448049999999999	0.738757	0.745458	9.209947999999999	5.0	44.877334000000005	1.955326	4.0	22.724897	17.821359	4.0	38.017424	23.955864000000002	2.0	97.23283599999999	6.838956	6.0	49.03418	23.227116	3.0	0.013059999999999999	1.1904649999999999	5.0	10.110647	1.4137959999999998	2.0	4.966188	21.263253	3.0	72.992339
131.0	4.0	63.900245999999996	74.129205	49.844434	34.794764	0.186454	0.96293	0.22088400000000002	0.324939	16.005619	3.0	78.621525	13.103048	1.0	93.554014	4.636451	2.0	21.179651	21.962037	5.0	88.10811700000001	1.885564	2.0	51.83708	24.163092000000002	1.0	0.014719	4.475630000000001	2.0	51.461619	1.485962	5.0	93.153129	19.168546	6.0	48.385887
363.0	4.0	50.080576	18.732633	85.63909699999999	86.33785999999999	0.932444	0.963938	0.370872	0.24194899999999997	22.45563	2.0	40.887582	11.383623	6.0	33.174215999999994	6.043152	2.0	24.563938	1.176275	1.0	30.641757000000002	3.862989	4.0	49.099552	23.60124	3.0	0.019816999999999998	4.536127	5.0	25.203173	3.383228	4.0	18.60174	18.932226999999997	6.0	71.394237
490.0	4.0	32.614379	35.391492	66.291952	28.677158000000002	0.9685219999999999	0.20543899999999998	0.15848399999999999	0.507574	11.660509	5.0	93.365226	10.860149	6.0	38.717248	8.091277	4.0	95.586737	16.363632	3.0	96.47745	4.174549	2.0	30.24442	12.430533	6.0	0.108456	2.884383	3.0	79.465908	1.900427	5.0	3.6339550000000003	12.459037	2.0	81.086472
687.0	4.0	54.166208	48.097491999999995	67.821188	63.813331000000005	0.35575100000000004	0.9450870000000001	0.186332	0.36022	6.163983	6.0	75.83488299999999	14.604873000000001	2.0	95.411062	19.200869	1.0	44.300638	16.694123	1.0	75.868052	10.188696	5.0	94.036665	24.335532999999998	5.0	0.011566	0.873531	4.0	96.080333	2.540175	6.0	42.014492	16.33035	5.0	74.47269200000001
995.0	4.0	41.208532	46.252032	84.906726	67.11881600000001	0.728294	0.34448	0.66135	0.171214	12.531811	3.0	27.562681	19.475667	5.0	98.872676	19.473177	1.0	62.447401	3.479944	1.0	26.483662	8.393278	3.0	99.01535799999999	13.403089000000001	4.0	0.285656	2.477378	4.0	59.488092	5.20509	6.0	36.374046	20.269685	5.0	93.252528
1303.0	4.0	69.8666	30.119429999999998	98.28868100000001	24.171649	0.8336	0.329757	0.998891	0.134484	7.907918	1.0	33.350674	12.408711	2.0	60.949064	3.001137	6.0	95.150623	24.060268	2.0	32.500803999999995	18.76322	6.0	49.20655	9.144821	4.0	0.039344	0.8386299999999999	3.0	18.846602999999998	0.9271290000000001	1.0	32.111641999999996	24.332139	4.0	97.91209599999999
1368.0	4.0	4.099963	92.927748	86.92406	27.884401	0.14772000000000002	0.963727	0.40776	0.339212	22.657426	4.0	91.169852	4.672895	3.0	1.622318	16.888507	2.0	94.209188	18.934085999999997	6.0	45.559576	23.812742	3.0	79.938006	14.086209	4.0	0.021915999999999998	1.2685620000000002	6.0	10.943553	1.270624	1.0	67.703428	6.503784	4.0	63.598864
1445.0	4.0	89.251817	48.290538	97.680063	29.817763	0.72663	0.897359	0.48148199999999997	0.10283900000000001	13.016597	1.0	51.824872	9.400869	3.0	84.88884399999999	13.307912	4.0	75.35346899999999	17.058669000000002	3.0	15.844745000000001	3.6834949999999997	2.0	15.255265	21.945308999999998	1.0	0.017349	5.592046	3.0	54.008784999999996	5.680711	5.0	6.59346	6.94075	5.0	43.841473
1663.0	4.0	38.817215999999995	45.542773	70.524526	85.57377199999999	0.575864	0.643493	0.453427	0.17242000000000002	4.12624	4.0	53.230945999999996	11.123058	6.0	26.36481	11.730405000000001	1.0	28.457169	21.121965	4.0	21.039527	10.831686999999999	6.0	88.73552099999999	12.378527	4.0	0.021653	0.269532	4.0	40.666634	2.7184470000000003	5.0	63.301814	21.556423000000002	4.0	56.823868999999995
1690.0	4.0	59.714523	11.612208	76.624385	35.51075	0.12162	0.27999	0.17579	0.669719	15.898145999999999	5.0	64.081905	2.274607	5.0	71.079767	2.878485	2.0	83.43083399999999	3.639521	6.0	71.418716	1.2169729999999999	3.0	64.139275	18.872024	3.0	0.015288	2.207522	6.0	72.256835	4.983306	2.0	62.916610999999996	19.412345000000002	4.0	4.403827
1789.0	4.0	27.930481	33.051338	86.622153	90.857812	0.33679000000000003	0.9758879999999999	0.619818	0.288596	5.5248230000000005	4.0	24.185576	10.724311	3.0	43.696902	20.480048	4.0	90.41044000000001	4.659052	2.0	91.73177700000001	16.009324	4.0	48.069376	3.111226	1.0	0.013607	0.468208	6.0	81.539452	1.48863	1.0	23.501049	25.126764	3.0	96.493912
1833.0	4.0	35.599968	78.936669	45.881165	85.524789	0.658996	0.5631689999999999	0.186645	0.407219	13.249892000000001	6.0	35.595514	13.751976999999998	4.0	2.717849	21.325881	4.0	65.492403	22.440291000000002	3.0	71.537467	1.188792	6.0	42.812081	21.552459	1.0	0.121028	4.121887	5.0	18.976598000000003	3.2800809999999996	5.0	18.026381	14.472598000000001	5.0	57.46266800000001
1856.0	4.0	63.349336	18.648875	61.703578	88.37369	0.327567	0.304266	0.675322	0.574974	19.946476	4.0	56.676704	6.904391	3.0	46.807728000000004	22.534704	3.0	83.231993	11.878682000000001	4.0	21.040907	3.1622790000000003	6.0	27.134195000000002	13.678906	1.0	0.219146	1.645354	6.0	8.197775	4.774744	5.0	90.752764	2.172386	5.0	65.980853
1881.0	4.0	57.174489	90.349626	75.931527	73.709252	0.277383	0.614883	0.48479099999999997	0.8373010000000001	12.64847	5.0	24.809889000000002	10.966778	4.0	78.888501	11.167444999999999	3.0	19.920682	21.654918	2.0	23.771679000000002	13.601704999999999	4.0	45.553652	20.274513	2.0	0.229848	0.9331440000000001	4.0	69.607353	5.30124	4.0	7.265582000000001	18.895445000000002	3.0	94.27974
1891.0	4.0	78.605875	40.199317	76.455023	48.672118	0.567048	0.9120940000000001	0.112698	0.699769	6.996441	2.0	20.212062	9.784517	6.0	18.924938	16.750291	5.0	75.3412	0.737039	1.0	90.836515	17.317256	3.0	80.103207	20.275507	5.0	0.010431000000000001	0.80042	3.0	99.806875	5.24179	2.0	85.539096	4.081557	5.0	76.26150799999999
1968.0	4.0	25.25354	20.107948999999998	86.581747	34.202511	0.427935	0.7315050000000001	0.540484	0.348325	6.29549	3.0	34.653147	11.048735	3.0	34.969157	23.188766	3.0	12.294219	16.060603	4.0	3.9547239999999997	25.407716	1.0	17.214181	22.483335999999998	5.0	0.016184999999999998	4.033562	4.0	19.435148	2.7128200000000002	4.0	93.127839	7.958403	6.0	45.282008000000005
2185.0	4.0	71.248959	75.862799	93.241019	99.333597	0.21334699999999998	0.670687	0.545139	0.158502	12.944894	1.0	98.27460400000001	13.215163	6.0	91.732609	15.281335999999998	6.0	68.096479	15.808817000000001	5.0	26.89808	4.580097	1.0	80.08365500000001	21.590864	1.0	0.017404	5.484635	3.0	88.436722	2.9882470000000003	2.0	46.787561	14.641131	6.0	71.03471400000001
2278.0	4.0	19.234919	33.232737	54.039527	89.09916700000001	0.838785	0.856139	0.185291	0.322214	1.210433	3.0	53.740598999999996	12.723449	6.0	40.119358	9.277269	1.0	9.228546000000001	2.5188080000000004	6.0	69.372577	11.759514	4.0	31.799264	2.41771	5.0	0.031626999999999995	1.6967889999999999	2.0	17.138583999999998	0.147554	2.0	65.796571	9.94937	4.0	25.203060999999998
2536.0	4.0	12.094321	41.662766999999995	43.765632000000004	45.50289	0.30941	0.9080440000000001	0.322277	0.644306	16.786406	4.0	60.904999	10.358141	4.0	28.881228999999998	11.79627	4.0	26.253218	13.802882	1.0	94.208922	17.424584	1.0	63.819132999999994	15.155925	1.0	0.0688	0.5355260000000001	5.0	68.648821	0.979153	1.0	2.166191	13.560713	3.0	92.058704
3566.0	4.0	62.648027	69.25742199999999	51.826633	86.448755	0.19659300000000002	0.60409	0.434225	0.14466099999999998	8.403426	2.0	2.507413	11.909362	6.0	46.757978	9.271533	4.0	67.66055899999999	7.76345	5.0	63.626354000000006	25.180206	5.0	12.597749	22.46377	1.0	0.029684	2.5897669999999997	2.0	86.212977	0.522453	6.0	62.166487	16.613021	4.0	69.94057099999999
3630.0	4.0	41.445763	60.077577000000005	84.07765699999999	82.78372399999999	0.833609	0.395542	0.149891	0.652446	3.565446	2.0	88.047478	10.186842	1.0	41.507220000000004	11.034507000000001	5.0	60.820465000000006	13.588929	6.0	91.619085	8.184031	6.0	17.849884	23.658131	3.0	0.038924	4.47363	5.0	63.152398	3.2890089999999996	3.0	59.285217	12.378499	5.0	35.46782
3899.0	4.0	23.265235999999998	21.909887	90.450689	8.241897	0.859124	0.6379739999999999	0.177868	0.262847	5.844924	4.0	41.614369	4.085704	3.0	73.005589	7.342714	4.0	7.527409	23.209979	1.0	93.974584	13.651929	2.0	85.170742	16.809849	6.0	0.038159	2.503956	4.0	32.108044	3.5382190000000002	2.0	78.13486800000001	4.200598	6.0	82.477914
4415.0	4.0	93.494312	21.233329	34.876611	75.053857	0.58497	0.913326	0.663808	0.384859	4.665691000000001	2.0	82.583961	0.9105780000000001	5.0	41.698984	20.58173	5.0	5.9263900000000005	10.962703	6.0	55.077026000000004	24.861196	3.0	90.596827	23.385451999999997	2.0	0.067315	4.637773999999999	2.0	15.316688000000001	2.938179	6.0	18.376864	10.932730000000001	6.0	8.239371
4781.0	4.0	76.520645	75.837498	30.998524	29.59553	0.781874	0.52715	0.309898	0.174473	3.782753	3.0	68.233801	12.831364	4.0	95.489634	21.341363	4.0	43.931356	10.025713	6.0	11.251700999999999	19.457114	1.0	18.550232	5.4229959999999995	1.0	0.348952	1.907103	4.0	18.694195999999998	0.8524139999999999	5.0	80.881069	24.426373	5.0	26.465518
4905.0	4.0	90.63368299999999	76.637373	82.134863	94.105513	0.862009	0.498325	0.9952469999999999	0.720129	9.914182	5.0	42.462338	20.372982999999998	6.0	8.50796	23.138486999999998	5.0	99.140631	10.703092999999999	5.0	23.270059	0.88735	1.0	70.168325	11.342264	1.0	0.042584	2.290873	4.0	57.29243	1.314961	4.0	68.76628000000001	16.701306	5.0	87.066118
5024.0	4.0	71.01017	28.800476	32.227277	41.744292	0.95468	0.421321	0.189271	0.48305	8.445115	5.0	16.254701	20.732321	3.0	24.18669	20.026771	1.0	61.96230500000001	22.610483	2.0	77.608124	10.095664	5.0	10.312287	18.416476	1.0	0.017438	1.12274	6.0	43.833196	1.720091	4.0	58.31180500000001	20.719431	2.0	68.47159
5045.0	4.0	23.905893	15.963334	56.68010699999999	99.953773	0.811914	0.452559	0.72414	0.380744	12.95651	1.0	52.799376	9.257351	3.0	49.453284000000004	8.792692	3.0	58.887641	13.945801999999999	5.0	36.543156	11.786980999999999	1.0	2.468523	21.330213	3.0	0.012308	2.682352	4.0	68.933646	0.8773139999999999	4.0	3.168252	23.746783999999998	6.0	95.222774
5787.0	4.0	80.835623	90.413481	64.447576	55.014295999999995	0.553615	0.710179	0.544312	0.999174	17.748224	1.0	92.19847800000001	18.726917999999998	2.0	84.24367099999999	12.127934	3.0	56.861734	13.1932	5.0	30.285028000000004	21.11018	3.0	25.689721	15.972025	5.0	0.0418	1.8311669999999998	4.0	58.184979000000006	0.115428	2.0	44.880556	12.373302	6.0	89.768886
6174.0	4.0	71.07191800000001	40.14683	90.52861700000001	22.849131	0.19204000000000002	0.889034	0.273752	0.893999	2.31317	5.0	65.23635300000001	11.596272	3.0	17.838060000000002	3.239304	5.0	46.756377	17.373701	3.0	47.75006	10.423592	2.0	83.30263599999999	8.472661	4.0	0.06702999999999999	1.5723989999999999	5.0	49.313694	4.949882	4.0	48.472970000000004	10.939076	4.0	22.447505
6228.0	4.0	68.773939	83.90001	96.612454	89.291002	0.793504	0.706692	0.47448900000000005	0.31836	5.1925550000000005	1.0	8.743454	15.544505	6.0	72.435885	17.142607	5.0	83.910522	17.630241	1.0	39.862856	21.323263	6.0	76.32859599999999	3.559106	5.0	0.020747	1.5647360000000001	5.0	95.362445	2.717736	2.0	16.289158	18.875131	6.0	51.763301
6302.0	4.0	90.58281	98.414208	96.069546	62.562503	0.20091099999999998	0.770884	0.7088760000000001	0.9165059999999999	3.364266	3.0	29.088812	17.642405	5.0	63.978446	6.352832	4.0	83.886367	23.761969	4.0	77.076945	16.288959	4.0	15.528707999999998	16.138842	6.0	0.125621	5.5567470000000005	4.0	17.65956	2.095008	3.0	18.049994	9.577322	3.0	17.222406
6422.0	4.0	14.600695000000002	49.105971999999994	78.842804	78.3564	0.396097	0.627664	0.601701	0.152472	20.136793	1.0	22.195518	9.476555000000001	4.0	20.624955	18.147326	1.0	72.737482	1.017662	6.0	25.119968	20.096757	1.0	44.425746000000004	5.301973	6.0	0.034980000000000004	1.2475559999999999	5.0	55.122503	2.160391	5.0	27.035548	18.187025	1.0	77.99562900000001
6534.0	4.0	8.039258	78.958901	61.475781999999995	90.999483	0.356093	0.29134899999999997	0.186671	0.24734099999999998	22.427025	4.0	14.261707999999999	3.599039	5.0	62.644749	1.814384	1.0	43.383258000000005	13.60014	1.0	68.765371	6.537516	2.0	23.865496	3.3018959999999997	4.0	0.122052	2.6409119999999997	5.0	68.991938	3.094639	6.0	12.005473	16.949428	6.0	73.705061
6698.0	4.0	87.574659	9.062750999999999	81.3345	46.414881	0.128474	0.5029140000000001	0.8962620000000001	0.478921	3.2986720000000003	6.0	48.795601	6.266006	5.0	29.938249	7.597107	4.0	14.079729	2.490988	4.0	89.170392	4.360812999999999	6.0	27.301728999999998	3.5263709999999997	2.0	0.032307	1.653546	2.0	53.117187	0.8403430000000001	4.0	85.115577	14.190151	4.0	18.224946
6964.0	4.0	50.087078000000005	21.979244	62.396515	14.376664000000002	0.284248	0.58316	0.304196	0.24429	22.61134	4.0	18.391939999999998	1.4150770000000001	1.0	96.00420600000001	19.014317000000002	6.0	3.486067	9.488942999999999	3.0	49.667432	24.979511	6.0	11.902374	18.466618	5.0	0.085627	4.295521	3.0	27.872743	5.198732	1.0	54.789035999999996	5.319508	6.0	66.408407
6968.0	4.0	18.590213000000002	96.893785	53.733022999999996	81.09853100000001	0.448775	0.5872970000000001	0.8707799999999999	0.5259739999999999	2.9350509999999996	5.0	25.386165	14.764223000000001	6.0	60.33841700000001	8.781253999999999	1.0	25.370507999999997	21.550361	2.0	69.488497	16.37496	1.0	96.655658	16.407503	6.0	0.099201	1.0881	6.0	29.495314	2.10189	3.0	33.475404	23.255779999999998	6.0	61.344003
7023.0	4.0	86.564149	69.591164	54.912466	68.235605	0.355914	0.692511	0.381365	0.144818	2.864421	3.0	49.045231	4.305530999999999	6.0	29.306663	16.528297	2.0	82.29862299999999	13.340679000000002	6.0	43.381910999999995	25.253104	3.0	72.138438	14.766688	1.0	0.011267000000000001	0.429651	4.0	25.922216	1.4882549999999999	2.0	76.63255	17.074028	2.0	23.233851
7176.0	4.0	15.541452	86.92546899999999	90.597803	45.370343	0.45588199999999995	0.847775	0.199131	0.7409979999999999	23.156654	6.0	4.446162	15.923264000000001	6.0	86.375939	12.967578	1.0	90.87391	20.026279000000002	6.0	6.955284	6.658067999999999	6.0	27.97705	18.283154	4.0	0.051241999999999996	3.051847	3.0	76.84272800000001	1.056465	4.0	29.619683000000002	16.685783999999998	4.0	24.736898999999998
7621.0	4.0	77.345457	76.82414399999999	72.298961	54.974262	0.825448	0.581499	0.700774	0.317449	21.847248	4.0	3.545475	8.091573	5.0	62.091347999999996	21.615496	5.0	98.209769	22.454342	3.0	28.201759999999997	2.208365	6.0	87.28971999999999	21.353485	1.0	0.023223	0.875237	2.0	88.756848	0.879283	2.0	61.361228000000004	8.711422	2.0	97.029659
7651.0	4.0	57.654885	62.526942000000005	64.929282	27.139801000000002	0.195469	0.394566	0.30847199999999997	0.616784	19.962722	3.0	95.51389300000001	14.449304000000001	2.0	2.6698779999999998	22.839153	4.0	21.779675	13.407532999999999	3.0	96.951746	3.1133599999999997	5.0	76.319281	20.877928	2.0	0.010397	0.790516	3.0	46.888669	3.757417	1.0	75.878567	8.036316000000001	3.0	29.189865
7665.0	4.0	59.595333	22.44957	22.707291	22.040754999999997	0.6972520000000001	0.596835	0.715093	0.239387	21.841225	1.0	29.431866999999997	6.474897	5.0	99.849933	11.8112	6.0	97.575508	13.621404	3.0	43.120979	5.723225	1.0	93.461976	19.465674	2.0	0.059889	1.260918	3.0	26.650984	3.832131	5.0	94.73160899999999	16.598485999999998	4.0	62.029839
7806.0	4.0	63.226139	26.072512	69.582851	28.523852	0.853251	0.947267	0.623912	0.242952	8.251142	3.0	1.154457	17.954463	4.0	90.18164300000001	6.983322	2.0	63.814746	6.339059	1.0	57.964335999999996	3.392585	5.0	56.695737	7.695849000000001	6.0	0.045114	0.9049219999999999	4.0	48.438429	3.0452790000000003	6.0	59.38211999999999	4.389939	5.0	85.233703
7826.0	4.0	14.182352999999999	95.827217	58.798991	99.664074	0.338577	0.783345	0.975577	0.256004	20.847025	4.0	79.981673	7.388081	1.0	21.301942999999998	22.332506	1.0	95.204363	3.016494	3.0	56.686337	9.593627	4.0	79.0608	21.967126	2.0	0.012744	2.531297	2.0	10.285442999999999	3.7415309999999997	6.0	90.911261	23.424988	6.0	61.848943999999996
7945.0	4.0	65.068646	46.108508	29.183533	80.38130799999999	0.241723	0.6625449999999999	0.9527909999999999	0.1226	11.880676	4.0	87.836878	6.972916000000001	4.0	35.543766	19.382032000000002	5.0	61.898568000000004	3.0255240000000003	6.0	69.732704	18.991595999999998	3.0	20.060442000000002	22.009337	5.0	0.093683	0.327913	4.0	35.967238	5.811815	2.0	69.205342	11.790886	6.0	48.534737
8318.0	4.0	90.83149499999999	37.712177000000004	90.70964599999999	52.278468	0.6080800000000001	0.9954559999999999	0.469868	0.6140800000000001	24.242742	2.0	60.931242000000005	17.945549	2.0	9.564521000000001	20.981335	6.0	38.267007	8.482042999999999	2.0	44.542386	6.980214999999999	3.0	52.056146999999996	19.106832	2.0	0.034392	0.517154	5.0	83.023157	5.716739	6.0	89.47119599999999	21.530909	2.0	19.629304
8553.0	4.0	44.246111	96.683058	97.43831999999999	91.404753	0.9350219999999999	0.471941	0.216198	0.93753	13.940507	3.0	81.945361	21.476093	4.0	85.136451	8.293667	3.0	53.397622999999996	4.0887	3.0	26.432928999999998	25.0166	6.0	72.762582	6.573091000000001	3.0	0.096247	3.0819799999999997	2.0	72.252303	4.252828	6.0	84.952047	21.916605999999998	4.0	62.846819999999994
8710.0	4.0	73.458361	25.06648	49.837912	74.5208	0.205506	0.694549	0.6969609999999999	0.745279	3.6746769999999995	4.0	75.042956	17.658911	4.0	54.990638	7.375363	5.0	26.775996000000003	11.980931	1.0	54.418346	3.9420300000000004	1.0	29.334745	20.357376000000002	5.0	0.024812999999999998	0.8913120000000001	5.0	57.647969999999994	3.5821449999999997	1.0	47.319526	22.931029000000002	6.0	51.588908
8851.0	4.0	68.082698	65.655312	67.252127	47.756459	0.585577	0.6689510000000001	0.44038900000000003	0.29441100000000003	6.980911999999999	1.0	53.099653	18.332539	3.0	28.39017	17.554143	3.0	95.67660500000001	3.989089	6.0	64.970691	17.736709	6.0	40.285454	9.459609	4.0	0.061966999999999994	0.646934	6.0	15.935804000000001	5.132373	4.0	5.915376999999999	8.195703	6.0	77.69156600000001
8906.0	4.0	28.590362	20.339392	93.549839	20.910298	0.6289600000000001	0.7078409999999999	0.10591700000000001	0.619942	19.796552	2.0	80.254131	2.8490159999999998	5.0	78.68177800000001	6.792205	1.0	9.554126	8.056449	3.0	57.314754	7.846617	3.0	96.177008	14.829560999999998	3.0	0.033597	2.745634	4.0	59.795545	3.79984	1.0	31.161825	9.504938000000001	3.0	23.726826000000003
8998.0	4.0	40.325089	96.68123100000001	23.109246	95.67025600000001	0.8462639999999999	0.785586	0.536417	0.590115	5.724833	4.0	27.786459000000004	5.164562999999999	6.0	26.079928	3.426331	1.0	29.034411	23.158629	6.0	19.073318	11.026645	2.0	67.02919399999999	18.643091000000002	1.0	0.235407	5.16021	1.0	82.719832	2.653267	2.0	63.129493999999994	7.602246000000001	2.0	99.759976
9187.0	4.0	92.940374	12.172421	41.026814	85.884918	0.327281	0.46175299999999997	0.305021	0.467437	14.497914999999999	4.0	12.988289	8.893214	6.0	93.649458	13.417979999999998	3.0	5.690803	2.131843	6.0	87.830196	12.265497	3.0	79.149525	24.123231	2.0	0.019757	2.194826	2.0	43.260745	5.669907	2.0	51.659397999999996	5.954115	5.0	64.745735
9559.0	4.0	99.946873	11.057896000000001	52.770582	6.609605	0.739474	0.78491	0.20529499999999998	0.102004	0.551805	5.0	58.803782	3.250987	3.0	29.812485	11.174387	6.0	1.284705	2.121011	4.0	96.231737	19.688098999999998	1.0	62.285571999999995	23.108804	3.0	0.014029	1.045347	2.0	82.88013000000001	1.401573	6.0	72.513509	17.816644	5.0	63.148936
9678.0	4.0	82.530455	43.960587	46.922215	35.222424	0.63995	0.722711	0.929061	0.67733	19.550342	3.0	1.633163	8.52411	5.0	64.473428	4.6390720000000005	3.0	15.676820999999999	16.910821	3.0	58.381388	2.1282810000000003	1.0	26.484023999999998	7.797136999999999	1.0	0.02033	0.9974799999999999	2.0	69.81093100000001	0.706284	3.0	45.01636	20.031874	1.0	65.309928
