49.0	2.0	3.6863550000000003	72.89818000000001	44.932109999999994	9.106217	0.485196	0.985931	0.126576	0.452351	14.916923	3.0	13.787602	23.167915	6.0	0.029018000000000002	5.029411	5.0	52.641228000000005	6.055898	3.0	91.093171	10.49565	5.0	7.871219	11.0214	2.0	82.67540100000001	1.7308400000000002	5.0	0.032707	1.5366469999999999	1.0	71.280287	3.659587	5.0	58.053020999999994	3.9523089999999996	5.0	84.39618399999999
161.0	2.0	7.130638	89.006439	90.064683	63.443473	0.8572870000000001	0.7669520000000001	0.290195	0.36045	6.257186	1.0	69.16635699999999	21.948598999999998	3.0	0.017694	5.490322	4.0	55.412091000000004	6.259256	2.0	36.616771	16.904845	1.0	84.915685	1.284145	1.0	75.388221	4.295126	3.0	0.039833	1.1743350000000001	6.0	96.494135	5.807336	6.0	10.622808000000001	23.81061	6.0	66.02326500000001
350.0	2.0	23.956026	12.009929	88.91341700000001	98.10917099999999	0.803296	0.5170359999999999	0.8780870000000001	0.990476	15.305411	3.0	72.085872	19.621311	2.0	0.014653999999999999	5.99421	3.0	29.483958	5.328656	1.0	48.94174	18.30049	1.0	92.999799	13.684002	5.0	10.982277	12.261003	5.0	0.028937	5.49836	1.0	55.332384	5.2868379999999995	3.0	67.01500899999999	21.735031	3.0	70.47525999999999
426.0	2.0	14.259293	18.173443	77.493416	6.824767	0.294281	0.804395	0.30906100000000003	0.598722	14.087166	1.0	52.185204	20.034875	4.0	0.010288	2.1696779999999998	6.0	50.720214	3.1109400000000003	4.0	15.272547	16.893497	4.0	11.405957	18.119956	5.0	50.394822	19.505295999999998	6.0	0.030300999999999998	3.5461720000000003	5.0	2.875027	3.420728	6.0	66.40201400000001	15.318086	2.0	43.24334
515.0	2.0	48.087554	29.432212	34.949549	22.44455	0.8811450000000001	0.914264	0.73956	0.7458060000000001	20.539831	5.0	67.922165	23.955016	1.0	0.028937	0.6846770000000001	5.0	79.308761	2.768932	2.0	39.167311	23.366854999999997	3.0	92.277985	10.254533	5.0	21.629178	18.246091	2.0	0.021093	0.7036680000000001	1.0	37.164155	3.4523410000000005	2.0	3.5009699999999997	3.037168	6.0	70.467938
604.0	2.0	4.146745	16.041348	53.362751	66.70133100000001	0.651895	0.42176899999999995	0.150302	0.659929	18.404913	1.0	82.98897099999999	10.926117999999999	2.0	0.01838	2.389898	6.0	4.414434	2.9599740000000003	4.0	41.951871000000004	4.460763	2.0	73.1966	3.2629919999999997	3.0	35.575082	7.738696000000001	5.0	0.01055	0.5966090000000001	1.0	49.907786	2.523832	4.0	50.121859	22.556898999999998	5.0	71.505052
727.0	2.0	52.202634	9.69968	67.74420400000001	84.279907	0.418178	0.729244	0.116032	0.39612800000000004	14.252431	3.0	23.05395	0.819556	1.0	0.011174	2.329684	6.0	9.663958000000001	2.531614	2.0	14.140198999999999	7.219674	3.0	47.192234	19.961256	4.0	14.538075	2.550846	6.0	0.013872	1.008801	6.0	69.908199	5.905812999999999	5.0	5.206201	14.275960999999999	5.0	83.800487
762.0	2.0	88.395269	8.454431	38.019439	87.259578	0.224888	0.898913	0.223679	0.746159	15.097988	1.0	4.495116	3.062059	4.0	0.010223000000000001	3.516977	1.0	14.994748000000001	0.5492020000000001	1.0	25.033453	14.179345999999999	1.0	82.075473	4.772298	5.0	27.730682	21.904897000000002	3.0	0.042092000000000004	0.659634	2.0	13.491562	5.267053	2.0	30.381489000000002	18.904695	2.0	88.673349
809.0	2.0	5.764235	61.969320999999994	62.61318299999999	75.929925	0.9795729999999999	0.855923	0.132165	0.913428	0.24587199999999998	2.0	35.972666	15.463465	1.0	0.161998	3.740499	4.0	53.509799	2.492004	2.0	99.159808	7.907713	1.0	49.995577000000004	4.303848	3.0	21.529101999999998	8.580857	5.0	0.037614999999999996	3.054426	1.0	20.903735	5.754421	1.0	59.358729000000004	24.568917000000003	5.0	40.332089
875.0	2.0	94.903696	25.626787	71.429118	89.074559	0.682368	0.9258379999999999	0.12335399999999999	0.9832219999999999	20.575454	5.0	61.350640000000006	21.872335	5.0	0.01647	2.985328	3.0	23.222606	0.964159	1.0	70.156509	17.982523999999998	1.0	46.406901	15.934791	6.0	21.676258999999998	1.084387	3.0	0.041652	0.46987299999999993	3.0	39.571870000000004	2.398464	4.0	78.123017	8.588182000000002	5.0	48.369725
925.0	2.0	4.327230999999999	77.67925699999999	85.54141	9.265129	0.692567	0.291159	0.12801300000000002	0.131126	9.925467999999999	1.0	74.043098	20.494582	3.0	0.011377	3.8405980000000004	4.0	71.388063	3.442671	6.0	81.467161	0.45339300000000005	3.0	3.77419	19.443272	3.0	95.334251	2.774212	1.0	0.015792	0.568955	2.0	55.440475	2.602362	3.0	88.469498	10.19656	5.0	74.24231400000001
987.0	2.0	26.914340999999997	3.8432410000000004	86.457484	24.148981	0.942371	0.568801	0.32097	0.438813	14.343430999999999	4.0	63.935559	12.314546	5.0	0.013658000000000002	4.81176	1.0	75.431411	3.3194209999999997	5.0	15.200693	22.245251	3.0	40.197813000000004	20.902770999999998	2.0	63.452223	13.869548000000002	4.0	0.011244	4.554002	1.0	4.54778	3.828464	4.0	5.929371	12.073857	6.0	60.93333199999999
1306.0	2.0	95.12445500000001	9.322633	87.4729	29.350463	0.702334	0.765208	0.195444	0.627059	10.768364	5.0	20.203853	22.353325	3.0	0.010039	5.266461	2.0	71.937955	0.326414	4.0	75.07680699999999	7.640045	2.0	34.579031	25.048948	2.0	6.284347	3.539533	5.0	0.010787	3.311846	6.0	26.920513	3.28255	1.0	75.122465	20.941474	4.0	76.097003
1324.0	2.0	37.188734000000004	1.628379	73.18810400000001	38.260101	0.819282	0.629232	0.6688430000000001	0.577861	0.7638050000000001	4.0	5.920957	5.951191000000001	3.0	0.011921	5.956514	3.0	34.109229	4.252542	1.0	49.641096000000005	9.351934	6.0	57.147849	8.600612	3.0	52.306497	10.722602	3.0	0.028433999999999997	0.73834	1.0	66.597196	0.338844	6.0	72.95109000000001	7.2599100000000005	6.0	28.057356
1485.0	2.0	54.888713	18.427666000000002	66.478266	69.693466	0.307295	0.575082	0.336019	0.804363	17.910383	5.0	36.827399	15.538594	1.0	0.018646	3.0358169999999998	3.0	39.221896	6.0629599999999995	6.0	31.211426	20.872094	2.0	87.132671	8.59328	2.0	14.770776000000001	18.598174	6.0	0.165444	2.835881	1.0	58.15145	2.607742	4.0	73.984329	23.736736999999998	5.0	30.162840999999997
1581.0	2.0	77.662471	1.20468	88.233502	46.115144	0.501358	0.380748	0.743446	0.236682	0.793502	3.0	2.249534	21.637487	1.0	0.012501	3.3222730000000005	6.0	43.671298	5.030937000000001	3.0	16.031339000000003	9.868611999999999	4.0	60.54335699999999	12.574605	1.0	15.742035999999999	1.056749	4.0	0.010964	0.7495	3.0	14.090173000000002	0.722342	1.0	61.673973	17.222497	2.0	72.92859399999999
1838.0	2.0	82.814245	1.5788719999999998	39.258023	49.346121000000004	0.708559	0.489364	0.428284	0.16015	14.270245999999998	1.0	23.838357000000002	20.928295000000002	1.0	0.018538	0.6960729999999999	4.0	31.965201	2.378676	2.0	90.553664	11.266176	5.0	98.177396	23.880353	2.0	91.235509	13.294145	3.0	0.013449000000000001	5.512389	6.0	62.354772	2.371137	1.0	17.877279	4.653576999999999	4.0	9.889384
2124.0	2.0	2.091637	11.910257000000001	52.484173999999996	14.191965	0.9593950000000001	0.192827	0.10683	0.744873	16.767394	6.0	51.555128	5.330049	1.0	0.014730000000000002	3.258726	6.0	81.271807	6.040204	3.0	86.508813	22.563814	3.0	41.334113	25.31456	2.0	63.294024	8.400736	3.0	0.02201	1.736216	2.0	25.759180999999998	3.3780660000000005	4.0	78.924856	11.625803999999999	6.0	64.245785
2659.0	2.0	76.020833	3.026055	70.25563100000001	73.2119	0.637509	0.989084	0.18094000000000002	0.5808949999999999	1.246076	4.0	97.452298	6.939703999999999	3.0	0.34071	5.598512	3.0	58.250595999999994	0.301976	3.0	44.017632	14.364622	3.0	95.02326500000001	16.512968	4.0	60.919831	16.188108	2.0	0.05412	0.8105359999999999	1.0	30.371916	1.734927	2.0	46.558446999999994	10.914292	5.0	43.601003999999996
3186.0	2.0	4.242552	1.145173	84.915102	25.653473	0.113015	0.8211870000000001	0.38508400000000004	0.582149	9.764197	4.0	48.5153	2.611163	2.0	0.010413	5.391911	5.0	69.473729	0.233832	2.0	82.10836	19.89276	3.0	85.31334100000001	16.686517000000002	5.0	16.726096	16.873905999999998	2.0	0.016446000000000002	3.957819	2.0	35.26745	5.128214	3.0	39.743004	14.296229	6.0	28.505335
3190.0	2.0	59.97571899999999	6.710736	79.041314	92.949848	0.408217	0.517196	0.500717	0.786555	17.02235	3.0	94.350877	14.997259	3.0	0.026211	1.613426	3.0	71.237488	3.6803470000000003	2.0	22.249057999999998	15.350230999999999	1.0	37.095245	20.377557	5.0	70.486856	19.039711999999998	2.0	0.110471	0.22182600000000002	1.0	5.496837	4.509684	2.0	45.948171	5.4033690000000005	6.0	96.602779
3395.0	2.0	82.02517900000001	8.708364	65.13737900000001	56.466139	0.7753680000000001	0.5058010000000001	0.279883	0.975759	9.115159	2.0	79.899403	10.446627000000001	4.0	0.027087	3.122702	4.0	43.443515999999995	0.297555	2.0	77.124636	12.370036	3.0	59.574687	25.206158	3.0	12.629822	10.776492	3.0	0.041462	5.838342	1.0	55.543156	4.609929	3.0	85.76937099999999	10.588522	6.0	89.474467
3779.0	2.0	22.072098	37.202791999999995	18.604622	30.374525	0.7798350000000001	0.9848129999999999	0.286499	0.177037	16.709305999999998	4.0	9.243271	5.321526	2.0	0.010901000000000001	0.5136350000000001	3.0	22.890393	2.6428439999999997	1.0	85.013014	22.198852	1.0	62.973307	24.404095	3.0	34.073728	4.832197	5.0	0.023999	0.285108	2.0	2.655434	3.3439330000000003	4.0	91.012247	15.544177	6.0	40.232692
4411.0	2.0	16.600158	79.337379	54.426228	34.73834	0.185555	0.976037	0.65565	0.678926	12.199557	6.0	67.500393	2.641348	3.0	0.035736000000000004	3.389987	6.0	75.213672	0.559674	5.0	85.009361	10.580733	2.0	62.17045600000001	13.245217000000002	1.0	92.110644	15.664229	2.0	0.49006400000000006	4.048108999999999	4.0	3.803858	0.560883	1.0	72.81875600000001	25.066653	4.0	5.915363
4424.0	2.0	2.132779	50.427402	74.824852	27.021057	0.834161	0.26163200000000003	0.610059	0.331838	1.328194	6.0	36.900298	20.99095	5.0	0.011322	5.588528	2.0	62.726374	0.9801629999999999	4.0	86.317999	14.548079999999999	1.0	5.653072	9.978363	3.0	20.913559	9.149736	2.0	0.020089	2.063339	1.0	22.2041	1.9119709999999999	4.0	23.281108	25.115914	5.0	21.90879
4469.0	2.0	7.131244000000001	6.886642999999999	89.277238	50.257682	0.20600300000000002	0.9179709999999999	0.559501	0.861617	9.474783	5.0	91.936595	17.585812	4.0	0.07838300000000001	2.036891	2.0	90.022497	4.589066000000001	6.0	69.24050600000001	17.00429	6.0	59.374692	12.127591	4.0	14.093765	18.624910999999997	6.0	0.017777	1.6892150000000001	5.0	1.579572	5.079784	5.0	41.858629	19.604391	2.0	66.007265
4510.0	2.0	83.478755	19.688814999999998	28.44763	31.004776	0.515696	0.5086109999999999	0.379865	0.841932	2.209596	1.0	28.859976	11.030223	1.0	0.119618	3.406589	1.0	90.513504	0.695592	6.0	48.402402	23.775987	5.0	53.50995	23.73412	6.0	5.768618	12.808428	4.0	0.07034800000000001	3.273351	2.0	23.252995000000002	3.8481019999999995	4.0	3.8877040000000003	11.500155	1.0	3.0281119999999997
4528.0	2.0	16.597353	16.447375	98.308962	36.8592	0.47731899999999994	0.740168	0.295065	0.162705	21.516798	3.0	81.21291	13.886873000000001	2.0	0.014754	2.375081	3.0	13.974433	0.952789	6.0	67.353001	20.696029	2.0	88.42097199999999	16.754761	2.0	23.182271	7.583655	5.0	0.030577999999999998	0.973749	6.0	1.496445	4.609755000000001	3.0	82.75216400000001	21.811981	6.0	53.63000400000001
4601.0	2.0	10.180482000000001	10.954787	93.715918	32.908846999999994	0.8361290000000001	0.454982	0.161118	0.884092	17.160063	6.0	83.893763	8.369391	6.0	0.015735	1.225806	6.0	85.716473	2.370205	1.0	25.46944	4.022816000000001	1.0	88.631381	13.011224	1.0	4.41234	15.370056	4.0	0.017876	2.987207	5.0	27.207953000000003	5.407718	6.0	62.766321	13.612385999999999	2.0	44.621601
4624.0	2.0	2.188539	24.803848000000002	47.858862	67.813839	0.9706739999999999	0.7058439999999999	0.568549	0.49607399999999996	7.150602	2.0	64.93056700000001	23.626538	2.0	0.010232	0.9988540000000001	1.0	30.807608000000002	2.6953099999999997	6.0	45.156743	17.240806	6.0	52.466506	3.536479	4.0	31.008691	8.764057000000001	1.0	0.022550999999999998	0.222505	3.0	89.95438399999999	3.073187	5.0	68.0832	17.656925	2.0	93.500393
4739.0	2.0	63.095653000000006	16.526069	63.76830699999999	66.846734	0.47298999999999997	0.786687	0.510549	0.505142	16.660574	3.0	61.424151	12.424491999999999	2.0	0.024918	2.3340509999999997	4.0	60.082187	3.3100400000000003	6.0	33.181278000000006	23.823251000000003	1.0	99.540615	19.462237	6.0	34.519507	12.326618	1.0	0.018744	1.534337	1.0	4.673630999999999	4.386327	3.0	36.055183	10.880352	4.0	70.571958
4779.0	2.0	3.443971	14.367156	69.028479	49.835069	0.971038	0.321247	0.774829	0.8734219999999999	11.566585	5.0	25.016087	23.349276	2.0	0.015784	2.7642919999999997	5.0	56.47778	4.125989	2.0	47.305806	21.180505	1.0	61.86885899999999	25.48375	1.0	1.730145	0.9669770000000001	4.0	0.016818	4.910769999999999	1.0	58.199659999999994	3.235861	5.0	44.553734000000006	9.538105	6.0	90.438879
4846.0	2.0	82.013853	29.465064	66.504449	63.827851	0.762151	0.9802280000000001	0.21278200000000003	0.827241	4.48169	2.0	67.716335	15.848218	3.0	0.016827	2.392074	6.0	13.930094	3.628907	1.0	96.981415	16.811303	2.0	84.838025	4.888062000000001	4.0	61.29045	6.602138	2.0	0.010841	0.130796	3.0	39.903940000000006	5.8344879999999995	3.0	40.311021999999994	18.300301	4.0	34.0351
5222.0	2.0	13.768885999999998	4.783789	88.694227	65.244389	0.718607	0.6778420000000001	0.787596	0.7762979999999999	10.249265	4.0	21.205386999999998	18.265207999999998	6.0	0.010483	5.569188	4.0	9.093341	3.0398709999999998	2.0	58.222716000000005	9.144052	5.0	55.603239	13.939941000000001	4.0	29.212582	9.395356	5.0	0.012853	0.922851	1.0	94.772358	3.942339	6.0	21.727194	5.955608	4.0	87.073616
5540.0	2.0	97.901687	43.831313	32.004546999999995	88.014966	0.35181599999999996	0.732703	0.426792	0.14884	21.348976	6.0	2.635364	6.062892	4.0	0.018746000000000002	5.142886	3.0	86.73944	3.605297	2.0	89.686598	1.955501	3.0	66.35250500000001	12.918781	3.0	89.09353399999999	8.777256	1.0	0.013171	4.826899	6.0	55.417108999999996	0.84306	4.0	10.800923	2.1343080000000003	4.0	21.978327
5658.0	2.0	7.128603999999999	3.318023	84.170084	65.062253	0.992919	0.26221500000000003	0.8999299999999999	0.669193	4.674604	5.0	17.168201	5.205461	1.0	0.024308	0.18887400000000001	3.0	83.048891	0.7913789999999999	5.0	52.152263	13.238026999999999	4.0	84.693336	14.913286	4.0	36.933168	20.747225	4.0	0.204211	0.41743500000000006	3.0	27.187282	3.275434	2.0	49.174703	5.00058	4.0	71.982331
5683.0	2.0	22.408043	94.156207	77.788422	96.71013	0.742197	0.881274	0.853353	0.25044099999999997	10.766468	2.0	69.499921	3.4204220000000003	6.0	0.044981	1.335993	2.0	5.781046	4.6511949999999995	5.0	32.260413	5.96411	5.0	44.953323	12.90281	1.0	68.826102	15.455417	3.0	0.01292	4.735707	5.0	72.164061	0.556057	3.0	39.136053000000004	2.319388	2.0	33.888543
5726.0	2.0	21.192054000000002	7.522855	32.856182000000004	72.139935	0.425253	0.569398	0.348964	0.8604940000000001	20.55849	6.0	89.638952	0.302123	4.0	0.019001	6.114383	6.0	34.019486	4.160474	5.0	3.152666	8.018966	6.0	32.147871	2.23712	3.0	60.368618999999995	19.915045000000003	1.0	0.022652000000000002	0.30313	2.0	27.500957	1.79584	1.0	31.25303	19.772272	6.0	44.32327
5733.0	2.0	62.283867	5.581946	82.925516	63.801587	0.258306	0.679187	0.33469699999999997	0.455309	13.1199	1.0	16.451743	19.723383	3.0	0.011406	0.7625	5.0	28.686934	3.5143690000000003	3.0	15.730485	5.7505809999999995	4.0	41.469337	19.502549	6.0	4.092656	2.8056810000000003	5.0	0.015147	5.407153	1.0	9.355107	2.222019	6.0	27.732581	22.821935	6.0	15.340124
5794.0	2.0	15.779148000000001	1.211125	49.430098	90.60583299999999	0.711645	0.977187	0.783798	0.810247	14.517654	3.0	30.320531	21.363437	4.0	0.6233770000000001	0.086656	5.0	61.585999	3.115218	1.0	38.529362	4.038308	6.0	27.430564	10.700861999999999	5.0	28.370689000000002	10.430521	2.0	0.022215000000000002	0.085161	2.0	68.186449	4.640531	4.0	43.08185	25.575792	3.0	12.214559
6476.0	2.0	2.711926	83.032586	77.642302	61.797559	0.444517	0.8878659999999999	0.54919	0.807083	9.89685	5.0	54.824780000000004	10.296165	1.0	0.023308000000000002	4.734162	6.0	46.303225	2.758475	3.0	16.471874	8.60938	4.0	87.369275	1.6755849999999999	1.0	98.283101	19.843095	3.0	0.035554	5.6366879999999995	1.0	14.186885	5.4911959999999995	5.0	87.015004	17.931283999999998	4.0	14.759189000000001
6633.0	2.0	97.023888	3.146613	65.02129000000001	57.826078	0.213729	0.500829	0.10076900000000001	0.5710850000000001	2.157654	1.0	25.221308999999998	13.678363000000001	1.0	0.032034	3.8430470000000003	6.0	87.904439	2.492081	2.0	67.488336	9.066987	2.0	22.353379999999998	10.807771	4.0	8.747933	3.738376	6.0	0.035131	3.932807	6.0	23.079515	5.5446230000000005	6.0	2.757126	10.426364	5.0	27.119015
6657.0	2.0	46.846367	14.353717999999999	97.53374000000001	69.74622	0.494005	0.9608959999999999	0.336858	0.9757530000000001	16.565288	5.0	97.760817	23.835392000000002	6.0	0.22856300000000002	6.142037999999999	4.0	37.228553000000005	5.623081	3.0	34.109178	14.639832	1.0	94.542527	0.784148	3.0	60.336868	20.076481	1.0	0.03028	0.944385	2.0	81.6845	1.06895	5.0	51.92674	13.092454	6.0	90.530908
6979.0	2.0	16.033865	6.906335	89.765743	74.135386	0.876556	0.653151	0.427835	0.373845	8.945477	4.0	54.48861899999999	13.029729	4.0	0.014813999999999999	0.43695600000000007	4.0	6.462981	4.796481	4.0	24.142804	19.687266	5.0	58.113232999999994	7.490077	4.0	8.732341	22.927822	3.0	0.017358000000000002	1.090581	1.0	99.817043	3.115986	3.0	28.963052	25.332196	4.0	62.518238000000004
7002.0	2.0	57.465028000000004	30.045494	97.216068	98.597549	0.44043000000000004	0.741989	0.689649	0.7068	10.863153	2.0	71.08858199999999	13.499942	1.0	0.100566	5.748604	5.0	55.305877	5.499842	5.0	87.681154	23.650643	2.0	87.298231	8.722128	1.0	90.86389	8.560992	6.0	0.030310000000000004	0.493091	3.0	37.618092	4.922733	2.0	11.646883	21.907619	6.0	96.462085
7082.0	2.0	76.250019	3.824325	35.771669	76.927229	0.716916	0.7572800000000001	0.127447	0.29531	23.193427	2.0	50.984352	9.051018	5.0	0.033826	0.6010949999999999	1.0	52.611228000000004	2.522154	6.0	28.696866999999997	9.850225	1.0	30.416935	19.252676	1.0	63.857797	14.712931	6.0	0.076154	0.878308	1.0	45.421211	4.721274	3.0	78.371912	21.017501	6.0	74.618599
7088.0	2.0	17.138044	14.575182999999999	30.313332	66.151916	0.926696	0.712683	0.458057	0.672229	6.918216999999999	4.0	61.020874	25.02254	1.0	0.028239999999999998	6.189722	1.0	64.680037	1.663975	5.0	91.673223	13.943199	4.0	20.416118	5.1002540000000005	6.0	20.367888	11.759403	5.0	0.019794	0.317314	3.0	68.00660699999999	2.2025650000000003	4.0	35.666006	22.957498	4.0	50.206846999999996
7191.0	2.0	53.86859499999999	8.338500999999999	96.887629	84.547179	0.661934	0.7633439999999999	0.370339	0.7075239999999999	19.678138	3.0	14.021328	5.830585	1.0	0.9878950000000001	3.2315139999999998	4.0	38.664019	5.937711	2.0	62.40631	9.295539999999999	1.0	72.645593	15.056469	5.0	21.786367000000002	14.233514999999999	1.0	0.011255	4.683923	2.0	11.108779	5.003005	5.0	17.530048999999998	20.619173	1.0	57.213919
7247.0	2.0	75.72021	30.268725	84.385479	38.801927	0.7574850000000001	0.8651	0.148425	0.124929	1.8113650000000001	3.0	40.960445	16.592957000000002	2.0	0.016477000000000002	1.289058	1.0	83.683576	4.5337879999999995	4.0	56.380164	21.796176000000003	3.0	77.656728	19.587258	6.0	16.577045000000002	6.63405	6.0	0.021185	4.207379	2.0	76.81116899999999	0.828327	4.0	45.948024	19.212459	6.0	95.274023
7495.0	2.0	74.285877	1.145377	70.41338	53.424969999999995	0.6658689999999999	0.9154059999999999	0.766834	0.5660430000000001	14.198051000000001	3.0	96.494005	11.390019	2.0	0.028431	1.597906	1.0	85.835599	2.221609	5.0	76.337379	8.063749000000001	3.0	37.324459999999995	21.553678	6.0	1.7040819999999999	20.578428	4.0	0.045462	3.237444	4.0	7.525814	2.743696	1.0	17.850337	20.117663	5.0	79.04929200000001
7569.0	2.0	36.065466	3.327344	38.316248	87.422514	0.186619	0.8777379999999999	0.36533499999999997	0.40765500000000005	2.041559	6.0	3.309994	1.15406	4.0	0.087982	2.639677	5.0	41.123924	0.562948	6.0	81.944069	20.082043	1.0	81.842997	3.812354	5.0	78.84531899999999	6.429139	5.0	0.022904	3.149381	5.0	67.56457900000001	2.581227	2.0	66.175507	2.728621	2.0	1.071788
7571.0	2.0	33.968771999999994	17.235897	70.909713	14.941482	0.860101	0.781439	0.221764	0.480793	10.814569	6.0	78.937549	5.237492	5.0	0.021084000000000002	5.103441	5.0	68.013839	3.6310879999999996	2.0	79.642764	12.6336	3.0	43.763588	22.72576	5.0	18.771455	19.108132	4.0	0.099902	0.42468500000000003	2.0	76.069521	0.933787	1.0	61.029945	9.907731	4.0	70.976321
7775.0	2.0	1.2118010000000001	25.230176999999998	84.266081	46.780409999999996	0.42539099999999996	0.9638620000000001	0.43929700000000005	0.403982	2.448969	4.0	9.157404	4.9627300000000005	4.0	0.015638	2.897524	5.0	78.101034	0.549099	6.0	77.634043	9.062566	3.0	68.941285	4.162725	1.0	14.080956	7.625858999999999	3.0	0.030432999999999998	0.508971	4.0	53.245548	4.529387	3.0	61.457967000000004	12.8566	6.0	44.380621000000005
7785.0	2.0	50.942244	6.1651050000000005	72.543267	21.401303	0.957946	0.764648	0.33049	0.767284	10.631948	1.0	53.062762	18.423119	6.0	0.013591999999999998	2.553619	1.0	32.662487	0.433759	2.0	8.341747999999999	21.543732000000002	4.0	8.499122999999999	14.489813	4.0	12.98709	14.496260999999999	4.0	0.012165	3.7118339999999996	2.0	80.214987	0.196597	6.0	3.136878	3.488793	5.0	33.451186
7816.0	2.0	68.592476	13.599198999999999	90.834125	74.32965899999999	0.476278	0.8695350000000001	0.5280189999999999	0.600152	16.939292000000002	2.0	71.423214	4.989457	6.0	0.017851	2.120039	4.0	80.664964	2.367746	1.0	57.002249	19.83087	1.0	39.211946999999995	2.663969	5.0	68.96663199999999	20.972920000000002	2.0	0.087502	2.9442909999999998	1.0	36.875036	0.098633	2.0	97.00386800000001	18.918014000000003	4.0	58.499655000000004
7970.0	2.0	11.101185000000001	10.006029	60.73145600000001	96.486914	0.288596	0.5236930000000001	0.960443	0.878508	21.695917	4.0	27.511276000000002	8.95246	2.0	0.01115	4.826944	4.0	1.376017	3.1153009999999997	3.0	12.588002000000001	20.725537	3.0	10.850067	5.510445	3.0	19.460296	0.8122050000000001	1.0	0.010259	0.9887299999999999	2.0	25.839958	3.577033	6.0	24.308765	16.283712	2.0	81.326062
8011.0	2.0	51.858127	1.479434	57.649908999999994	31.522014000000002	0.21956599999999998	0.23972600000000002	0.7826390000000001	0.63355	23.690910000000002	2.0	35.974739	15.350579000000002	1.0	0.036824	4.542108	2.0	22.218573000000003	1.9867990000000002	5.0	6.027198	16.554693	3.0	20.961651999999997	12.076504	4.0	19.491405	11.452706	2.0	0.026005	0.181534	5.0	44.891068	2.929009	1.0	30.264709999999997	13.678873999999999	3.0	21.489689000000002
8258.0	2.0	35.320640999999995	6.924247	25.837905	85.247654	0.286558	0.778812	0.11471700000000001	0.9504520000000001	20.943784	2.0	25.422586	10.744057000000002	2.0	0.012179	5.644823000000001	1.0	48.135915999999995	4.057874	2.0	71.292513	11.694149000000001	4.0	47.787146	24.83067	1.0	61.848932999999995	14.812145999999998	5.0	0.012278	4.656057	1.0	94.253858	0.087074	6.0	63.695935999999996	24.860651	3.0	21.634966
8353.0	2.0	39.402794	10.062279	61.94300500000001	66.041103	0.640568	0.892978	0.606359	0.3793	1.071731	1.0	67.897203	10.91164	2.0	0.019946000000000002	1.53678	4.0	97.03814399999999	4.962103	2.0	60.00116	8.520695	5.0	99.95065100000001	15.952504000000001	6.0	8.314042	22.956464999999998	6.0	0.013244	0.7407020000000001	4.0	28.474498999999998	5.234915	2.0	75.286715	12.810675	5.0	85.624454
8356.0	2.0	79.823389	5.145948000000001	99.54175	68.512411	0.938749	0.8972049999999999	0.626556	0.339424	4.658517	2.0	96.948923	23.040492999999998	3.0	0.012481	2.641366	1.0	70.259665	4.8863010000000004	5.0	47.011649	19.714748	5.0	63.782268	14.847651999999998	2.0	68.123953	19.150436	4.0	0.021421	0.920472	1.0	40.140639	4.034477	5.0	12.648963	12.241529	6.0	94.80954399999999
9063.0	2.0	8.485369	8.142623	36.633716	23.756702999999998	0.11936400000000001	0.6353270000000001	0.15096199999999999	0.988592	16.592782	2.0	22.163317000000003	14.473112	2.0	0.030331999999999998	1.756364	1.0	10.070542	1.666549	1.0	13.178932999999999	8.023694	5.0	14.247363	23.492679000000003	4.0	35.293659999999996	3.231661	2.0	0.164668	2.852507	1.0	1.213277	5.560916000000001	1.0	81.002452	4.377942	5.0	93.731022
9264.0	2.0	48.32996	9.234032000000001	69.466468	44.699373	0.374371	0.808128	0.141183	0.392823	17.457285	6.0	95.128199	20.212029	6.0	0.056101	1.324666	1.0	99.284458	3.963571	4.0	39.44747	5.671942	6.0	51.638188	15.423395999999999	2.0	10.193002	15.210370999999999	3.0	0.012978	2.579592	3.0	30.030091	5.806565	1.0	93.437698	16.073624	3.0	69.227855
9612.0	2.0	64.30014399999999	2.35465	47.601636	35.208047	0.163665	0.25403200000000004	0.849504	0.739803	1.984788	4.0	25.604975	13.702051	2.0	0.010262	2.762099	2.0	53.546656999999996	4.77874	4.0	22.781462	15.609051000000001	1.0	38.082316999999996	21.70421	2.0	24.224118	13.027027	5.0	0.026677999999999997	1.6625740000000002	4.0	2.156167	4.651991000000001	1.0	48.223595	8.241507	2.0	79.77687
9846.0	2.0	32.258176	6.465108	58.520396	60.620603	0.443445	0.581924	0.391865	0.493929	12.547096	3.0	64.826751	18.574479	2.0	0.056357000000000004	2.910531	2.0	79.297785	4.939476	2.0	19.242786	9.016765	6.0	47.277516	20.959044	5.0	26.274601	4.826206	2.0	0.020541	3.6577949999999997	1.0	29.121017	2.803197	4.0	51.733686	16.542095	5.0	52.78520699999999
9885.0	2.0	5.237351	94.627964	51.812726	99.117518	0.936838	0.587672	0.254292	0.987592	8.882836	6.0	89.749377	11.791938	4.0	0.055064999999999996	3.002079	2.0	27.935414	6.192219000000001	1.0	66.35259	13.650713	2.0	54.563355	20.447362	2.0	37.716482	22.645423	5.0	0.014253	1.6180510000000001	1.0	95.49095600000001	4.596561	4.0	79.816599	20.712355	3.0	65.407859
9922.0	2.0	58.926542000000005	5.947	78.857158	11.61393	0.239695	0.6678310000000001	0.435274	0.365797	19.207256	3.0	26.043119	22.062403	6.0	0.015165999999999999	3.338088	1.0	29.788783000000002	2.900195	6.0	61.942659	17.093712	4.0	14.708620000000002	6.7612570000000005	6.0	82.408272	7.266074000000001	3.0	0.033426	0.8260799999999999	2.0	21.703519	3.560746	4.0	35.399475	25.450085	3.0	7.037574
49.0	2.0	3.6863550000000003	72.89818000000001	44.932109999999994	9.106217	0.485196	0.985931	0.126576	0.452351	14.916923	3.0	13.787602	23.167915	6.0	0.029018000000000002	5.029411	5.0	52.641228000000005	6.055898	3.0	91.093171	10.49565	5.0	7.871219	11.0214	2.0	82.67540100000001	1.7308400000000002	5.0	0.032707	1.5366469999999999	1.0	71.280287	3.659587	5.0	58.053020999999994	3.9523089999999996	5.0	84.39618399999999
161.0	2.0	7.130638	89.006439	90.064683	63.443473	0.8572870000000001	0.7669520000000001	0.290195	0.36045	6.257186	1.0	69.16635699999999	21.948598999999998	3.0	0.017694	5.490322	4.0	55.412091000000004	6.259256	2.0	36.616771	16.904845	1.0	84.915685	1.284145	1.0	75.388221	4.295126	3.0	0.039833	1.1743350000000001	6.0	96.494135	5.807336	6.0	10.622808000000001	23.81061	6.0	66.02326500000001
350.0	2.0	23.956026	12.009929	88.91341700000001	98.10917099999999	0.803296	0.5170359999999999	0.8780870000000001	0.990476	15.305411	3.0	72.085872	19.621311	2.0	0.014653999999999999	5.99421	3.0	29.483958	5.328656	1.0	48.94174	18.30049	1.0	92.999799	13.684002	5.0	10.982277	12.261003	5.0	0.028937	5.49836	1.0	55.332384	5.2868379999999995	3.0	67.01500899999999	21.735031	3.0	70.47525999999999
426.0	2.0	14.259293	18.173443	77.493416	6.824767	0.294281	0.804395	0.30906100000000003	0.598722	14.087166	1.0	52.185204	20.034875	4.0	0.010288	2.1696779999999998	6.0	50.720214	3.1109400000000003	4.0	15.272547	16.893497	4.0	11.405957	18.119956	5.0	50.394822	19.505295999999998	6.0	0.030300999999999998	3.5461720000000003	5.0	2.875027	3.420728	6.0	66.40201400000001	15.318086	2.0	43.24334
515.0	2.0	48.087554	29.432212	34.949549	22.44455	0.8811450000000001	0.914264	0.73956	0.7458060000000001	20.539831	5.0	67.922165	23.955016	1.0	0.028937	0.6846770000000001	5.0	79.308761	2.768932	2.0	39.167311	23.366854999999997	3.0	92.277985	10.254533	5.0	21.629178	18.246091	2.0	0.021093	0.7036680000000001	1.0	37.164155	3.4523410000000005	2.0	3.5009699999999997	3.037168	6.0	70.467938
604.0	2.0	4.146745	16.041348	53.362751	66.70133100000001	0.651895	0.42176899999999995	0.150302	0.659929	18.404913	1.0	82.98897099999999	10.926117999999999	2.0	0.01838	2.389898	6.0	4.414434	2.9599740000000003	4.0	41.951871000000004	4.460763	2.0	73.1966	3.2629919999999997	3.0	35.575082	7.738696000000001	5.0	0.01055	0.5966090000000001	1.0	49.907786	2.523832	4.0	50.121859	22.556898999999998	5.0	71.505052
727.0	2.0	52.202634	9.69968	67.74420400000001	84.279907	0.418178	0.729244	0.116032	0.39612800000000004	14.252431	3.0	23.05395	0.819556	1.0	0.011174	2.329684	6.0	9.663958000000001	2.531614	2.0	14.140198999999999	7.219674	3.0	47.192234	19.961256	4.0	14.538075	2.550846	6.0	0.013872	1.008801	6.0	69.908199	5.905812999999999	5.0	5.206201	14.275960999999999	5.0	83.800487
762.0	2.0	88.395269	8.454431	38.019439	87.259578	0.224888	0.898913	0.223679	0.746159	15.097988	1.0	4.495116	3.062059	4.0	0.010223000000000001	3.516977	1.0	14.994748000000001	0.5492020000000001	1.0	25.033453	14.179345999999999	1.0	82.075473	4.772298	5.0	27.730682	21.904897000000002	3.0	0.042092000000000004	0.659634	2.0	13.491562	5.267053	2.0	30.381489000000002	18.904695	2.0	88.673349
809.0	2.0	5.764235	61.969320999999994	62.61318299999999	75.929925	0.9795729999999999	0.855923	0.132165	0.913428	0.24587199999999998	2.0	35.972666	15.463465	1.0	0.161998	3.740499	4.0	53.509799	2.492004	2.0	99.159808	7.907713	1.0	49.995577000000004	4.303848	3.0	21.529101999999998	8.580857	5.0	0.037614999999999996	3.054426	1.0	20.903735	5.754421	1.0	59.358729000000004	24.568917000000003	5.0	40.332089
875.0	2.0	94.903696	25.626787	71.429118	89.074559	0.682368	0.9258379999999999	0.12335399999999999	0.9832219999999999	20.575454	5.0	61.350640000000006	21.872335	5.0	0.01647	2.985328	3.0	23.222606	0.964159	1.0	70.156509	17.982523999999998	1.0	46.406901	15.934791	6.0	21.676258999999998	1.084387	3.0	0.041652	0.46987299999999993	3.0	39.571870000000004	2.398464	4.0	78.123017	8.588182000000002	5.0	48.369725
925.0	2.0	4.327230999999999	77.67925699999999	85.54141	9.265129	0.692567	0.291159	0.12801300000000002	0.131126	9.925467999999999	1.0	74.043098	20.494582	3.0	0.011377	3.8405980000000004	4.0	71.388063	3.442671	6.0	81.467161	0.45339300000000005	3.0	3.77419	19.443272	3.0	95.334251	2.774212	1.0	0.015792	0.568955	2.0	55.440475	2.602362	3.0	88.469498	10.19656	5.0	74.24231400000001
987.0	2.0	26.914340999999997	3.8432410000000004	86.457484	24.148981	0.942371	0.568801	0.32097	0.438813	14.343430999999999	4.0	63.935559	12.314546	5.0	0.013658000000000002	4.81176	1.0	75.431411	3.3194209999999997	5.0	15.200693	22.245251	3.0	40.197813000000004	20.902770999999998	2.0	63.452223	13.869548000000002	4.0	0.011244	4.554002	1.0	4.54778	3.828464	4.0	5.929371	12.073857	6.0	60.93333199999999
1306.0	2.0	95.12445500000001	9.322633	87.4729	29.350463	0.702334	0.765208	0.195444	0.627059	10.768364	5.0	20.203853	22.353325	3.0	0.010039	5.266461	2.0	71.937955	0.326414	4.0	75.07680699999999	7.640045	2.0	34.579031	25.048948	2.0	6.284347	3.539533	5.0	0.010787	3.311846	6.0	26.920513	3.28255	1.0	75.122465	20.941474	4.0	76.097003
1324.0	2.0	37.188734000000004	1.628379	73.18810400000001	38.260101	0.819282	0.629232	0.6688430000000001	0.577861	0.7638050000000001	4.0	5.920957	5.951191000000001	3.0	0.011921	5.956514	3.0	34.109229	4.252542	1.0	49.641096000000005	9.351934	6.0	57.147849	8.600612	3.0	52.306497	10.722602	3.0	0.028433999999999997	0.73834	1.0	66.597196	0.338844	6.0	72.95109000000001	7.2599100000000005	6.0	28.057356
1485.0	2.0	54.888713	18.427666000000002	66.478266	69.693466	0.307295	0.575082	0.336019	0.804363	17.910383	5.0	36.827399	15.538594	1.0	0.018646	3.0358169999999998	3.0	39.221896	6.0629599999999995	6.0	31.211426	20.872094	2.0	87.132671	8.59328	2.0	14.770776000000001	18.598174	6.0	0.165444	2.835881	1.0	58.15145	2.607742	4.0	73.984329	23.736736999999998	5.0	30.162840999999997
1581.0	2.0	77.662471	1.20468	88.233502	46.115144	0.501358	0.380748	0.743446	0.236682	0.793502	3.0	2.249534	21.637487	1.0	0.012501	3.3222730000000005	6.0	43.671298	5.030937000000001	3.0	16.031339000000003	9.868611999999999	4.0	60.54335699999999	12.574605	1.0	15.742035999999999	1.056749	4.0	0.010964	0.7495	3.0	14.090173000000002	0.722342	1.0	61.673973	17.222497	2.0	72.92859399999999
1838.0	2.0	82.814245	1.5788719999999998	39.258023	49.346121000000004	0.708559	0.489364	0.428284	0.16015	14.270245999999998	1.0	23.838357000000002	20.928295000000002	1.0	0.018538	0.6960729999999999	4.0	31.965201	2.378676	2.0	90.553664	11.266176	5.0	98.177396	23.880353	2.0	91.235509	13.294145	3.0	0.013449000000000001	5.512389	6.0	62.354772	2.371137	1.0	17.877279	4.653576999999999	4.0	9.889384
2124.0	2.0	2.091637	11.910257000000001	52.484173999999996	14.191965	0.9593950000000001	0.192827	0.10683	0.744873	16.767394	6.0	51.555128	5.330049	1.0	0.014730000000000002	3.258726	6.0	81.271807	6.040204	3.0	86.508813	22.563814	3.0	41.334113	25.31456	2.0	63.294024	8.400736	3.0	0.02201	1.736216	2.0	25.759180999999998	3.3780660000000005	4.0	78.924856	11.625803999999999	6.0	64.245785
2659.0	2.0	76.020833	3.026055	70.25563100000001	73.2119	0.637509	0.989084	0.18094000000000002	0.5808949999999999	1.246076	4.0	97.452298	6.939703999999999	3.0	0.34071	5.598512	3.0	58.250595999999994	0.301976	3.0	44.017632	14.364622	3.0	95.02326500000001	16.512968	4.0	60.919831	16.188108	2.0	0.05412	0.8105359999999999	1.0	30.371916	1.734927	2.0	46.558446999999994	10.914292	5.0	43.601003999999996
3186.0	2.0	4.242552	1.145173	84.915102	25.653473	0.113015	0.8211870000000001	0.38508400000000004	0.582149	9.764197	4.0	48.5153	2.611163	2.0	0.010413	5.391911	5.0	69.473729	0.233832	2.0	82.10836	19.89276	3.0	85.31334100000001	16.686517000000002	5.0	16.726096	16.873905999999998	2.0	0.016446000000000002	3.957819	2.0	35.26745	5.128214	3.0	39.743004	14.296229	6.0	28.505335
3190.0	2.0	59.97571899999999	6.710736	79.041314	92.949848	0.408217	0.517196	0.500717	0.786555	17.02235	3.0	94.350877	14.997259	3.0	0.026211	1.613426	3.0	71.237488	3.6803470000000003	2.0	22.249057999999998	15.350230999999999	1.0	37.095245	20.377557	5.0	70.486856	19.039711999999998	2.0	0.110471	0.22182600000000002	1.0	5.496837	4.509684	2.0	45.948171	5.4033690000000005	6.0	96.602779
3395.0	2.0	82.02517900000001	8.708364	65.13737900000001	56.466139	0.7753680000000001	0.5058010000000001	0.279883	0.975759	9.115159	2.0	79.899403	10.446627000000001	4.0	0.027087	3.122702	4.0	43.443515999999995	0.297555	2.0	77.124636	12.370036	3.0	59.574687	25.206158	3.0	12.629822	10.776492	3.0	0.041462	5.838342	1.0	55.543156	4.609929	3.0	85.76937099999999	10.588522	6.0	89.474467
3779.0	2.0	22.072098	37.202791999999995	18.604622	30.374525	0.7798350000000001	0.9848129999999999	0.286499	0.177037	16.709305999999998	4.0	9.243271	5.321526	2.0	0.010901000000000001	0.5136350000000001	3.0	22.890393	2.6428439999999997	1.0	85.013014	22.198852	1.0	62.973307	24.404095	3.0	34.073728	4.832197	5.0	0.023999	0.285108	2.0	2.655434	3.3439330000000003	4.0	91.012247	15.544177	6.0	40.232692
4411.0	2.0	16.600158	79.337379	54.426228	34.73834	0.185555	0.976037	0.65565	0.678926	12.199557	6.0	67.500393	2.641348	3.0	0.035736000000000004	3.389987	6.0	75.213672	0.559674	5.0	85.009361	10.580733	2.0	62.17045600000001	13.245217000000002	1.0	92.110644	15.664229	2.0	0.49006400000000006	4.048108999999999	4.0	3.803858	0.560883	1.0	72.81875600000001	25.066653	4.0	5.915363
4424.0	2.0	2.132779	50.427402	74.824852	27.021057	0.834161	0.26163200000000003	0.610059	0.331838	1.328194	6.0	36.900298	20.99095	5.0	0.011322	5.588528	2.0	62.726374	0.9801629999999999	4.0	86.317999	14.548079999999999	1.0	5.653072	9.978363	3.0	20.913559	9.149736	2.0	0.020089	2.063339	1.0	22.2041	1.9119709999999999	4.0	23.281108	25.115914	5.0	21.90879
4469.0	2.0	7.131244000000001	6.886642999999999	89.277238	50.257682	0.20600300000000002	0.9179709999999999	0.559501	0.861617	9.474783	5.0	91.936595	17.585812	4.0	0.07838300000000001	2.036891	2.0	90.022497	4.589066000000001	6.0	69.24050600000001	17.00429	6.0	59.374692	12.127591	4.0	14.093765	18.624910999999997	6.0	0.017777	1.6892150000000001	5.0	1.579572	5.079784	5.0	41.858629	19.604391	2.0	66.007265
4510.0	2.0	83.478755	19.688814999999998	28.44763	31.004776	0.515696	0.5086109999999999	0.379865	0.841932	2.209596	1.0	28.859976	11.030223	1.0	0.119618	3.406589	1.0	90.513504	0.695592	6.0	48.402402	23.775987	5.0	53.50995	23.73412	6.0	5.768618	12.808428	4.0	0.07034800000000001	3.273351	2.0	23.252995000000002	3.8481019999999995	4.0	3.8877040000000003	11.500155	1.0	3.0281119999999997
4528.0	2.0	16.597353	16.447375	98.308962	36.8592	0.47731899999999994	0.740168	0.295065	0.162705	21.516798	3.0	81.21291	13.886873000000001	2.0	0.014754	2.375081	3.0	13.974433	0.952789	6.0	67.353001	20.696029	2.0	88.42097199999999	16.754761	2.0	23.182271	7.583655	5.0	0.030577999999999998	0.973749	6.0	1.496445	4.609755000000001	3.0	82.75216400000001	21.811981	6.0	53.63000400000001
4601.0	2.0	10.180482000000001	10.954787	93.715918	32.908846999999994	0.8361290000000001	0.454982	0.161118	0.884092	17.160063	6.0	83.893763	8.369391	6.0	0.015735	1.225806	6.0	85.716473	2.370205	1.0	25.46944	4.022816000000001	1.0	88.631381	13.011224	1.0	4.41234	15.370056	4.0	0.017876	2.987207	5.0	27.207953000000003	5.407718	6.0	62.766321	13.612385999999999	2.0	44.621601
4624.0	2.0	2.188539	24.803848000000002	47.858862	67.813839	0.9706739999999999	0.7058439999999999	0.568549	0.49607399999999996	7.150602	2.0	64.93056700000001	23.626538	2.0	0.010232	0.9988540000000001	1.0	30.807608000000002	2.6953099999999997	6.0	45.156743	17.240806	6.0	52.466506	3.536479	4.0	31.008691	8.764057000000001	1.0	0.022550999999999998	0.222505	3.0	89.95438399999999	3.073187	5.0	68.0832	17.656925	2.0	93.500393
4739.0	2.0	63.095653000000006	16.526069	63.76830699999999	66.846734	0.47298999999999997	0.786687	0.510549	0.505142	16.660574	3.0	61.424151	12.424491999999999	2.0	0.024918	2.3340509999999997	4.0	60.082187	3.3100400000000003	6.0	33.181278000000006	23.823251000000003	1.0	99.540615	19.462237	6.0	34.519507	12.326618	1.0	0.018744	1.534337	1.0	4.673630999999999	4.386327	3.0	36.055183	10.880352	4.0	70.571958
4779.0	2.0	3.443971	14.367156	69.028479	49.835069	0.971038	0.321247	0.774829	0.8734219999999999	11.566585	5.0	25.016087	23.349276	2.0	0.015784	2.7642919999999997	5.0	56.47778	4.125989	2.0	47.305806	21.180505	1.0	61.86885899999999	25.48375	1.0	1.730145	0.9669770000000001	4.0	0.016818	4.910769999999999	1.0	58.199659999999994	3.235861	5.0	44.553734000000006	9.538105	6.0	90.438879
4846.0	2.0	82.013853	29.465064	66.504449	63.827851	0.762151	0.9802280000000001	0.21278200000000003	0.827241	4.48169	2.0	67.716335	15.848218	3.0	0.016827	2.392074	6.0	13.930094	3.628907	1.0	96.981415	16.811303	2.0	84.838025	4.888062000000001	4.0	61.29045	6.602138	2.0	0.010841	0.130796	3.0	39.903940000000006	5.8344879999999995	3.0	40.311021999999994	18.300301	4.0	34.0351
5222.0	2.0	13.768885999999998	4.783789	88.694227	65.244389	0.718607	0.6778420000000001	0.787596	0.7762979999999999	10.249265	4.0	21.205386999999998	18.265207999999998	6.0	0.010483	5.569188	4.0	9.093341	3.0398709999999998	2.0	58.222716000000005	9.144052	5.0	55.603239	13.939941000000001	4.0	29.212582	9.395356	5.0	0.012853	0.922851	1.0	94.772358	3.942339	6.0	21.727194	5.955608	4.0	87.073616
5540.0	2.0	97.901687	43.831313	32.004546999999995	88.014966	0.35181599999999996	0.732703	0.426792	0.14884	21.348976	6.0	2.635364	6.062892	4.0	0.018746000000000002	5.142886	3.0	86.73944	3.605297	2.0	89.686598	1.955501	3.0	66.35250500000001	12.918781	3.0	89.09353399999999	8.777256	1.0	0.013171	4.826899	6.0	55.417108999999996	0.84306	4.0	10.800923	2.1343080000000003	4.0	21.978327
5658.0	2.0	7.128603999999999	3.318023	84.170084	65.062253	0.992919	0.26221500000000003	0.8999299999999999	0.669193	4.674604	5.0	17.168201	5.205461	1.0	0.024308	0.18887400000000001	3.0	83.048891	0.7913789999999999	5.0	52.152263	13.238026999999999	4.0	84.693336	14.913286	4.0	36.933168	20.747225	4.0	0.204211	0.41743500000000006	3.0	27.187282	3.275434	2.0	49.174703	5.00058	4.0	71.982331
5683.0	2.0	22.408043	94.156207	77.788422	96.71013	0.742197	0.881274	0.853353	0.25044099999999997	10.766468	2.0	69.499921	3.4204220000000003	6.0	0.044981	1.335993	2.0	5.781046	4.6511949999999995	5.0	32.260413	5.96411	5.0	44.953323	12.90281	1.0	68.826102	15.455417	3.0	0.01292	4.735707	5.0	72.164061	0.556057	3.0	39.136053000000004	2.319388	2.0	33.888543
5726.0	2.0	21.192054000000002	7.522855	32.856182000000004	72.139935	0.425253	0.569398	0.348964	0.8604940000000001	20.55849	6.0	89.638952	0.302123	4.0	0.019001	6.114383	6.0	34.019486	4.160474	5.0	3.152666	8.018966	6.0	32.147871	2.23712	3.0	60.368618999999995	19.915045000000003	1.0	0.022652000000000002	0.30313	2.0	27.500957	1.79584	1.0	31.25303	19.772272	6.0	44.32327
5733.0	2.0	62.283867	5.581946	82.925516	63.801587	0.258306	0.679187	0.33469699999999997	0.455309	13.1199	1.0	16.451743	19.723383	3.0	0.011406	0.7625	5.0	28.686934	3.5143690000000003	3.0	15.730485	5.7505809999999995	4.0	41.469337	19.502549	6.0	4.092656	2.8056810000000003	5.0	0.015147	5.407153	1.0	9.355107	2.222019	6.0	27.732581	22.821935	6.0	15.340124
5794.0	2.0	15.779148000000001	1.211125	49.430098	90.60583299999999	0.711645	0.977187	0.783798	0.810247	14.517654	3.0	30.320531	21.363437	4.0	0.6233770000000001	0.086656	5.0	61.585999	3.115218	1.0	38.529362	4.038308	6.0	27.430564	10.700861999999999	5.0	28.370689000000002	10.430521	2.0	0.022215000000000002	0.085161	2.0	68.186449	4.640531	4.0	43.08185	25.575792	3.0	12.214559
6476.0	2.0	2.711926	83.032586	77.642302	61.797559	0.444517	0.8878659999999999	0.54919	0.807083	9.89685	5.0	54.824780000000004	10.296165	1.0	0.023308000000000002	4.734162	6.0	46.303225	2.758475	3.0	16.471874	8.60938	4.0	87.369275	1.6755849999999999	1.0	98.283101	19.843095	3.0	0.035554	5.6366879999999995	1.0	14.186885	5.4911959999999995	5.0	87.015004	17.931283999999998	4.0	14.759189000000001
6633.0	2.0	97.023888	3.146613	65.02129000000001	57.826078	0.213729	0.500829	0.10076900000000001	0.5710850000000001	2.157654	1.0	25.221308999999998	13.678363000000001	1.0	0.032034	3.8430470000000003	6.0	87.904439	2.492081	2.0	67.488336	9.066987	2.0	22.353379999999998	10.807771	4.0	8.747933	3.738376	6.0	0.035131	3.932807	6.0	23.079515	5.5446230000000005	6.0	2.757126	10.426364	5.0	27.119015
6657.0	2.0	46.846367	14.353717999999999	97.53374000000001	69.74622	0.494005	0.9608959999999999	0.336858	0.9757530000000001	16.565288	5.0	97.760817	23.835392000000002	6.0	0.22856300000000002	6.142037999999999	4.0	37.228553000000005	5.623081	3.0	34.109178	14.639832	1.0	94.542527	0.784148	3.0	60.336868	20.076481	1.0	0.03028	0.944385	2.0	81.6845	1.06895	5.0	51.92674	13.092454	6.0	90.530908
6979.0	2.0	16.033865	6.906335	89.765743	74.135386	0.876556	0.653151	0.427835	0.373845	8.945477	4.0	54.48861899999999	13.029729	4.0	0.014813999999999999	0.43695600000000007	4.0	6.462981	4.796481	4.0	24.142804	19.687266	5.0	58.113232999999994	7.490077	4.0	8.732341	22.927822	3.0	0.017358000000000002	1.090581	1.0	99.817043	3.115986	3.0	28.963052	25.332196	4.0	62.518238000000004
7002.0	2.0	57.465028000000004	30.045494	97.216068	98.597549	0.44043000000000004	0.741989	0.689649	0.7068	10.863153	2.0	71.08858199999999	13.499942	1.0	0.100566	5.748604	5.0	55.305877	5.499842	5.0	87.681154	23.650643	2.0	87.298231	8.722128	1.0	90.86389	8.560992	6.0	0.030310000000000004	0.493091	3.0	37.618092	4.922733	2.0	11.646883	21.907619	6.0	96.462085
7082.0	2.0	76.250019	3.824325	35.771669	76.927229	0.716916	0.7572800000000001	0.127447	0.29531	23.193427	2.0	50.984352	9.051018	5.0	0.033826	0.6010949999999999	1.0	52.611228000000004	2.522154	6.0	28.696866999999997	9.850225	1.0	30.416935	19.252676	1.0	63.857797	14.712931	6.0	0.076154	0.878308	1.0	45.421211	4.721274	3.0	78.371912	21.017501	6.0	74.618599
7088.0	2.0	17.138044	14.575182999999999	30.313332	66.151916	0.926696	0.712683	0.458057	0.672229	6.918216999999999	4.0	61.020874	25.02254	1.0	0.028239999999999998	6.189722	1.0	64.680037	1.663975	5.0	91.673223	13.943199	4.0	20.416118	5.1002540000000005	6.0	20.367888	11.759403	5.0	0.019794	0.317314	3.0	68.00660699999999	2.2025650000000003	4.0	35.666006	22.957498	4.0	50.206846999999996
7191.0	2.0	53.86859499999999	8.338500999999999	96.887629	84.547179	0.661934	0.7633439999999999	0.370339	0.7075239999999999	19.678138	3.0	14.021328	5.830585	1.0	0.9878950000000001	3.2315139999999998	4.0	38.664019	5.937711	2.0	62.40631	9.295539999999999	1.0	72.645593	15.056469	5.0	21.786367000000002	14.233514999999999	1.0	0.011255	4.683923	2.0	11.108779	5.003005	5.0	17.530048999999998	20.619173	1.0	57.213919
7247.0	2.0	75.72021	30.268725	84.385479	38.801927	0.7574850000000001	0.8651	0.148425	0.124929	1.8113650000000001	3.0	40.960445	16.592957000000002	2.0	0.016477000000000002	1.289058	1.0	83.683576	4.5337879999999995	4.0	56.380164	21.796176000000003	3.0	77.656728	19.587258	6.0	16.577045000000002	6.63405	6.0	0.021185	4.207379	2.0	76.81116899999999	0.828327	4.0	45.948024	19.212459	6.0	95.274023
7495.0	2.0	74.285877	1.145377	70.41338	53.424969999999995	0.6658689999999999	0.9154059999999999	0.766834	0.5660430000000001	14.198051000000001	3.0	96.494005	11.390019	2.0	0.028431	1.597906	1.0	85.835599	2.221609	5.0	76.337379	8.063749000000001	3.0	37.324459999999995	21.553678	6.0	1.7040819999999999	20.578428	4.0	0.045462	3.237444	4.0	7.525814	2.743696	1.0	17.850337	20.117663	5.0	79.04929200000001
7569.0	2.0	36.065466	3.327344	38.316248	87.422514	0.186619	0.8777379999999999	0.36533499999999997	0.40765500000000005	2.041559	6.0	3.309994	1.15406	4.0	0.087982	2.639677	5.0	41.123924	0.562948	6.0	81.944069	20.082043	1.0	81.842997	3.812354	5.0	78.84531899999999	6.429139	5.0	0.022904	3.149381	5.0	67.56457900000001	2.581227	2.0	66.175507	2.728621	2.0	1.071788
7571.0	2.0	33.968771999999994	17.235897	70.909713	14.941482	0.860101	0.781439	0.221764	0.480793	10.814569	6.0	78.937549	5.237492	5.0	0.021084000000000002	5.103441	5.0	68.013839	3.6310879999999996	2.0	79.642764	12.6336	3.0	43.763588	22.72576	5.0	18.771455	19.108132	4.0	0.099902	0.42468500000000003	2.0	76.069521	0.933787	1.0	61.029945	9.907731	4.0	70.976321
7775.0	2.0	1.2118010000000001	25.230176999999998	84.266081	46.780409999999996	0.42539099999999996	0.9638620000000001	0.43929700000000005	0.403982	2.448969	4.0	9.157404	4.9627300000000005	4.0	0.015638	2.897524	5.0	78.101034	0.549099	6.0	77.634043	9.062566	3.0	68.941285	4.162725	1.0	14.080956	7.625858999999999	3.0	0.030432999999999998	0.508971	4.0	53.245548	4.529387	3.0	61.457967000000004	12.8566	6.0	44.380621000000005
7785.0	2.0	50.942244	6.1651050000000005	72.543267	21.401303	0.957946	0.764648	0.33049	0.767284	10.631948	1.0	53.062762	18.423119	6.0	0.013591999999999998	2.553619	1.0	32.662487	0.433759	2.0	8.341747999999999	21.543732000000002	4.0	8.499122999999999	14.489813	4.0	12.98709	14.496260999999999	4.0	0.012165	3.7118339999999996	2.0	80.214987	0.196597	6.0	3.136878	3.488793	5.0	33.451186
7816.0	2.0	68.592476	13.599198999999999	90.834125	74.32965899999999	0.476278	0.8695350000000001	0.5280189999999999	0.600152	16.939292000000002	2.0	71.423214	4.989457	6.0	0.017851	2.120039	4.0	80.664964	2.367746	1.0	57.002249	19.83087	1.0	39.211946999999995	2.663969	5.0	68.96663199999999	20.972920000000002	2.0	0.087502	2.9442909999999998	1.0	36.875036	0.098633	2.0	97.00386800000001	18.918014000000003	4.0	58.499655000000004
7970.0	2.0	11.101185000000001	10.006029	60.73145600000001	96.486914	0.288596	0.5236930000000001	0.960443	0.878508	21.695917	4.0	27.511276000000002	8.95246	2.0	0.01115	4.826944	4.0	1.376017	3.1153009999999997	3.0	12.588002000000001	20.725537	3.0	10.850067	5.510445	3.0	19.460296	0.8122050000000001	1.0	0.010259	0.9887299999999999	2.0	25.839958	3.577033	6.0	24.308765	16.283712	2.0	81.326062
8011.0	2.0	51.858127	1.479434	57.649908999999994	31.522014000000002	0.21956599999999998	0.23972600000000002	0.7826390000000001	0.63355	23.690910000000002	2.0	35.974739	15.350579000000002	1.0	0.036824	4.542108	2.0	22.218573000000003	1.9867990000000002	5.0	6.027198	16.554693	3.0	20.961651999999997	12.076504	4.0	19.491405	11.452706	2.0	0.026005	0.181534	5.0	44.891068	2.929009	1.0	30.264709999999997	13.678873999999999	3.0	21.489689000000002
8258.0	2.0	35.320640999999995	6.924247	25.837905	85.247654	0.286558	0.778812	0.11471700000000001	0.9504520000000001	20.943784	2.0	25.422586	10.744057000000002	2.0	0.012179	5.644823000000001	1.0	48.135915999999995	4.057874	2.0	71.292513	11.694149000000001	4.0	47.787146	24.83067	1.0	61.848932999999995	14.812145999999998	5.0	0.012278	4.656057	1.0	94.253858	0.087074	6.0	63.695935999999996	24.860651	3.0	21.634966
8353.0	2.0	39.402794	10.062279	61.94300500000001	66.041103	0.640568	0.892978	0.606359	0.3793	1.071731	1.0	67.897203	10.91164	2.0	0.019946000000000002	1.53678	4.0	97.03814399999999	4.962103	2.0	60.00116	8.520695	5.0	99.95065100000001	15.952504000000001	6.0	8.314042	22.956464999999998	6.0	0.013244	0.7407020000000001	4.0	28.474498999999998	5.234915	2.0	75.286715	12.810675	5.0	85.624454
8356.0	2.0	79.823389	5.145948000000001	99.54175	68.512411	0.938749	0.8972049999999999	0.626556	0.339424	4.658517	2.0	96.948923	23.040492999999998	3.0	0.012481	2.641366	1.0	70.259665	4.8863010000000004	5.0	47.011649	19.714748	5.0	63.782268	14.847651999999998	2.0	68.123953	19.150436	4.0	0.021421	0.920472	1.0	40.140639	4.034477	5.0	12.648963	12.241529	6.0	94.80954399999999
9063.0	2.0	8.485369	8.142623	36.633716	23.756702999999998	0.11936400000000001	0.6353270000000001	0.15096199999999999	0.988592	16.592782	2.0	22.163317000000003	14.473112	2.0	0.030331999999999998	1.756364	1.0	10.070542	1.666549	1.0	13.178932999999999	8.023694	5.0	14.247363	23.492679000000003	4.0	35.293659999999996	3.231661	2.0	0.164668	2.852507	1.0	1.213277	5.560916000000001	1.0	81.002452	4.377942	5.0	93.731022
9264.0	2.0	48.32996	9.234032000000001	69.466468	44.699373	0.374371	0.808128	0.141183	0.392823	17.457285	6.0	95.128199	20.212029	6.0	0.056101	1.324666	1.0	99.284458	3.963571	4.0	39.44747	5.671942	6.0	51.638188	15.423395999999999	2.0	10.193002	15.210370999999999	3.0	0.012978	2.579592	3.0	30.030091	5.806565	1.0	93.437698	16.073624	3.0	69.227855
9612.0	2.0	64.30014399999999	2.35465	47.601636	35.208047	0.163665	0.25403200000000004	0.849504	0.739803	1.984788	4.0	25.604975	13.702051	2.0	0.010262	2.762099	2.0	53.546656999999996	4.77874	4.0	22.781462	15.609051000000001	1.0	38.082316999999996	21.70421	2.0	24.224118	13.027027	5.0	0.026677999999999997	1.6625740000000002	4.0	2.156167	4.651991000000001	1.0	48.223595	8.241507	2.0	79.77687
9846.0	2.0	32.258176	6.465108	58.520396	60.620603	0.443445	0.581924	0.391865	0.493929	12.547096	3.0	64.826751	18.574479	2.0	0.056357000000000004	2.910531	2.0	79.297785	4.939476	2.0	19.242786	9.016765	6.0	47.277516	20.959044	5.0	26.274601	4.826206	2.0	0.020541	3.6577949999999997	1.0	29.121017	2.803197	4.0	51.733686	16.542095	5.0	52.78520699999999
9885.0	2.0	5.237351	94.627964	51.812726	99.117518	0.936838	0.587672	0.254292	0.987592	8.882836	6.0	89.749377	11.791938	4.0	0.055064999999999996	3.002079	2.0	27.935414	6.192219000000001	1.0	66.35259	13.650713	2.0	54.563355	20.447362	2.0	37.716482	22.645423	5.0	0.014253	1.6180510000000001	1.0	95.49095600000001	4.596561	4.0	79.816599	20.712355	3.0	65.407859
9922.0	2.0	58.926542000000005	5.947	78.857158	11.61393	0.239695	0.6678310000000001	0.435274	0.365797	19.207256	3.0	26.043119	22.062403	6.0	0.015165999999999999	3.338088	1.0	29.788783000000002	2.900195	6.0	61.942659	17.093712	4.0	14.708620000000002	6.7612570000000005	6.0	82.408272	7.266074000000001	3.0	0.033426	0.8260799999999999	2.0	21.703519	3.560746	4.0	35.399475	25.450085	3.0	7.037574
