107	4	-8.205884	1.078223	6.290290	4.734396	-7.483705	1.078304	-0.258057	0.108986	3.695073	6.545105	4.168777	4.638077	4.466032	6.631963	-2.398442	0.061698
121	4	-5.226878	1.255951	5.702656	6.847594	-4.025091	1.259773	1.496395	3.558528	4.898830	6.528604	-1.023248	3.556814	-0.023042	6.527433	-1.018448	3.556814
134	4	-1.646499	4.771464	-0.321118	1.168705	-3.538871	4.771452	4.871811	6.927833	7.129247	6.475821	-1.069302	1.149501	5.236730	6.475821	4.123583	6.926838
143	4	-7.817712	0.888507	6.716942	6.464846	5.938278	6.338238	0.225622	0.272469	5.006420	6.338238	4.981553	6.219013	-6.767659	0.888507	1.961025	1.012679
147	4	0.035909	7.739127	-5.415766	1.362856	6.443465	7.739128	-5.415766	1.362856	-12.009018	1.220423	5.270675	6.770666	-6.407914	1.220796	-0.960183	1.365260
153	4	6.433691	6.460015	-0.788827	1.770793	5.783257	6.414469	3.982339	6.372027	-4.584916	0.853563	1.584779	3.524656	-5.273645	0.614952	6.368076	6.879282
175	4	-8.617935	2.833720	5.758327	8.121627	5.593874	6.113248	-0.824155	2.616994	-6.423454	2.833720	0.080083	2.670565	3.307672	6.095063	4.862651	8.065956
190	4	5.042415	6.007214	-0.838096	-0.057686	-5.333119	0.776142	0.108640	-0.057670	-6.467070	0.634072	6.153823	6.080755	3.889026	5.755962	5.320267	6.077565
213	4	4.511332	5.926768	5.727540	5.651185	-9.021754	0.293361	6.727372	5.823859	-7.593446	0.293446	0.600568	2.741952	5.568636	5.967047	-0.404945	2.006587
236	4	-2.043581	-0.276136	1.728916	0.953646	4.476083	5.914342	4.174146	3.983482	-2.414068	-0.276189	5.614041	4.032143	4.827301	5.914562	0.280696	0.604409
378	4	-5.205354	-0.690364	-2.230394	1.764984	-6.378639	-0.690364	4.216166	6.162858	2.868901	5.804044	3.270575	6.144055	4.016008	5.805182	-3.261098	1.021317
439	4	-4.733765	-0.120650	0.889872	0.557281	0.153240	-0.055920	6.838044	6.717838	6.447593	6.229783	-4.581769	0.412159	1.664223	3.016625	0.889649	0.557196
447	4	-8.383271	1.657458	6.542155	6.239530	3.621993	6.290100	5.279142	6.235887	-6.238264	1.657458	0.460513	0.442808	5.864414	6.293631	-0.805836	0.441140
450	4	-5.299201	-0.757889	7.155888	5.304584	8.174513	5.792629	1.363166	0.128004	5.864927	5.792536	6.764971	5.304581	0.184224	-0.489453	1.754225	0.438441
478	4	6.134046	3.836074	4.619226	6.148796	6.630253	3.836074	1.397244	0.338080	-2.640749	-2.794483	1.449267	0.339434	-3.139449	-2.799445	4.668663	6.154467
480	4	4.858480	6.185292	3.195671	6.416864	-1.494546	5.397131	3.195804	6.416888	-0.658029	5.887275	-0.688784	4.879035	5.523967	6.185388	-0.688796	4.879035
513	4	6.089952	5.909404	-0.230723	-2.042864	-1.822832	2.872480	1.025847	-2.028794	-1.836403	2.872447	6.244157	4.561912	6.077165	5.909404	4.983031	4.546861
555	4	5.893260	7.349848	2.626650	2.916890	-4.303200	5.120375	6.395769	6.013530	0.581437	7.340406	5.110667	6.000788	4.895427	7.349848	5.103596	6.000529
668	4	1.662994	0.678055	0.115801	1.420121	-4.347238	-0.988103	0.115849	1.420158	-4.407597	-0.988103	3.226746	3.495591	3.792747	5.219475	-2.906547	-0.454152
708	4	6.786449	6.798839	4.907024	5.383689	7.290130	6.798839	-1.582614	0.163049	-3.705114	0.885855	6.377669	5.399974	-3.153231	1.547250	-0.112434	0.163174
786	4	9.302853	7.624303	-1.902985	-1.432802	-4.942056	2.256386	5.772870	4.905779	7.757463	7.624292	3.146735	4.769329	-3.209505	2.257241	0.546319	-0.770846
859	4	5.721851	6.396115	0.184124	-0.492489	-7.951718	1.686775	7.877675	5.428951	-6.744408	1.686776	1.740018	-0.412093	4.516794	6.375503	6.364204	5.425083
970	4	-2.099083	-1.031479	4.957280	5.362990	4.837684	1.709430	1.347708	0.777889	-0.681450	0.026193	1.493180	1.009856	3.384603	1.587292	4.789913	5.348419
1034	4	6.853521	6.525456	-2.483384	0.078980	-5.343080	1.578684	6.518737	6.102421	3.997320	6.401910	4.429166	6.100963	-2.254506	3.545788	-0.036901	0.411435
1041	4	6.751349	5.298176	-3.654629	-1.138058	0.741912	3.567406	-0.803671	-1.138053	-3.102107	-0.394377	1.311979	-1.130842	-3.270855	-0.424709	7.300661	5.335292
1047	4	-3.348901	4.568731	8.229375	6.142041	5.187174	7.255691	-1.856812	-0.349240	-2.153356	4.569302	1.905669	-0.134223	0.934424	6.939263	-1.792908	-0.349238
1053	4	6.195266	5.849348	-1.280191	-0.603311	5.796874	5.849348	4.765333	5.426737	-4.439264	-0.360183	7.245250	5.488434	-3.994447	-0.360180	1.190591	-0.602548
1075	4	6.539748	7.946241	-0.440458	0.443333	-4.041819	1.504284	1.471125	0.507093	4.607946	7.893266	5.184156	6.643042	-6.031711	1.486461	7.074407	6.721562
1142	4	-5.879757	0.827144	6.588159	6.027268	-4.296057	0.827144	2.001196	0.035257	5.606748	5.442972	5.817476	6.021024	7.182877	5.442975	1.228235	-0.443332
1187	4	4.599613	7.414528	-2.319343	2.367251	-6.647898	3.166825	4.411617	5.809646	2.888114	7.345874	2.039367	5.780398	-5.252316	3.171720	0.173897	3.077210
1257	4	-4.926837	2.379044	8.906856	6.224193	5.374344	6.881184	-0.285491	3.304555	-3.401966	2.385207	2.912000	3.500552	3.855701	6.879400	5.735982	6.223755
1273	4	6.640079	7.553109	-0.969237	2.628121	-7.662519	2.952585	5.325183	4.709224	-6.421060	2.952928	0.945273	2.642826	5.775130	7.549584	3.338494	4.347585
1301	4	-2.907139	0.244012	7.692751	7.219884	-1.533656	0.249270	1.296944	2.183284	2.965828	4.240869	2.788313	7.023949	4.560247	4.771392	-3.584534	1.361813
1333	4	7.027581	6.896353	-3.347715	0.085767	-8.080852	0.285790	5.024121	6.353445	2.996269	6.896341	2.059151	6.202412	-4.095054	0.332768	-0.382808	0.278697
1349	4	-8.248648	0.726104	6.861174	6.410010	6.062625	6.284337	2.670551	3.803588	-4.210974	0.726109	0.754333	1.071440	6.108269	6.284338	-3.509486	0.069416
1397	4	6.600876	7.149897	0.394919	1.174036	-6.088743	0.571177	6.531507	6.644431	-4.292853	0.600695	2.081401	1.186393	5.139953	7.139055	4.848932	6.575090
1430	4	4.476930	7.638446	6.620563	5.135034	-6.186421	1.299012	2.693305	0.583478	-8.226910	1.299005	7.256824	5.135705	6.516663	7.643887	2.055176	-0.771474
1469	4	6.461706	6.913856	-1.961770	0.544413	0.867278	6.281418	5.896200	6.700395	-10.199473	0.745281	7.676360	6.757424	-4.496315	0.848651	1.384722	2.541200
1583	4	-1.542374	4.653768	-1.313326	1.418624	4.968620	7.328285	-4.608491	1.418603	-11.483762	1.543789	5.089456	7.081990	-7.403411	1.735460	1.512365	1.469568
1610	4	4.275033	4.895592	4.256302	6.833262	-3.856899	-0.101494	-0.199628	2.716443	5.449255	4.895604	-2.023259	2.716442	-5.306147	-0.101494	6.094151	7.291001
1643	4	5.233543	3.842357	0.406243	1.966490	-3.648568	-2.001398	6.531911	4.588168	-3.400793	-2.001335	0.778319	2.171025	5.072225	3.842337	6.206925	4.545241
1663	4	-0.491959	7.082697	-4.724112	0.690274	-8.422065	2.131866	4.907782	5.949594	3.713751	7.083700	-4.725180	0.690273	-6.170954	2.132037	-0.211811	0.845184
1695	4	-6.338242	-0.354040	7.029090	4.971875	-5.359241	-0.354039	2.040480	-0.358456	3.520838	5.901242	4.594647	4.875763	4.254847	5.904262	-0.347683	-1.276324
1713	4	6.294668	6.022793	1.423088	0.809296	-5.036474	0.556991	6.896291	7.279637	-2.456503	1.690528	2.168459	1.274914	3.473644	5.535926	6.465837	7.278307
1740	4	-5.940001	0.665265	7.513390	4.698552	6.226709	6.133650	6.556772	4.690332	-4.681562	0.665265	2.142079	0.302217	7.467116	6.133682	1.092533	-0.146706
1744	4	6.015097	1.179990	1.288420	0.693721	-3.633461	-4.310680	1.288511	0.693751	-4.767604	-4.310692	6.645820	6.171084	4.876489	1.179605	6.645725	6.171083
1780	4	-8.553993	-0.170927	-2.463817	-0.756043	-8.583520	-0.173243	2.354556	3.962811	2.510953	4.459072	-2.580678	-0.756606	2.495646	4.457003	2.230419	3.729594
1836	4	4.085747	5.936579	-3.393288	-3.934623	-6.085479	0.458855	-1.781829	-3.746058	-6.125187	0.458767	3.204880	2.529892	4.054541	5.934775	1.487749	2.432434
1867	4	-1.955078	0.199090	6.357903	3.284229	-1.901270	0.199146	2.173625	-3.015966	5.234903	6.261019	5.463147	3.275971	5.287412	6.261134	1.275431	-3.037166
1891	4	-5.970212	-0.156214	-1.052152	0.784300	5.578244	5.292904	-1.781680	0.784203	-10.299491	-0.156214	4.697788	6.731093	4.409110	5.290951	3.926449	5.982729
1908	4	7.923383	5.605875	1.192255	-1.181723	-2.565569	-0.099868	6.285909	4.709076	7.507669	5.605875	5.306667	4.628409	-2.135891	-0.099017	1.929240	-0.504450
1927	4	-5.388789	1.512873	2.181045	3.680955	7.367795	7.005740	-1.042503	0.766098	-0.950038	5.887374	4.895729	5.985606	-5.396322	1.511730	6.593285	5.989015
1943	4	-6.310754	-0.155064	3.422209	6.420794	4.753051	6.046558	-4.623217	0.085370	-2.522801	-0.155059	-3.093100	0.085510	4.467344	6.046000	1.879303	5.569306
1985	4	-4.306905	-1.520796	-1.997094	1.958001	5.400452	4.979003	-2.061221	1.859898	-5.592839	-1.613255	3.336300	6.141807	4.086328	4.966363	3.271292	6.140042
2039	4	-5.286169	0.364582	7.759193	5.396448	5.594077	6.414143	5.988172	5.396433	-5.115613	0.364582	2.094499	1.388731	5.764692	6.414266	0.321843	1.188978
2102	4	-1.465042	-0.199563	1.501741	1.174642	3.716960	5.160209	5.744839	7.312352	-3.614292	-0.200355	7.424020	7.314636	5.866329	5.160254	-0.177493	1.173290
2118	4	4.192118	4.991159	-3.477177	0.655926	2.520224	3.994457	4.408554	5.810728	-3.576183	-1.079659	4.719931	5.811162	-2.990429	-1.079659	-1.461706	0.655929
2216	4	3.333518	6.457507	5.412560	6.366108	-4.629272	0.215071	7.085658	6.404076	6.035451	6.639108	-1.314976	1.583545	-1.959008	0.685259	0.747215	1.664205
2223	4	-5.033818	-2.116775	2.739974	1.836973	-6.866343	-2.116775	6.136913	6.385384	4.994019	3.844585	2.266597	1.650765	3.176095	3.831341	5.687739	6.379421
2229	4	-7.115099	-0.807805	0.451997	0.426003	-8.773941	-0.807805	6.848248	6.718236	4.943804	5.835243	-0.209062	0.425926	3.217013	5.724650	6.301949	6.718190
2257	4	-0.279110	7.105907	-3.456932	1.359227	-6.628203	3.831123	5.936280	6.511655	5.857154	7.144178	-3.535378	1.317139	-3.491400	3.888011	-0.262446	3.671611
2259	4	-6.198376	1.968166	6.712350	6.998386	-0.451242	6.046446	2.894086	6.062336	0.596319	6.057063	-3.028482	1.791976	4.947945	6.058425	2.818777	5.953237
2278	4	-3.195114	3.828681	8.210429	5.633670	0.232448	6.035692	-1.968705	0.734084	6.334935	7.782015	-2.705059	0.734084	-2.057130	3.840281	2.077215	1.144590
2360	4	-6.583681	0.779691	6.625151	5.496431	-4.938883	0.779691	1.609577	-0.566192	6.945080	6.787156	0.733435	-0.923233	5.302359	6.787135	5.747902	5.492732
2398	4	4.279796	3.730149	0.105292	-0.665211	4.183725	3.730149	5.454934	5.582040	-2.479484	-1.814884	5.482036	5.583414	-2.293858	-1.814656	0.130909	-0.664995
2406	4	-5.494050	1.016045	5.305103	7.520961	2.964113	6.432373	3.630200	7.106045	5.390173	6.432670	-0.263445	4.768709	-2.492496	1.016085	1.440888	4.778702
2411	4	7.161148	5.519517	-1.004699	2.395780	-9.237867	0.835411	4.926484	8.346397	-3.294753	0.836213	0.537940	2.395815	1.258977	3.552935	4.393082	8.041703
2486	4	-2.398539	4.448125	4.649343	6.574825	-0.695633	4.477574	-1.611111	2.649783	4.811336	5.065092	4.309517	6.419594	6.360400	5.069964	-1.944477	2.649593
2501	4	-7.723810	0.723469	5.472377	6.501905	3.706876	6.117256	3.886992	5.413003	4.675945	6.117257	1.155801	0.991007	-0.611799	6.055260	1.436158	1.126329
2569	4	3.758900	5.672235	7.041757	6.969803	-8.602907	-0.020109	7.686767	6.969846	-4.678961	-0.020018	2.935543	1.923334	7.708446	5.699674	2.244328	0.686595
2589	4	9.297418	5.811150	3.856680	8.314789	9.393756	5.811150	-0.533424	3.027057	-3.099741	0.070619	5.899511	9.411235	-3.000931	0.070843	1.510800	3.170983
2664	4	-4.192822	3.567631	0.462573	0.074833	-5.243718	3.567626	6.214778	5.830171	3.953817	6.996858	5.639193	5.829850	4.713792	6.997354	-0.113028	0.074708
2734	4	4.666442	6.735370	3.586222	7.078714	6.412713	6.808606	-3.231411	3.664455	-6.313050	0.375891	6.889269	7.109855	-4.515170	0.381671	0.364689	3.665355
2791	4	-4.586562	1.300016	5.385064	6.224935	-3.664463	1.559759	-0.045910	0.748647	5.719843	7.779454	-2.461503	0.557209	4.854752	7.777072	2.873145	6.081602
2801	4	6.219127	6.175893	4.609100	6.230660	-6.061198	0.225748	6.924584	6.635472	-4.843676	0.295350	0.929308	1.509433	7.254703	6.176130	-1.420568	0.260415
2803	4	-4.228690	0.970068	0.530028	1.394640	-9.016585	0.940206	5.745393	7.578464	7.233692	5.957134	-2.950372	1.014259	5.080069	5.952201	2.228657	6.697332
2812	4	-5.848849	0.479520	4.426428	6.810792	-0.276418	1.536153	-0.465026	2.091521	2.361282	6.396874	3.418808	6.413884	5.266913	6.405111	-1.449560	2.091374
2859	4	-7.467478	-0.353204	5.242906	6.621043	-1.626001	4.575104	4.858147	6.620972	7.176545	5.529982	-0.266850	0.763432	-4.315399	-0.304249	0.419488	0.976139
2899	4	-2.054380	3.507249	5.837125	7.646280	6.920154	6.728591	-1.415814	1.737226	3.130355	6.410286	4.442808	7.625166	-7.058935	1.071042	6.181572	7.646560
2922	4	8.321178	6.357362	0.072818	-0.471185	-2.609559	3.412872	1.346111	3.118843	5.235787	6.357362	3.612423	5.215199	-5.713494	3.412804	4.800834	5.224064
2934	4	-6.460949	-2.963889	5.278643	6.149385	4.842093	3.475907	5.186249	6.119018	6.595361	3.475907	1.087682	1.133598	-4.560259	-2.963889	1.176393	1.240412
2938	4	-6.911908	1.470620	2.302328	0.157733	-8.248895	1.470618	8.006561	5.469372	5.439379	6.749106	0.031585	0.140365	4.081030	6.745633	5.741508	5.466580
2954	4	5.179928	5.563867	5.726433	5.570945	-6.923235	-0.799718	5.949138	5.570963	5.272177	5.563867	1.010102	-0.446309	-6.830981	-0.799718	1.232779	-0.425846
2957	4	-1.365279	-1.324955	1.710649	-0.455419	3.377332	5.194688	1.595224	-0.481283	3.002467	5.192733	4.459175	5.368375	-1.670708	-1.337098	4.560649	5.374715
2960	4	-2.237690	-0.834271	7.150864	7.561101	3.396065	5.513394	4.002784	6.482888	4.219499	5.513394	-1.045360	3.956090	-0.778121	2.735819	2.048667	3.959625
2992	4	6.607615	6.153380	-1.355732	0.131593	-5.474914	0.557586	7.106545	6.464733	-3.410040	0.557984	1.303164	0.137036	4.671594	6.153335	4.436993	6.400601
3060	4	6.136131	5.669541	-1.011037	2.334236	-4.023704	0.536315	-0.774923	2.396228	4.414056	5.520434	4.837012	7.413876	-5.773291	-0.287470	4.997284	7.438412
3062	4	6.754102	4.706058	-0.440938	0.866980	4.932655	4.702788	5.253782	7.296872	-6.552538	-1.387967	5.810318	7.317976	-4.576978	-1.387862	0.117439	0.954778
3066	4	-9.424115	1.683900	3.562434	7.240847	6.047341	6.190072	-3.357158	1.110602	3.017029	6.087520	2.508343	7.131819	-6.411324	1.684728	-2.029588	1.114553
3096	4	-5.723021	0.768612	0.849097	1.968222	6.835121	6.665015	-0.317784	0.885798	-8.786015	0.768612	5.430961	6.641497	5.276818	6.665014	4.254091	6.306218
3098	4	5.093371	5.759451	-1.477856	-0.869840	-5.764223	0.004083	5.730819	5.575226	-3.535284	0.004088	-0.690569	-0.741550	3.148631	5.757803	4.943055	5.356752
3126	4	5.127098	7.958937	-5.650360	1.946333	-8.611986	2.042339	4.296956	8.287343	0.112096	2.046060	-2.180338	1.947730	-6.158474	2.042339	-2.180338	1.947730
3167	4	5.329663	7.045616	4.745646	5.839467	-5.493052	2.666445	6.472454	5.843877	6.503576	7.045625	0.925363	0.121287	0.507667	2.886202	6.442987	5.843877
3173	4	-7.857103	1.169873	6.136931	5.358675	3.193929	5.833391	5.645249	5.358675	-4.521518	1.169873	0.196532	-0.907013	6.534932	5.833434	-0.295199	-1.163873
3225	4	-12.285838	-0.329367	7.215001	8.139456	-2.702543	4.163953	1.059614	1.960818	2.831151	6.040677	0.194882	1.848509	-8.888261	-0.321509	1.164616	2.000379
3228	4	-6.623389	1.891229	7.454875	7.760473	0.434214	6.280508	1.715149	3.872826	3.656598	6.288577	6.326305	7.760472	5.758407	6.288577	1.710624	3.870815
3300	4	-5.963211	1.988979	4.635700	5.145571	3.335278	6.033634	3.819149	5.052642	5.857006	6.070722	-0.326432	-1.022208	-3.407970	2.055262	0.561644	-0.881137
3347	4	0.019656	7.647787	-4.774210	-0.127855	4.835880	7.677531	-4.774272	-0.127855	-6.455415	1.476392	-0.441872	-0.127451	-6.719467	1.473414	3.878523	3.714357
3400	4	-5.933676	-2.800644	3.195110	2.832059	-7.525671	-2.800644	6.311914	6.719761	3.041911	3.547460	6.272468	6.719742	4.653618	3.564845	3.154237	2.736115
3402	4	-3.589836	1.959467	4.459538	6.125618	4.156139	7.230856	2.860972	6.124991	-2.480888	2.005879	-1.508464	-0.395369	5.216104	7.333186	-3.160667	-0.476159
3488	4	-5.751550	-0.454092	6.186067	6.331925	4.146969	4.734466	-0.616720	1.005622	1.845955	2.157719	-0.250355	1.009632	-3.372074	-0.454087	-0.177581	1.011035
3491	4	-6.365811	0.980282	5.364648	6.169212	-3.905642	0.980287	-1.207520	0.770527	3.171866	6.381299	4.348593	5.966809	5.261817	6.436509	-2.250109	0.770526
3548	4	0.769434	0.656064	0.788792	2.093981	-5.316211	0.077925	1.100720	2.441556	-11.538351	0.077925	7.712100	7.670187	7.509277	6.350328	-5.241135	1.059259
3558	4	3.977934	7.522263	3.539828	6.700237	8.037313	7.534062	-1.918745	0.602312	-6.057607	1.466368	5.695712	6.728484	-1.845375	3.218228	-0.003870	0.604278
3569	4	4.461493	5.898044	0.541253	0.223960	-9.621889	-0.634881	7.721392	5.852418	2.469609	5.875028	6.976631	5.835751	-9.380966	-0.634881	1.364695	1.020968
3576	4	-7.123541	1.908085	2.469628	0.380744	4.560369	6.527804	-3.600054	-0.525148	-1.031379	2.478378	2.465987	0.372373	-7.636427	1.908084	6.365739	5.832050
3584	4	-1.428171	2.233929	2.226938	1.427250	3.793332	7.684168	5.858048	7.371948	-5.701588	2.233925	7.569559	7.384248	8.062258	7.691494	0.438600	0.923475
3608	4	7.411019	7.862169	3.706779	6.057269	8.659067	7.862169	-1.525944	0.787830	-5.108161	1.366479	6.010558	6.226718	-3.760663	1.366481	0.740129	0.804092
3624	4	-5.642340	0.275583	5.541065	5.925721	-3.541671	0.275583	-0.264786	0.684925	5.516516	5.281910	-0.739755	-0.022528	3.378028	5.198625	5.136056	5.925082
3644	4	6.594367	7.581265	6.296251	6.031180	-3.500105	1.789070	7.065172	6.031185	8.570037	7.581268	0.802624	-0.123470	-1.449951	2.893324	1.571602	-0.056602
3651	4	-2.620970	-0.737842	6.617156	6.324744	3.783686	4.213399	6.519987	6.323921	-0.275148	-0.707699	1.014195	0.759121	4.766931	4.237539	0.909841	0.714776
3672	4	-4.913486	0.441160	8.837942	4.826564	6.803820	6.179254	-1.180085	0.084573	6.152281	6.179254	5.035371	4.824279	-4.284093	0.449155	2.678743	0.962944
3683	4	-1.809590	-0.997998	1.605751	0.921994	4.309446	5.148536	0.510705	0.912209	-3.591911	-1.018079	6.088706	6.438451	2.624307	5.148466	4.942972	6.355927
3828	4	-4.009785	-0.425204	0.193857	-2.599922	4.410743	3.226049	0.192900	-2.599922	-4.009976	-0.425206	4.445731	2.248620	4.410550	3.226044	4.444718	2.248583
3848	4	-4.960058	1.420653	6.803332	6.939172	5.044771	7.418757	4.980137	6.936118	-1.771533	1.668408	1.695932	0.811651	8.094175	7.455689	-0.155278	0.756545
3857	4	6.747180	6.070571	-0.353588	0.249723	-2.166267	-0.301624	0.921492	0.318399	6.583583	6.070571	5.165026	5.698569	-2.555848	-0.301625	6.537907	5.867359
3930	4	0.543240	2.521521	-1.210502	1.427666	5.650567	6.516850	-4.777402	1.415840	-7.930797	2.493534	5.289714	7.859926	-5.302967	2.493534	-1.208606	1.427759
3938	4	5.954464	7.349743	6.120066	6.290701	-5.286471	0.895080	7.876065	6.293739	6.088135	7.349743	0.888851	0.605832	-5.153689	0.895080	2.639520	1.897932
3961	4	4.107910	9.106023	3.275206	6.118232	5.515060	9.106239	-2.880656	2.000874	-5.314516	3.375644	5.517536	6.169490	-3.764121	3.375645	-0.659191	2.012458
4060	4	7.137560	3.680486	-2.347514	0.176968	-3.758637	-2.242574	3.889384	6.505364	-2.238136	-2.101965	-2.340383	0.177137	5.615411	3.668620	3.882540	6.505353
4062	4	2.404125	2.883321	0.605744	-1.210604	1.619042	2.509794	6.432771	4.618142	-3.869834	-1.499737	6.435472	4.618142	-3.385353	-1.187126	0.613339	-1.210599
4099	4	-8.803191	-0.680145	4.487711	9.248656	6.066744	5.937436	-1.835721	2.877642	-6.033693	-0.680137	0.182006	2.956523	4.228366	5.925080	2.427565	7.350885
4102	4	-3.154736	0.599592	6.712525	7.086175	7.572451	5.579766	-1.387349	1.631611	5.609088	5.579766	4.038420	7.058496	-1.177861	0.606866	1.288861	2.652881
4120	4	-9.373506	2.443154	5.270323	7.186104	3.884039	5.639107	3.356946	6.727945	-5.463530	2.443155	-1.141654	3.917062	6.550919	5.639311	-3.103169	2.817436
4176	4	6.079958	5.959556	-1.499046	1.257482	-5.567375	0.333612	-0.330259	1.257732	3.865325	5.620516	5.407291	6.586405	-7.911611	0.076847	5.985716	6.616795
4181	4	-4.642340	0.741036	-0.634989	-1.915383	-4.643282	0.741031	5.174958	3.532912	6.918629	6.654084	-1.861912	-2.353735	6.918226	6.654082	3.947159	3.286803
4204	4	9.118714	5.403702	1.119597	1.771201	3.085676	5.387299	6.387370	7.760454	-6.686782	0.529272	6.595012	7.760616	-0.649298	0.529892	1.338451	1.776627
4243	4	7.788768	6.642038	3.958034	5.869308	8.529613	6.642038	-1.834829	-0.110301	-0.045830	1.380788	-0.578564	-0.109631	-1.281588	1.373977	5.215570	5.870511
4283	4	1.611530	6.799456	3.320316	6.700688	5.779339	7.220032	-3.433158	0.186822	-8.592493	0.915325	4.653089	6.700703	-4.703288	0.915973	-1.833882	0.389823
4398	4	-4.349845	1.780600	1.352633	2.991004	7.093410	6.333870	-0.854348	-1.836099	-4.354173	1.780600	5.796786	4.705889	7.089100	6.333870	3.640014	4.704673
4403	4	6.999393	7.525001	-0.776668	1.868768	-3.386485	1.075748	7.128887	5.298616	6.862773	7.524984	4.861974	5.265037	-3.237244	1.076292	1.544232	1.922206
4408	4	-3.907599	1.176279	6.434964	5.394483	3.980644	4.469650	6.127951	5.393383	4.149272	4.489802	0.138108	2.271948	-3.782898	1.176284	0.480488	2.798081
4424	4	-4.567932	-2.565089	5.384873	6.134258	-3.164051	-2.565082	-1.110418	1.096027	4.447589	3.814167	5.384819	6.134245	5.672348	3.814249	-1.110471	1.096023
4451	4	6.110890	5.015907	2.191610	0.869375	-2.932556	-0.862362	2.441611	1.095349	-4.661184	-0.871687	6.011348	6.612817	4.377216	5.012895	5.762099	6.611344
4466	4	7.901607	6.375014	-0.479026	0.826808	4.798729	6.375014	5.207189	6.843186	-5.320352	1.387164	6.416625	6.869484	-2.217507	1.387510	0.730322	0.826849
4488	4	-4.601986	-0.165199	6.793089	5.916761	4.951596	5.639828	5.458301	5.916515	-4.007690	-0.165198	1.182113	0.594219	5.526538	5.640924	-0.152706	0.588182
4573	4	4.927919	5.506401	3.525395	7.343594	-5.418390	0.621431	5.809072	7.385672	7.177041	5.542793	-1.270953	0.962916	-3.216839	2.316688	1.168469	1.806386
4594	4	-8.991580	-0.784082	5.957294	6.261565	1.950693	4.277651	5.351136	6.261474	-6.287356	-0.784082	2.072966	1.863231	4.809495	4.308931	1.455452	1.321105
4605	4	-6.219244	3.072881	7.621589	7.224983	6.082211	7.100039	-1.803744	1.830462	3.332908	7.065295	4.393890	7.224291	-3.557994	3.072881	1.504390	2.414338
4655	4	7.108789	6.913992	-1.045279	1.616256	-5.752596	1.261873	5.179111	6.879053	3.904530	6.899450	3.669935	6.267823	-2.205276	1.282559	0.467204	1.726846
4681	4	5.213707	8.457961	4.096197	6.821306	6.487571	8.458074	-2.384941	1.403255	-3.000433	1.908098	0.231026	2.050666	-4.740486	1.908097	6.711292	6.854540
4685	4	5.109777	5.840400	0.377195	-0.959716	4.990403	5.840321	4.312354	4.944636	-1.288070	4.911991	1.509126	-0.868351	-1.502359	4.831246	5.522285	4.955546
4703	4	-5.104378	2.668671	0.253985	-2.168489	6.963585	8.484162	-2.476584	-2.172340	-5.104412	2.668671	4.177035	3.376627	0.543035	3.013028	0.207131	-2.168958
4743	4	0.566618	0.003851	-0.152901	-0.478849	-2.803473	-0.197379	-0.152901	-0.478849	4.180760	5.488189	-0.290162	-0.484067	-4.487253	-0.197379	3.807086	5.885813
4770	4	-3.543243	-3.278052	0.747412	0.946240	4.522850	3.251000	-0.253310	0.937302	-4.549485	-3.278053	5.804958	5.696433	3.610155	3.247878	4.814845	5.633220
4806	4	-1.329900	0.962762	7.199952	5.759248	4.993944	6.148075	-2.807581	-0.550612	3.891555	6.146548	3.365712	5.639065	0.015994	1.675791	1.014565	-0.221383
4867	4	-3.386994	-3.280356	0.222749	-1.265174	-3.756090	-3.328925	5.362330	4.446273	2.636362	2.658820	0.222709	-1.265174	2.144732	2.437746	5.362312	4.446273
4875	4	-4.989507	-1.503820	-0.126202	1.022185	5.957705	4.171693	-0.929610	-1.042053	-5.285671	-1.752838	5.826990	4.552522	5.656073	4.171672	5.020225	4.552512
4888	4	-3.184295	4.742132	2.208686	3.268783	-4.118556	4.742126	7.312710	5.262552	2.401802	6.615258	6.276547	5.262549	3.507799	6.735788	1.057513	-0.028227
4903	4	4.371985	5.470330	5.685204	7.605307	6.156095	5.470332	0.592430	1.790866	-3.540993	-0.164610	1.258438	1.864619	-5.489331	-0.164611	6.326921	7.610197
4932	4	3.451161	5.010207	5.121595	5.607761	6.757013	5.076854	-0.846368	2.290520	-7.726562	-0.324353	5.771302	5.609185	-4.343769	-0.300153	-0.172329	2.294030
4991	4	-3.793343	1.150406	-1.467191	0.213271	8.255253	5.799458	-1.687593	0.212683	5.616601	5.790214	4.612767	5.857956	-6.428386	1.139720	4.825445	5.932066
5067	4	-5.762842	-0.332010	0.038874	0.585332	6.139874	5.963374	-2.701994	0.582852	-9.396176	-0.332010	5.238816	5.766170	0.261958	-0.008149	0.010076	0.585052
5090	4	-3.478333	1.090218	-2.774852	0.060445	8.747608	6.860518	-5.567386	0.060445	-5.605450	1.090214	3.244034	5.585275	0.494779	1.316166	3.244033	5.585275
5282	4	-3.326805	1.248547	6.569059	6.027607	6.243416	6.670960	0.665195	0.098240	4.946148	6.655507	6.123625	6.026536	-2.030566	1.470109	1.113195	0.150780
5310	4	6.318717	5.834494	-0.524103	0.880870	-2.824642	0.749176	6.041518	6.090797	-1.996097	0.749262	0.304639	1.246753	5.663664	5.834492	5.172428	5.996596
5331	4	-6.818575	0.344246	0.784862	-0.124049	-8.307711	-0.227898	6.291775	5.956189	5.978196	5.550818	0.112470	-0.124332	4.470452	5.525123	5.637781	5.955462
5346	4	-6.786861	0.685219	5.712443	7.113534	1.684474	6.444346	4.342033	6.958203	2.648007	6.444346	-1.385351	4.172462	-5.807876	0.685787	-0.016112	4.172481
5367	4	6.838485	6.299166	-1.720450	1.500680	3.527225	6.019912	4.677193	6.764676	-5.076626	2.044790	6.227900	6.806706	-1.026286	3.843542	1.034316	1.501162
5393	4	-4.812254	-0.459262	5.367009	6.387983	6.549814	5.440548	0.458919	0.152571	4.403017	5.440491	5.027218	6.336504	-2.636571	-0.459209	0.798824	0.161328
5394	4	-8.030540	-0.145126	7.917948	6.319195	5.698599	5.975926	-0.333090	-0.139069	-5.197804	-0.145126	1.476612	-0.110256	2.820827	5.953770	6.123799	6.318575
5422	4	6.070256	4.870248	2.285340	2.907748	-5.240307	-1.023352	2.299714	2.938690	-8.608609	-1.560829	8.269063	6.872172	2.651323	4.159969	8.268313	6.872172
5437	4	-7.240562	3.295739	3.986723	6.690825	4.998149	6.716274	-3.978749	0.187387	-5.412789	3.295739	-2.329067	0.200528	3.107007	6.711616	2.338162	6.690773
5475	4	8.450796	5.727195	-1.849085	1.609270	-2.102453	2.947303	0.583854	2.302548	7.311380	5.727195	4.267544	6.222610	-3.279175	2.947303	6.693817	6.222757
5481	4	-0.133799	5.277470	2.282233	4.717824	5.411573	7.132588	2.047548	4.708757	5.800076	7.132610	-2.044312	-0.979819	-4.483719	0.538979	7.705596	4.727782
5606	4	3.465251	5.945814	6.664329	7.167016	-4.620163	-0.193794	1.288255	0.830667	-6.466100	-0.193794	7.435722	7.167027	5.313090	5.965497	0.491275	0.828186
5615	4	-4.525510	0.510214	6.263139	6.488760	-2.378485	0.510250	1.895574	-0.052091	7.086745	5.987241	1.038723	-0.148628	4.972898	5.987219	5.404150	6.479209
5625	4	-0.776543	0.141769	5.753077	5.830662	-4.280694	0.141439	1.170723	1.114660	5.789317	4.507497	1.048021	0.990404	0.372065	0.180030	1.170721	1.114658
5707	4	-0.014496	6.542823	4.655675	6.315381	6.270635	6.575570	-1.722325	-0.290417	4.026352	6.575570	4.611777	6.313354	-2.996090	1.492560	6.372553	6.327744
5747	4	5.324351	6.134450	-0.011218	-0.326464	-1.206922	3.791022	6.682989	5.727718	-0.811550	3.791096	1.860598	2.714034	4.962385	6.134351	4.718668	5.699086
5765	4	-3.356478	1.763067	0.303139	0.997319	2.527393	7.309581	4.994450	6.670893	7.501669	7.696523	-1.584474	0.738778	-8.332762	1.763067	6.589777	6.694808
5777	4	4.195878	5.515842	1.673686	1.731586	-9.525401	-0.149772	6.740409	6.138679	-7.826647	-0.149532	2.442612	2.762486	1.935477	5.100087	6.134916	6.138674
5857	4	-0.407973	0.813644	0.292674	1.896177	-6.128750	-0.578792	0.292675	1.896177	-9.969356	-0.579646	4.925043	6.804762	5.230592	5.981917	-0.652283	1.884061
5878	4	-3.189073	2.817294	0.088716	0.438334	-4.298561	2.817290	5.588268	6.277131	7.437673	5.996218	-2.117983	0.370597	6.327836	5.996207	3.380324	6.275159
5916	4	-3.954293	0.352184	1.911367	0.767629	-0.052627	2.612130	5.380664	5.634837	-5.295971	-0.353186	5.382376	5.634839	1.325193	3.005487	1.902536	0.764287
5960	4	-8.370030	-0.926740	6.756644	8.541127	2.751968	5.254351	6.080376	8.538740	-6.601418	-0.925667	0.230886	3.767149	4.820770	5.561066	-0.579555	3.694243
5989	4	-5.983510	-3.017960	5.336854	7.409549	6.153516	3.285566	5.310926	7.407017	-5.280272	-3.009973	1.199220	1.491521	6.836543	3.286562	1.173294	1.488931
6066	4	-5.775983	0.904614	6.264615	6.347166	3.607210	6.036668	0.812548	4.293795	3.593536	6.034184	5.495834	6.255962	-5.767219	0.904614	1.549209	4.380922
6068	4	5.099368	5.727729	5.700527	6.601260	-7.058916	0.795429	6.088263	6.601381	7.595688	5.738817	1.292670	1.078277	-4.575566	0.802964	1.689408	1.105860
6091	4	6.751572	5.585655	0.128719	3.327763	-9.906120	-0.722018	6.673039	7.784157	-4.067090	-0.722018	0.222852	3.327964	1.338914	0.232046	0.222852	3.327964
6119	4	-3.962987	-1.494373	-0.062291	-1.900199	-5.434567	-1.546737	5.142283	4.422651	3.512282	4.876708	5.129438	4.422629	4.984473	4.877236	-0.075097	-1.900408
6145	4	-9.342624	1.437478	5.695218	5.931674	-7.374402	1.437478	-0.138989	-0.455176	3.566888	6.972418	-0.190306	-0.455613	1.735827	6.972405	5.643737	5.930927
6200	4	6.989967	6.461449	-0.379240	1.066997	-5.093391	0.059941	0.647805	1.079881	3.220889	6.460130	6.198008	7.642919	-8.836270	0.055900	7.223989	7.642921
6275	4	5.177450	5.201419	6.636211	3.590876	-5.308458	-0.766604	6.768534	3.591102	-5.288498	-0.766603	1.180161	-0.529003	5.195946	5.201421	1.046295	-0.532660
6294	4	6.596180	6.092192	0.739015	3.223042	-2.452268	3.032555	1.742714	3.785027	-4.574844	3.031894	6.877715	6.702585	4.420466	6.092085	5.889463	6.702584
6303	4	-3.066441	-0.330717	-1.372594	0.736780	-5.947432	-0.404145	4.934328	7.110917	8.858896	5.569331	-2.459735	0.725537	5.979084	5.563546	3.848844	7.110912
6317	4	5.569529	8.808191	-2.154630	1.267219	-5.865032	3.087830	-0.577193	1.267297	-8.226220	3.087813	5.466589	7.108637	3.749988	8.808175	3.730802	6.694955
6323	4	6.181363	5.794806	0.050685	0.886895	-9.830489	-0.506743	6.732694	5.698736	-6.624715	-0.505912	1.217099	0.890450	2.930817	5.496556	5.720196	5.696310
6339	4	4.648007	5.589927	4.932183	6.602688	5.499032	5.589927	-0.328301	3.668625	-0.974165	5.584989	4.934852	6.603263	-0.045420	5.589550	-0.328108	3.668766
6395	4	-6.158138	4.099025	7.067832	5.846718	5.931757	6.613524	2.600679	3.426436	0.087568	5.179962	0.549602	-0.247353	7.902466	6.664800	-3.068836	-0.319107
6409	4	6.995028	6.193376	-0.972435	0.030976	-5.299914	0.203985	0.350395	0.032518	-9.494714	-0.348464	5.416465	6.621792	2.867995	5.516285	4.743540	6.594261
6438	4	6.440436	7.221188	0.547353	2.196582	4.625585	7.221188	5.535067	7.162798	-1.861956	0.992897	2.266606	2.414028	-3.803587	0.991919	7.258947	7.192589
6447	4	-3.126941	2.356895	1.316237	0.648116	-4.090815	2.356894	7.096849	5.708585	2.699645	3.843242	6.870221	5.708585	4.127209	4.273055	0.951973	0.215891
6461	4	-6.825295	0.572815	4.196382	6.262094	-5.635274	0.574563	-1.396423	1.419950	3.331118	6.332810	2.225826	6.225433	4.557796	6.507245	-3.422278	1.419521
6530	4	5.361224	6.967762	2.250835	6.377847	6.390156	7.003991	-4.200666	0.632078	0.760243	5.956369	-3.098721	0.746307	-0.524662	5.286514	3.701620	6.806132
6549	4	8.781860	7.892906	-2.922356	1.208843	-1.139272	2.730646	-0.509436	3.766745	-4.102340	2.730637	3.943811	5.948580	5.886837	7.892904	1.515588	5.943295
6565	4	7.305141	6.449671	-2.756513	1.508940	-4.591255	-0.104696	-1.310788	1.508944	5.519436	6.449068	3.792083	6.965530	-6.799512	-0.104923	5.245083	7.536478
6566	4	4.479430	4.105093	7.704688	3.000620	-5.878346	-2.094821	7.714020	3.000620	-5.877891	-2.094819	1.594586	-3.067045	4.479927	4.105113	1.585202	-3.069320
6577	4	-0.081565	8.858529	-2.124998	1.961886	-3.486083	5.109826	0.436861	1.962051	5.918868	9.300336	-2.471322	1.961886	-8.284849	5.109343	5.985258	7.912330
6586	4	3.392832	6.313142	5.811961	6.308713	6.727542	6.381113	0.100692	-0.274748	-5.135345	-0.123875	8.240259	6.309621	-1.844688	-0.123840	2.679509	0.133610
6588	4	6.524344	5.897930	4.884713	5.716597	-3.416879	1.658005	0.055319	1.449114	7.669351	5.897941	-0.654874	0.889203	-4.566121	1.655223	5.586202	5.718634
6597	4	4.788681	4.939137	5.363773	7.132415	-4.892981	-1.339039	1.129168	0.575554	-7.337957	-1.339039	6.647151	7.135460	7.231048	4.939249	-0.154143	0.574150
6600	4	-5.231325	-1.311798	1.041608	2.524841	3.441858	4.620237	1.035483	2.521359	-5.339983	-1.311798	6.237081	4.697245	3.157885	4.568319	6.232038	4.696546
6746	4	-8.167749	0.995995	5.115514	7.130335	3.447032	6.766339	4.373335	7.121057	-2.073367	1.008389	-0.749289	1.311879	7.790974	6.860382	-1.510500	1.311676
6838	4	-6.350793	-1.329775	7.819402	6.108326	8.038967	5.001576	1.353608	1.394678	4.170188	4.995462	7.707114	6.108325	-2.528309	-1.329773	1.467280	1.546343
6898	4	-5.003172	0.536293	5.656907	4.768918	-4.829500	0.536293	-0.386673	0.833846	5.016969	6.361369	-2.241484	-0.508543	4.877172	6.361368	3.947499	4.702268
6986	4	-7.125795	0.665284	8.076154	8.801271	-4.643698	0.671705	1.483240	3.235717	6.675741	6.288112	-0.224305	2.704806	4.112745	6.213271	6.419821	8.801032
7046	4	7.439793	5.164074	0.219317	0.747227	-0.517182	1.569272	0.249069	0.749533	6.321596	5.163902	4.606721	5.496785	-1.833864	1.498009	4.686214	5.520866
7055	4	-1.048191	-0.106249	0.466095	-1.359195	4.713459	6.007042	-0.366443	-1.363722	-4.334257	-0.124060	4.998243	4.680180	3.952592	6.007035	4.158485	4.674282
7060	4	5.998916	5.035635	1.329993	0.537685	-4.016303	1.666771	6.789372	6.247908	-2.360970	1.666803	1.509718	0.857177	4.293098	5.030427	6.611487	6.247876
7246	4	-4.375361	-1.174729	4.272651	7.431759	6.998610	5.149201	-1.793409	3.042418	-2.435436	-1.174728	-1.490030	3.042418	5.072892	5.149198	3.966380	7.042057
7260	4	-1.326036	2.144717	6.708548	4.965847	5.495940	6.151745	4.250936	4.963985	-0.973202	2.144924	1.137418	-0.874212	5.761976	6.151756	-1.328346	-1.029452
7301	4	-0.512764	0.911919	-1.176906	-1.095178	5.469018	4.192796	-1.183904	-1.095178	5.324722	4.192768	5.083948	4.816063	-0.874294	0.379241	5.090961	4.816143
7313	4	-3.960313	6.486809	4.812526	6.586852	-0.992530	7.133601	0.269519	2.243529	5.619286	7.693846	0.256150	2.243529	2.727391	7.634351	4.673621	6.561981
7337	4	4.077764	3.815879	7.384375	7.167871	-7.479633	-2.749083	7.385566	7.167871	-3.991514	-2.749017	2.692050	3.751655	7.497409	3.816439	2.689806	3.748462
7338	4	-3.468252	0.796137	5.306983	6.267955	-2.268920	0.796629	-0.779646	2.759562	6.905264	6.090310	3.118851	5.515851	7.123552	6.090310	-2.658912	1.579540
7342	4	6.619630	4.121103	2.603936	0.802222	-3.139745	0.805951	6.840925	5.436571	4.231263	4.119682	6.718990	5.436556	-0.630832	0.822285	2.728999	0.834658
7380	4	4.892203	5.113464	4.771445	8.026872	7.579373	5.113513	0.704142	1.586945	-1.933600	-1.433387	1.996385	1.661453	-4.738690	-1.433592	6.071837	8.185632
7386	4	-7.116734	-1.261347	6.763880	7.327356	-1.402440	5.099989	1.169685	2.532462	4.456846	5.145209	1.160190	2.530440	-6.363747	-1.261229	1.930991	3.378419
7398	4	-10.119024	0.985874	4.694710	7.074164	-4.260119	1.172394	-1.414142	1.025033	3.574842	6.740070	-4.639180	0.862842	0.469867	6.711409	-4.563580	0.862842
7411	4	6.550380	7.347445	-2.702419	0.747321	-6.014935	0.875135	-0.889109	0.749285	-0.525526	0.875429	4.681786	5.386460	0.225788	0.881820	-0.889308	0.749283
7431	4	-5.675870	-0.276878	4.489661	6.310893	3.193517	5.113705	4.363587	6.309927	5.672905	5.113753	0.499717	1.545822	-3.205123	-0.276466	0.625882	1.687460
7433	4	2.308221	4.170183	4.719756	4.140432	2.772137	4.170439	0.636963	-0.925941	-2.618199	-1.760016	0.668119	-0.923956	-3.068923	-2.085074	4.774913	4.145568
7514	4	7.355800	4.038063	0.222940	-0.237010	-3.670589	-2.555298	0.254348	-0.222519	6.814580	4.036671	5.157579	5.504855	-4.215391	-2.574676	5.192018	5.506056
7536	4	-0.894811	5.767844	4.369813	6.052990	0.126701	5.861885	-1.548641	0.819853	6.301990	5.875163	-1.551422	0.819847	5.355542	5.875163	4.323290	6.022900
7539	4	5.692563	3.736721	5.143834	6.332570	-6.274039	-1.108430	5.143881	6.332570	-4.880774	-1.104842	-1.473569	0.110258	7.084985	3.741614	-1.473619	0.110249
7584	4	4.723947	6.142761	-1.765369	-1.330393	-5.975645	-0.287545	0.396790	-1.306909	-7.088501	-0.288509	5.837685	5.146190	3.537189	5.941702	3.811338	5.140995
7586	4	3.494375	5.413487	6.232665	6.710106	-4.108194	0.323851	6.513500	6.710129	6.225817	5.446613	0.714658	1.180596	-0.931707	0.514261	1.020472	1.181345
7599	4	-4.185727	-3.450513	6.061164	3.922810	-4.042747	-3.445549	1.235731	-1.250609	3.382545	2.373801	6.061162	3.922810	3.669681	2.420307	1.235729	-1.250609
7616	4	6.937620	7.385406	-0.970738	1.502015	-7.546082	1.834945	6.474738	7.810510	-2.786493	1.834945	1.131637	3.487792	2.534487	7.336781	4.643587	7.586605
7627	4	-3.864562	-2.282498	7.872344	6.529404	-2.112168	-0.907993	2.178651	1.530179	3.863314	2.078447	7.872115	6.529404	5.436747	2.200830	2.178301	1.529958
7667	4	5.369707	6.594349	-3.296619	-0.554306	-4.299783	1.543157	-1.173136	-0.386865	-4.480589	1.543157	4.117181	4.765902	1.394561	2.050340	4.117180	4.765902
7699	4	4.591387	4.016951	1.534765	0.058047	-5.786869	-1.321376	6.570006	6.028121	-4.287550	-1.321142	2.160793	1.017996	3.046040	3.944156	5.993138	6.028002
7740	4	4.511029	7.330461	-2.129175	-1.491554	-5.378225	0.945158	6.321504	5.039653	-4.824598	0.946189	0.105941	-1.478263	-2.120380	6.116993	4.930240	5.039626
7766	4	5.838366	7.001263	-1.744150	2.266874	-7.289899	2.316043	4.801515	7.385556	2.801521	6.973422	4.299545	7.383904	-4.028043	2.442308	-1.243158	2.267001
7789	4	-4.473867	0.668861	0.763596	3.245740	-7.683423	0.088223	6.988869	6.419968	5.500262	6.108226	-0.390234	2.354202	3.018836	5.514772	6.245544	6.305314
7822	4	4.080322	5.061612	7.690567	6.859639	-5.399101	-0.273388	7.779375	6.859643	-0.464241	-0.262047	1.158003	1.708556	6.260537	5.085416	1.064818	1.696084
7845	4	-7.205849	1.855675	-0.695569	0.712019	-9.610360	1.855641	4.657406	6.523347	4.121212	6.331015	-2.649917	0.712018	-1.269192	6.244139	-2.529845	0.712018
7911	4	5.234621	4.915347	7.033667	5.739662	-6.646540	-0.341202	7.232821	5.739666	6.973081	4.915347	0.967317	1.224593	-4.908091	-0.341202	1.211374	1.404550
7918	4	-5.117368	-0.703083	-0.877952	2.262543	6.354259	5.094136	-0.923759	2.261389	-5.424342	-0.703737	3.348159	4.893181	6.047302	5.094133	3.304253	4.893098
7929	4	6.501739	7.230999	-1.683374	0.802466	-6.215270	0.990343	2.023694	3.595109	-0.103704	2.198335	6.810556	5.215671	-6.517793	0.990343	6.810557	5.215671
7951	4	7.851141	6.249674	-0.099112	0.035234	-2.934230	1.963616	1.172337	0.038791	-4.871732	1.961993	7.277547	6.277439	5.913910	6.249452	6.006828	6.277360
7954	4	-7.728150	1.847687	5.861725	7.992425	6.355973	7.432070	-2.548345	3.898473	2.308836	6.117043	5.031531	7.960618	-3.528442	1.847691	1.211672	3.900115
7976	4	-1.032155	-0.560004	-0.317372	1.535351	-3.995088	-0.561171	5.568902	8.147359	7.168244	5.892170	-2.588073	1.532528	4.420056	5.891222	3.293360	7.908919
7998	4	-4.793559	0.085635	5.895965	7.348576	4.340189	5.862060	4.230186	7.348528	-4.792280	0.085636	-0.573967	2.693511	4.341548	5.862081	-2.240112	2.691368
8000	4	-5.440669	0.378262	5.727637	6.052865	-3.326003	0.378262	-0.574112	0.081442	6.073989	6.786238	-3.355489	0.046301	5.973787	6.786235	2.930904	4.635765
8028	4	6.084965	6.709427	-1.230709	-1.054368	-5.129948	0.559512	2.657772	0.682582	-7.624830	0.559512	6.807172	5.188373	0.551497	6.693878	-1.221296	-1.054368
8089	4	6.943118	6.555375	-1.229535	-0.587094	-4.123803	0.321229	0.232247	-0.586801	-5.621972	0.321229	6.337167	5.741341	5.456428	6.555372	4.873773	5.739052
8175	4	6.601183	6.614523	-0.758090	2.728312	-5.528348	0.537533	6.145534	6.754730	-2.980405	0.537780	0.513219	2.729160	4.113388	6.614511	4.873691	6.745366
8216	4	-6.660461	-0.256577	7.910937	6.374114	5.978572	5.603049	2.104779	0.786217	-5.594948	-0.252870	2.323841	1.146683	4.914039	5.594259	7.699688	6.374114
8267	4	1.656259	2.980229	6.601019	6.519027	4.461585	4.057493	0.337415	2.221612	-4.474070	0.482810	6.612974	6.519150	-1.662079	0.494447	0.503750	2.421677
8272	4	4.341294	5.149073	-0.132514	1.789593	-9.374302	-1.289154	5.713167	6.119516	-7.622858	-1.282710	0.644062	1.882282	2.508148	5.130949	4.943784	6.119401
8300	4	7.028267	5.423626	0.375126	1.896858	-2.067454	3.295962	1.945634	4.147370	1.987577	5.094509	4.357648	6.761134	-6.840668	1.686899	5.715114	7.035830
8325	4	-7.206756	0.848551	5.097568	6.701240	-5.141059	0.848688	-0.651115	1.677970	5.388172	6.304533	-2.519113	1.582159	5.206929	6.304533	3.177867	5.157379
8351	4	-9.833584	0.470211	6.794534	8.629238	-7.382675	0.470211	1.946723	3.168566	1.769425	5.645375	6.169164	8.628296	4.454348	6.285172	-0.946240	3.131797
8384	4	5.920192	6.639676	6.027167	5.309354	-1.373642	3.381142	1.547183	-0.744718	-1.703740	3.374966	7.324650	5.312546	6.214409	6.639677	0.250940	-0.915172
8450	4	3.073460	5.763015	5.993106	6.501265	-1.206732	-0.383890	-0.022705	1.311339	-4.374941	-0.394811	6.217301	6.522177	6.228354	5.858642	-0.364558	1.225259
8458	4	7.910777	5.262641	-1.320503	1.009970	6.807502	5.260467	4.953400	5.926541	-3.431708	-0.859769	0.335534	1.440915	-4.623763	-0.888125	6.649918	6.092642
8461	4	6.728234	5.969956	-1.023084	-0.331294	-4.718433	1.279606	0.362189	-0.331281	-5.465590	0.816066	6.826048	5.724319	-0.164554	4.664238	6.342217	5.724177
8527	4	7.721208	6.935676	2.932698	4.252096	-2.426781	2.426410	4.454607	4.292741	7.848561	6.935681	0.042413	-1.195871	-2.222276	2.738696	1.352901	2.589429
8534	4	-2.531449	-0.544583	-1.570314	0.702221	6.478099	5.628001	-2.746465	0.679705	-3.609618	-0.547631	4.343131	5.954457	5.637411	5.626517	2.897436	5.708158
8542	4	5.965039	3.647444	1.955163	2.283242	-7.430988	-1.848518	8.578520	6.339405	-4.699075	-1.848512	1.992974	2.332815	3.192676	3.642851	8.542021	6.339231
8549	4	-6.962167	2.150072	6.200669	6.169289	-5.862357	2.150361	0.325184	0.117710	6.273639	6.940328	-0.793313	-0.026365	5.171785	6.914815	5.105494	6.169287
8561	4	-2.000136	2.453011	1.595141	1.916501	7.381416	6.302755	0.089844	0.033702	3.693791	6.066000	6.132848	6.358301	-6.502465	2.415546	7.038469	6.360926
8594	4	2.695162	7.943245	5.411352	5.642032	-5.096448	3.071378	2.927839	0.846515	4.518511	8.140002	-0.377624	-0.552769	-6.797743	3.066099	8.695230	5.653294
8682	4	3.534347	4.535659	1.217720	1.748423	-1.123884	-0.327153	1.257795	1.766567	3.436297	4.534871	6.430754	4.920117	-1.190297	-0.336447	6.473851	4.922073
8696	4	-7.830230	-1.278782	0.744903	-0.769366	2.757889	4.755168	4.424009	0.810363	2.758461	4.755266	0.209090	-1.161462	-7.830944	-1.278783	5.517065	0.949546
8727	4	-5.192493	2.431776	2.789756	3.032513	7.302171	7.405018	0.640309	0.093632	-8.718646	2.422894	7.585866	6.417465	3.653328	7.373149	5.428799	6.356229
8776	4	5.944575	5.684741	4.757575	4.433905	-5.351032	0.072306	0.160069	-1.515613	-5.361432	0.067885	6.577876	4.722687	5.948632	5.684919	-1.659342	-1.548102
8845	4	-5.719061	3.439991	-0.070039	2.768928	-12.176847	3.439991	4.141012	7.183440	3.789361	5.498705	-2.886442	2.757147	0.290087	3.480620	-0.082931	2.768516
8848	4	-4.633414	0.537145	6.660304	6.554711	-2.134896	1.514804	0.615088	3.898124	5.586835	4.955952	6.526548	6.554332	6.715790	5.015906	0.421305	3.587108
8886	4	-4.741008	0.850344	7.335013	6.494850	5.323384	5.913297	0.630773	0.170377	3.651770	5.823848	6.304838	6.494412	-3.090046	0.899521	1.706445	0.212022
8910	4	-7.693857	-0.622414	6.154202	6.669189	5.922638	5.987602	-0.870939	0.513583	-5.266266	-0.622414	0.934071	0.536619	3.385604	5.905586	4.558782	6.647736
8977	4	6.371960	4.769398	0.815992	0.237974	5.039157	4.769398	4.484217	6.573014	-5.876783	-1.797180	4.667087	6.631722	-4.507329	-1.737878	0.990045	0.264640
8998	4	-6.784679	-1.845258	7.040654	6.920241	5.051818	4.679673	0.820053	2.977957	2.855337	4.597019	6.886372	6.920234	-4.613850	-1.845258	1.011243	2.977980
9040	4	-3.007248	1.489505	-0.449036	3.142436	5.280360	6.456740	-3.591190	3.142114	-0.307301	5.765332	-3.154798	3.142115	-3.567266	1.308347	5.390744	5.613794
9084	4	5.246401	4.850803	1.227203	2.273535	-5.664326	-1.299673	1.330453	2.334493	-6.237532	-1.299695	5.395978	5.392904	4.672736	4.849294	5.312336	5.379657
9144	4	-8.289326	1.895273	7.561349	5.727635	-3.561689	1.929332	2.023473	-0.283137	8.674183	7.321537	-0.415753	-0.903988	3.965052	7.250785	5.123851	5.722062
9291	4	-3.500208	-0.442954	-0.051802	0.471584	0.799504	5.697438	-0.945078	0.463645	-7.611648	-0.445069	4.281123	7.008248	5.520789	5.720413	-0.955539	0.463637
9329	4	2.611412	6.908055	3.599788	7.684697	7.615729	7.054059	-0.483142	1.387734	-9.512154	1.769280	4.875755	7.821348	-4.326947	1.769282	0.923799	1.954784
9340	4	-5.319829	1.013867	2.082634	0.838948	7.212412	6.182200	0.517030	0.564404	3.350939	6.113814	6.876101	6.269864	-9.162400	1.013867	8.274197	6.270427
9362	4	-9.209172	0.495489	5.489009	8.303354	-5.355810	0.503438	1.214787	3.998840	2.578976	4.897027	5.322560	8.279365	6.563185	4.982660	0.881784	3.530005
9384	4	5.014503	6.969115	2.112758	6.391647	-5.807913	1.410930	4.591398	6.399438	-4.308138	2.148702	-1.438510	0.426738	6.504390	7.033178	-4.057856	0.351601
9464	4	-1.916680	2.155650	1.745827	0.580693	-3.719957	0.955363	7.085074	4.722932	5.282762	6.048925	1.125472	-0.392245	4.313455	5.896331	6.735359	4.722376
9469	4	0.804948	2.838301	4.483470	6.672655	6.807645	6.155996	-3.575107	0.387189	-4.163726	1.949418	4.483480	6.672655	-3.775299	1.949418	-1.054875	0.387195
9504	4	6.536825	6.938810	-1.948336	-1.214243	5.844803	6.938496	3.528153	4.441846	-5.592942	2.794606	6.776573	4.540303	-4.868219	2.794619	1.288011	-1.121971
9607	4	5.220949	7.061321	1.308175	5.011351	0.578091	5.922318	4.162042	6.513180	-4.216778	1.229621	6.069325	6.513317	6.090621	7.063312	-4.556112	0.316816
9612	4	-4.179754	-0.379607	7.246810	6.561203	8.387580	5.586496	0.199653	1.873997	6.649565	5.586496	6.785577	6.558644	-2.433827	-0.379607	0.662016	1.895559
9619	4	-6.092196	1.721794	5.873794	6.552584	-1.650874	6.969205	-2.480360	1.720408	4.823156	8.051463	-2.480373	1.720408	3.712343	8.050707	3.534529	6.409416
9625	4	-3.399788	0.541984	0.784082	-0.873948	4.189736	5.302014	0.742471	-0.877715	-3.478378	0.484071	7.373312	3.964072	4.112471	5.301723	7.331760	3.963949
9695	4	-3.796228	0.955700	6.401961	4.320515	-3.535258	0.955700	0.656346	-1.358845	5.099840	7.014152	4.263774	4.251194	5.328609	7.014237	-1.491296	-1.364212
9721	4	4.621133	3.150220	5.255127	4.466306	-1.009525	-2.453511	1.527468	-0.896372	5.028538	3.150224	1.524648	-0.896952	-1.429785	-2.454670	5.257731	4.466336
9737	4	-6.960003	1.269825	8.280484	7.269776	5.797770	5.869015	0.811796	0.745341	0.927086	1.362246	1.713100	1.247950	-3.078852	1.269825	1.713408	1.248342
9774	4	1.219871	4.828167	5.321846	4.845761	-8.280475	-1.615868	5.333505	4.845761	-7.209450	-1.615832	-1.186875	1.404840	2.369016	4.930577	-1.203471	1.404840
9783	4	-7.159975	0.428678	6.379191	6.776731	-3.379441	0.428683	1.247890	1.356838	7.584532	6.466565	0.475480	1.337421	3.805602	6.466562	5.606776	6.776677
9830	4	3.095099	4.600954	4.130483	4.986965	-2.154034	-1.749834	0.938930	0.539614	-4.869581	-1.751460	4.353520	5.048123	5.936697	4.650520	0.611061	0.361464
9871	4	-2.508035	-1.443375	0.252558	-1.289155	-2.516038	-1.443376	4.564748	3.790398	6.461320	4.490174	0.066216	-1.458787	6.453514	4.490174	4.360662	3.781424
9896	4	-1.525649	6.625028	-1.983674	0.241119	-2.460333	6.566626	1.837397	6.253206	4.581599	8.091300	-2.119416	0.238447	4.076839	8.084851	1.649931	6.013643
9968	4	-0.814679	-0.189223	1.647439	0.201181	5.727499	6.264020	4.794695	5.597914	-1.352441	-0.266400	5.674516	5.598162	6.258750	6.264021	0.768349	-0.694453
9993	4	5.055580	5.757119	7.112111	4.804469	-6.995888	-0.409683	1.125980	-1.090404	-7.560446	-0.409684	7.169283	4.804478	5.621059	5.758526	1.068505	-1.090811
9998	4	-6.039042	-1.683814	6.557840	4.559824	-5.271758	-1.683814	0.744454	-0.382027	2.791809	4.838126	5.312486	4.465843	3.490667	4.838642	-0.520315	-1.456665
